xt,yt,i
-0.099254938069357,0.0972115339756076,6
-0.0714807967611025,0.0929955830352247,6
-0.046033744537026,0.0810557837169931,6
-0.0250087668435513,0.0623695019919866,6
-0.0101425453331772,0.0384664907413467,6
-0.00365135386780657,0.0175644100033625,6
-0.00189987608370698,-7.71354855380237e-05,6
-0.00335438321585942,-0.0177515705968979,6
-0.00796948108858612,-0.0348820294500272,6
-0.0155951756806928,-0.0509079094809137,6
-0.0259836268076849,-0.0653045666492429,6
-0.038797464129341,-0.0776004810498549,6
-0.0641259313411298,-0.0922797086719292,6
-0.0926728719712628,-0.0988693608830881,6
-0.121907257808707,-0.0967708820511276,6
-0.149238152564401,-0.08616215232321,6
-0.172246991050951,-0.0679762473047041,6
-0.188895824581068,-0.0438161489164233,6
-0.197913507375377,-0.0144486347017821,6
-0.197462944403205,0.0162795802910225,6
-0.190713243719164,0.0388430231647432,6
-0.178811779128085,0.0591795609094347,6
-0.162436948496274,0.0761298517017699,6
-0.142514504746592,0.0887309447835294,6
-0.120169694760194,0.0962652778089574,6
-0.0966681532968687,0.0983014759134894,6
-0.0689634497087271,0.0933804677981447,6
-0.043751149753206,0.0808588029142898,6
-0.0230655431691719,0.0617435257255351,6
-0.00858032043685423,0.037570975206423,6
-0.00230611876425269,0.0161561389954945,6
-0.00084640781360127,-0.00227163316758806,6
-0.00283420438835126,-0.0206544198021823,6
-0.00820219842366248,-0.0383538877447971,6
-0.0167641958087263,-0.0547540252992137,6
-0.0282234559606427,-0.0692839144131548,6
-0.0421832916130883,-0.0814375815341571,6
-0.0688327569508607,-0.0950495169952893,6
-0.0983422219721269,-0.100125111466307,6
-0.122640764389085,-0.0975813403270022,6
-0.145588230078332,-0.0891860552248612,6
-0.165805212933552,-0.0754458600981759,6
-0.182070784919448,-0.057185710048867,6
-0.193398416226653,-0.0355045345334767,6
-0.19910031406287,-0.011709331066537,6
-0.197664628016112,0.0196152221870276,6
-0.190217550465486,0.0419175905240275,6
-0.177746372583649,0.0618639667566347,6
-0.160947648883601,0.0783389647591473,6
-0.140754888167973,0.0904245505026331,6
-0.118287791635089,0.0974465297914841,6
-0.0947941539135996,0.0990112007960878,6
-0.0672119669724316,0.0936143986947985,6
-0.0422193388259809,0.0807365104002701,6
-0.0217960747500794,0.0613957033666605,6
-0.00756411094381536,0.0371194374100313,6
-0.00139295572406178,0.0153109557733993,6
-0.000292957540619227,-0.00733097607453255,6
-0.00307060498231239,-0.0250871738462285,6
-0.00898489814826188,-0.0420618591713357,6
-0.017845578487721,-0.0577065956227605,6
-0.0293670387977057,-0.0715147472915099,6
-0.043177573133291,-0.0830387103059606,6
-0.0588314746595531,-0.0919048392653632,6
-0.0887689535738733,-0.100191344380559,6
-0.119821415395416,-0.0989183955755414,6
-0.148994925323983,-0.0881954481705035,6
-0.173478919265092,-0.0690501220918319,6
-0.190920600150534,-0.0433225112576929,6
-0.199644004109891,-0.0134842669143009,6
-0.198458494343733,0.0194131450985972,6
-0.190977215408551,0.0419904364655984,6
-0.178391532764368,0.0621812304492827,6
-0.161413719736873,0.078847934428507,6
-0.14099392565501,0.0910562117763197,6
-0.118272918827666,0.0981204480681452,6
-0.0945237664736743,0.0996426321332875,6
-0.0666296501298454,0.0940746974133381,6
-0.0414105015078145,0.0809073663412618,6
-0.0208852673571393,0.0611957537405402,6
-0.00670068428078334,0.0365159152939862,6
-0.000692695395607356,0.0144719674641872,6
0.000182750135932926,-0.00836003133941421,6
-0.0025703348577389,-0.0252981642922386,6
-0.00816624478205853,-0.0415218983139745,6
-0.0164421460275614,-0.0565588197277259,6
-0.0271569011009698,-0.0699699248126632,6
-0.0399982132558414,-0.0813634068073878,6
-0.054591915861901,-0.0904065419669202,6
-0.0840221877933004,-0.100003654655672,6
-0.114987467893442,-0.100212688106534,6
-0.139644146202915,-0.0932349294851301,6
-0.161735143757015,-0.0802528225577119,6
-0.179834559874022,-0.0621108731016389,6
-0.192769619972424,-0.0399834721218339,6
-0.199698244943091,-0.0153043051052013,6
-0.200168566986606,0.0103260660618486,6
-0.193368686519289,0.0372278941375089,6
-0.179481513489595,0.0612505491919906,6
-0.159560669112077,0.0805695584329617,6
-0.135119507425024,0.0937159591044698,6
-0.108015863059271,0.0996895474045701,6
-0.0803097995755187,0.0980354758243219,6
-0.0541069546479446,0.0888786324578148,6
-0.0311704712129464,0.0727111064069744,6
-0.0135795567512884,0.0508482166588355,6
-0.0027033745586264,0.0249845553269585,6
0.000610743649002638,-0.002871782991393,6
3.00492013814283e-05,-0.0117046106971341,6
-0.00132484366480458,-0.020451874927658,6
-0.00344296476638435,-0.0290463310263015,6
-0.00630800955032194,-0.0374214022976216,6
-0.00989796596411622,-0.0455120346095892,6
-0.014185035462356,-0.0532555858635885,6
-0.0191359530824285,-0.0605922797788015,6
-0.0374795357623195,-0.0795483111902956,6
-0.0601202130076898,-0.0930940092725662,6
-0.0855014465347133,-0.100296028096661,6
-0.111877330501727,-0.100658131710166,6
-0.137436790509952,-0.0941571278313778,6
-0.160427070000671,-0.0812413718133736,6
-0.181322106829204,-0.0600773190273079,6
-0.195109630607789,-0.0337276046168932,6
-0.200588719399987,-0.00449752762166297,6
-0.197283744152715,0.0250583865437216,6
-0.185483507419219,0.0523573572297694,6
-0.16621877385316,0.0750134543475788,6
-0.141173054696478,0.0910476067736261,6
-0.10802804746322,0.0995156275857986,6
-0.0739561502321498,0.0963852868922734,6
-0.0428970250453293,0.0820197660253067,6
-0.0184406310224467,0.0580791873454305,6
-0.00341450550502763,0.0273274781335848,6
0.00060094010590619,-0.000148313110564609,6
0.000281567836822363,-0.0088279641992716,6
-0.000785617800785349,-0.0174481434560719,6
-0.00259226797392276,-0.0259450217307893,6
-0.00512512598840924,-0.0342550980290298,6
-0.0083656085368343,-0.0423161286897472,6
-0.0122896752073282,-0.0500679699062895,6
-0.0168680966319891,-0.0574529409002342,6
-0.0339980143649588,-0.0767287371167361,6
-0.0554693147153646,-0.0910309237663699,6
-0.0798741436503838,-0.099415973863433,6
-0.105610525449987,-0.101329144684297,6
-0.130990921423874,-0.0966429948918607,6
-0.154352247402349,-0.0856633665136283,6
-0.17694023988565,-0.0659663175256145,6
-0.192736352604845,-0.0404904112096607,6
-0.200343567710866,-0.0114872238593446,6
-0.199087038358598,0.0184803919307649,6
-0.189072746847802,0.0467624170353461,6
-0.171181371034342,0.0708562202562108,6
-0.146990928363507,0.0886295989863877,6
-0.114119980349514,0.0992472104064712,6
-0.0795768594936566,0.098162830245147,6
-0.0474035924198884,0.0854970990451283,6
-0.0213658960010532,0.0627242786596809,6
-0.00451468041048406,0.0324989478397576,6
0.00117040314808803,-0.0016509283021683,6
0.000702186905421033,-0.0106496619653274,6
-0.000565467085268748,-0.019571912224358,6
-0.00262188757209356,-0.028348198789635,6
-0.00545126080379251,-0.036908567581286,6
-0.00903170489108343,-0.0451842946495742,6
-0.0133350461338061,-0.0531095193265598,6
-0.0183272863406466,-0.0606216194862509,6
-0.0372876883221254,-0.0803179839562376,6
-0.0608384111031193,-0.0942451919725138,6
-0.0872685709387673,-0.101379850553216,6
-0.114653512940112,-0.101192589518032,6
-0.141000519052186,-0.093690860359459,6
-0.164393475268936,-0.0794151922047723,6
-0.1845872505951,-0.0572734962247587,6
-0.197447099827332,-0.0301869726106304,6
-0.201848743612977,-0.000508921751349027,6
-0.197401285085559,0.0291805236112557,6
-0.184481967815464,0.0562971439243966,6
-0.164206778659157,0.0784791632383381,6
-0.138332020317019,0.0937939807376839,6
-0.104784668308898,0.10119927385875,6
-0.0706548640429853,0.0970468805101114,6
-0.0398137520056523,0.0817943121010014,6
-0.0157622033968543,0.0571582997447124,6
-0.0012350432392016,0.0259185933041603,6
0.00235801065459574,-0.00232030603874753,6
0.00175921733866638,-0.0121052883583523,6
0.000226545547019787,-0.0217902099569779,6
-0.00222579410449315,-0.0312867840008021,6
-0.0055758487237968,-0.0405076324159975,6
-0.00979352560286777,-0.0493676829128874,6
-0.0148405788568862,-0.0577854702192854,6
-0.0206710523596742,-0.0656837734812047,6
-0.0398880551016489,-0.0838670475680828,6
-0.0631335667242654,-0.0965469143925037,6
-0.0888647659780805,-0.102868994211455,6
-0.115370451810318,-0.102402599314506,6
-0.140888619426302,-0.0951711879245183,6
-0.163722592347261,-0.0816484594014697,6
-0.184672342004303,-0.0595261061377663,6
-0.198234976938782,-0.0322196849870669,6
-0.203211418640769,-0.00211656832230869,6
-0.199152017284881,0.0281457062955687,6
-0.186401640897841,0.0559100166176638,6
-0.16607272859525,0.0787390029901826,6
-0.139941200066088,0.0946307944832618,6
-0.106333269380523,0.10250859670048,6
-0.0719782545496001,0.0988850722410255,6
-0.0407051479603933,0.0841487306494445,6
-0.016002740076074,0.0599289952907519,6
-0.000630400678526342,0.0289114462113415,6
0.00368700217231933,-0.00545989612222397,6
0.00259878140706027,-0.0166207086059655,6
0.00031168520843101,-0.0276011958303577,6
-0.00314708145669739,-0.0382748311788469,6
-0.00773805902508097,-0.0485165986368564,6
-0.0134086570780968,-0.0582057367258978,6
-0.0200932650034719,-0.0672286164171544,6
-0.0277143242239225,-0.0754799798550044,6
-0.050054161173152,-0.0920157958680741,6
-0.0759954663580069,-0.102063862460304,6
-0.103689814584485,-0.104893551106944,6
-0.131159804792168,-0.100290874001295,6
-0.15644507782026,-0.0885756948046836,6
-0.177740861750872,-0.0705759156296238,6
-0.194767043649387,-0.045002354103748,6
-0.203615606722843,-0.015556432305702,6
-0.203503971848695,0.0152125610151667,6
-0.19443019501919,0.0446328082714436,6
-0.177178359050394,0.0701502974737046,6
-0.153242134726996,0.089556608853852,6
-0.12468596824127,0.101172327572012,6
-0.0906738749275507,0.103743763649996,6
-0.057614764406701,0.0952582021988585,6
-0.0290098924429307,0.0766037436321169,6
-0.00788787378999922,0.0497472576128742,6
0.00351250367496711,0.0175196530088438,6
0.00474027381150642,-0.0102089317487035,6
0.000289353736499043,-0.0325404126501563,6
-0.00886815392891622,-0.0533990943340814,6
-0.0223057265608673,-0.0718073200967855,6
-0.039396890161785,-0.0868995263343791,6
-0.0593435501670007,-0.0979644292190765,6
-0.0812131288303754,-0.104479724623145,6
-0.10398218201078,-0.106136465537818,6
-0.137583636469583,-0.0993620759743913,6
-0.167251244991414,-0.0821676422170503,6
-0.170413388934054,-0.0794595413848759,6
