freqs,specs
0,4.30130299194467e-08
0.00359045799882233,2.78218254992777e-08
0.00718091599764466,4.45489827756132e-08
0.010771373996467,4.23602908206814e-08
0.0143618319952893,2.82967661316432e-08
0.0179522899941117,1.35306260366187e-08
0.021542747992934,4.07989048328191e-08
0.0251332059917563,4.04738050236304e-08
0.0287236639905786,2.62707454377255e-08
0.032314121989401,2.54713967797132e-08
0.0359045799882233,3.95868973991806e-08
0.0394950379870456,3.15787320367763e-08
0.043085495985868,5.87257966529438e-08
0.0466759539846903,4.46639302636491e-08
0.0502664119835126,1.97180549738555e-08
0.053856869982335,1.88349416299588e-08
0.0574473279811573,1.42740366040099e-09
0.0610377859799796,6.28629310743104e-08
0.0646282439788019,4.53128447594668e-08
0.0682187019776243,2.65296175144401e-08
0.0718091599764466,1.74462293185936e-08
0.0753996179752689,1.07365963090725e-08
0.0789900759740913,2.54846330952044e-08
0.0825805339729136,1.15422646278013e-08
0.0861709919717359,7.50454075347514e-08
0.0897614499705583,3.22630102088499e-08
0.0933519079693806,3.75410670341795e-08
0.0969423659682029,3.87967632088556e-08
0.100532823967025,4.92739669623041e-08
0.104123281965848,7.08148169839728e-08
0.10771373996467,3.88615631217691e-08
0.111304197963492,3.77231962501266e-08
0.114894655962315,4.74930926327459e-08
0.118485113961137,3.59296701439091e-08
0.122075571959959,4.94582586084271e-08
0.125666029958782,2.90088721153455e-08
0.129256487957604,3.59903641085231e-08
0.132846945956426,7.36645159806562e-08
0.136437403955249,5.29241077777748e-08
0.140027861954071,4.98864556954716e-08
0.143618319952893,7.35993225572337e-08
0.147208777951716,3.40503923506574e-08
0.150799235950538,3.5626826878969e-08
0.15438969394936,4.575194630962e-08
0.157980151948183,7.39233434512424e-08
0.161570609947005,5.81538075722211e-08
0.165161067945827,8.63992220965235e-08
0.16875152594465,1.09564720946802e-07
0.172341983943472,8.57165016962804e-08
0.175932441942294,1.30843635341353e-07
0.179522899941117,9.36922425009307e-08
0.183113357939939,1.41801509401997e-07
0.186703815938761,1.69662222498564e-07
0.190294273937583,2.7212642775782e-07
0.193884731936406,4.21320065209329e-07
0.197475189935228,2.17957832208013e-06
0.20106564793405,1.20695096694425e-06
0.204656105932873,1.17390306790786e-06
0.208246563931695,4.07207408552028e-07
0.211837021930517,2.78957106942326e-07
0.21542747992934,2.02023405641196e-07
0.219017937928162,1.14550147725945e-07
0.222608395926984,1.26345390384971e-07
0.226198853925807,6.98276317673269e-08
0.229789311924629,1.11792375378083e-07
0.233379769923451,9.42047452980514e-08
0.236970227922274,4.88724314432963e-08
0.240560685921096,6.21114512602382e-08
0.244151143919918,6.23805529104463e-08
0.247741601918741,7.57224228568018e-08
0.251332059917563,1.54159440728984e-08
0.254922517916385,3.70666394438023e-08
0.258512975915208,4.73328292200208e-08
0.26210343391403,1.9932655947421e-08
0.265693891912852,4.16834114818409e-08
0.269284349911675,3.66154640828644e-08
0.272874807910497,3.71999257138097e-08
0.276465265909319,2.3541660946078e-08
0.280055723908142,4.97754944035409e-08
0.283646181906964,4.96030518815365e-08
0.287236639905786,2.72748580070545e-08
0.290827097904609,2.36935395297831e-08
0.294417555903431,3.86334213297581e-08
0.298008013902253,3.31096200346374e-08
0.301598471901076,4.1687040114058e-08
0.305188929899898,2.65453927269816e-08
0.30877938789872,1.55904179490964e-08
0.312369845897543,2.67224219325473e-08
0.315960303896365,5.38792412054473e-08
0.319550761895187,5.69464186009653e-08
0.32314121989401,1.48106144141055e-08
0.326731677892832,2.60146801860855e-08
0.330322135891654,2.41945018447065e-08
0.333912593890477,2.26852462781433e-08
0.337503051889299,3.39944314608301e-08
0.341093509888121,5.18032796999881e-08
0.344683967886944,4.11183460651478e-08
0.348274425885766,1.82494593341208e-08
0.351864883884588,3.4214838199886e-08
0.355455341883411,3.02111852094175e-08
0.359045799882233,1.60334394445463e-08
0.362636257881055,2.37735256125118e-09
0.366226715879878,2.47771916446176e-08
0.3698171738787,1.30089126615014e-08
0.373407631877522,3.87229099409003e-08
0.376998089876345,2.90728973234815e-08
0.380588547875167,4.307126471654e-08
0.384179005873989,2.6501911227364e-08
0.387769463872812,1.66919087205e-08
0.391359921871634,2.21497416423578e-08
0.394950379870456,2.05121017602111e-08
0.398540837869279,2.23803547756231e-08
0.402131295868101,2.68035748872329e-08
0.405721753866923,2.62460604332377e-08
0.409312211865746,2.26823231472883e-08
0.412902669864568,2.95551390775781e-08
0.41649312786339,1.74430635766434e-08
0.420083585862213,3.81417122731448e-08
0.423674043861035,2.36570540632072e-08
0.427264501859857,6.9083645631704e-09
0.43085495985868,1.41747960030188e-08
0.434445417857502,1.08393206752986e-08
0.438035875856324,3.40171809493563e-08
0.441626333855147,5.05685777195727e-09
0.445216791853969,3.14471474177136e-08
0.448807249852791,5.35941483183907e-09
0.452397707851614,1.17179574349639e-08
0.455988165850436,1.31354325924387e-08
0.459578623849258,8.98563014303927e-09
0.463169081848081,2.56005427999278e-08
0.466759539846903,1.62473983865013e-08
0.470349997845725,7.71760749977564e-09
0.473940455844548,8.48795480677595e-09
0.47753091384337,1.44164536884409e-08
0.481121371842192,7.54509320048466e-09
0.484711829841015,5.16816412980429e-09
0.488302287839837,2.48521515139991e-08
0.491892745838659,2.46996587504137e-08
0.495483203837482,2.41401199286624e-08
0.499073661836304,1.40514134745764e-08
0.502664119835126,1.08947835258284e-08
0.506254577833949,8.66948521026785e-09
0.509845035832771,1.04657125195352e-08
0.513435493831593,1.37549103412889e-09
0.517025951830416,6.31200835218327e-09
0.520616409829238,1.02487692320767e-08
0.52420686782806,1.92276173120958e-08
0.527797325826883,3.42960271821636e-08
0.531387783825705,3.7486118512814e-08
0.534978241824527,1.79974940399686e-08
0.53856869982335,1.23286984187703e-08
0.542159157822172,2.10848241355556e-08
0.545749615820994,4.75240661140309e-08
0.549340073819817,1.94413004483366e-08
0.552930531818639,3.36823156287661e-08
0.556520989817461,1.2028635331804e-08
0.560111447816284,1.63521531380596e-08
0.563701905815106,2.50137225203505e-08
0.567292363813928,2.17475685323384e-08
0.57088282181275,3.35811270203853e-08
0.574473279811573,2.66784994168797e-08
0.578063737810395,2.43162384292915e-08
0.581654195809218,2.05514108335719e-08
0.58524465380804,2.54156604422767e-08
0.588835111806862,3.62563413389221e-08
0.592425569805685,4.34293120355464e-08
0.596016027804507,2.89252601619629e-08
0.599606485803329,2.41365161699441e-07
0.603196943802151,2.31037077717332e-07
0.606787401800974,1.20526222859364e-08
0.610377859799796,2.83929404884704e-08
0.613968317798618,9.7009998554702e-09
0.617558775797441,1.19544497415303e-08
0.621149233796263,1.06528507653606e-08
0.624739691795085,7.44608157653343e-09
0.628330149793908,7.89271925104682e-09
0.63192060779273,1.70933415846426e-08
0.635511065791552,3.13944649969734e-08
0.639101523790375,3.29839760457902e-08
0.642691981789197,1.71949202834462e-08
0.646282439788019,3.9123507647059e-08
0.649872897786842,1.9836375690736e-08
0.653463355785664,1.28180661427337e-08
0.657053813784486,2.79565681446265e-08
0.660644271783309,1.68884155909631e-08
0.664234729782131,1.30504176375052e-08
0.667825187780953,1.55479159048262e-08
0.671415645779776,2.35512418139611e-08
0.675006103778598,1.25365849081347e-08
0.67859656177742,6.21422385891678e-09
0.682187019776243,4.14097866440218e-09
0.685777477775065,1.73206124415402e-08
0.689367935773887,7.39745525186128e-09
0.69295839377271,2.55667266375016e-08
0.696548851771532,3.92152967333506e-08
0.700139309770354,2.48327264234935e-08
0.703729767769177,2.02311815804025e-09
0.707320225767999,3.32050357790875e-08
0.710910683766821,3.22351564779598e-08
0.714501141765644,1.00229097352793e-08
0.718091599764466,2.92458911574011e-08
0.721682057763288,1.99696252556718e-09
0.725272515762111,3.28545891321678e-08
0.728862973760933,1.21391049201805e-08
0.732453431759755,1.43351628500762e-08
0.736043889758578,1.27775679584568e-08
0.7396343477574,9.01654862300916e-09
0.743224805756222,2.0564723928753e-08
0.746815263755045,3.44150986645374e-09
0.750405721753867,1.98233154337606e-08
0.753996179752689,1.65927812012775e-08
0.757586637751512,2.23864647600089e-08
0.761177095750334,2.59339674019433e-08
0.764767553749156,2.5426113274378e-08
0.768358011747979,7.0864259678524e-09
0.771948469746801,3.13512515388764e-08
0.775538927745623,3.05974279996517e-08
0.779129385744446,4.22739258294054e-08
0.782719843743268,1.5645593693889e-08
0.78631030174209,2.1196393612083e-08
0.789900759740913,1.14405485919612e-08
0.793491217739735,3.39488095276145e-08
0.797081675738557,2.10091851788696e-08
0.80067213373738,4.65926723198873e-08
0.804262591736202,3.5252540319596e-08
0.807853049735024,8.91862333367336e-09
0.811443507733847,1.23676999496178e-08
0.815033965732669,3.10742898350662e-08
0.818624423731491,4.14841154277306e-08
0.822214881730314,4.82464343562322e-08
0.825805339729136,2.95611001766428e-08
0.829395797727958,2.12690950634127e-08
0.832986255726781,2.33937851918619e-08
0.836576713725603,1.03573209583018e-08
0.840167171724425,1.89123164125352e-08
0.843757629723248,2.69133194539914e-08
0.84734808772207,3.83325121449932e-08
0.850938545720892,1.70777240127273e-08
0.854529003719715,2.92982472470478e-08
0.858119461718537,1.79522834664549e-08
0.861709919717359,2.00321231500409e-08
0.865300377716182,1.23417860765411e-08
0.868890835715004,4.27955052152604e-08
0.872481293713826,3.71734243402074e-08
0.876071751712649,7.28531961651955e-08
0.879662209711471,2.85429087278733e-08
0.883252667710293,1.4438429320562e-08
0.886843125709115,6.15088192100781e-08
0.890433583707938,2.68021212743442e-08
0.89402404170676,3.89835502301392e-08
0.897614499705583,2.73907161707049e-08
0.901204957704405,7.85575974695775e-09
0.904795415703227,4.40043936721172e-08
0.90838587370205,2.09750760962241e-08
0.911976331700872,4.70882760345126e-08
0.915566789699694,3.72755512936064e-08
0.919157247698516,4.71317419824073e-08
0.922747705697339,3.94842677232911e-08
0.926338163696161,4.21445359333081e-08
0.929928621694984,2.37784237754289e-08
0.933519079693806,3.65502992466713e-08
0.937109537692628,2.89976843326937e-09
0.940699995691451,4.3423685721365e-08
0.944290453690273,4.12716430616597e-08
0.947880911689095,4.53744744955904e-08
0.951471369687917,9.30702157341126e-09
0.95506182768674,3.6633289789874e-08
0.958652285685562,1.89248838473219e-08
0.962242743684384,3.53615018178146e-08
0.965833201683207,2.49104442397738e-08
0.969423659682029,2.96679167160386e-08
0.973014117680852,5.97070454043209e-08
0.976604575679674,1.98506069684879e-08
0.980195033678496,7.87761810793276e-08
0.983785491677318,6.41101107358453e-08
0.987375949676141,4.86384041969773e-08
0.990966407674963,9.02130135563795e-08
0.994556865673785,2.30055865186285e-07
0.998147323672608,4.77623834213026e-07
1.00173778167143,5.11285139889381e-07
1.00532823967025,1.87306469139519e-07
1.00891869766907,9.65114177416297e-08
1.0125091556679,6.93051502115955e-08
1.01609961366672,6.08133744198943e-08
1.01969007166554,8.42435671602664e-08
1.02328052966436,1.83359183524154e-08
1.02687098766319,6.70277339512584e-08
1.03046144566201,2.81672342979861e-08
1.03405190366083,1.43700850236988e-08
1.03764236165965,3.15296807820952e-08
1.04123281965848,2.42539914716984e-08
1.0448232776573,4.90002367347742e-08
1.04841373565612,3.46064519331183e-09
1.05200419365494,5.73088791389675e-08
1.05559465165377,2.70414056793537e-08
1.05918510965259,8.066441116541e-08
1.06277556765141,2.75012905044121e-08
1.06636602565023,3.67615863042318e-08
1.06995648364905,2.25245343917825e-08
1.07354694164788,1.62996788120162e-08
1.0771373996467,3.93520961887318e-08
1.08072785764552,5.68170231496583e-08
1.08431831564434,5.12300276885838e-08
1.08790877364317,4.50406365083098e-08
1.09149923164199,1.17360280281053e-08
1.09508968964081,2.66054292351423e-08
1.09868014763963,2.09352976557649e-08
1.10227060563846,8.75929388165847e-09
1.10586106363728,1.53687447134615e-08
1.1094515216361,3.72244029181707e-08
1.11304197963492,5.75817677342263e-08
1.11663243763374,3.05287658827636e-08
1.12022289563257,2.39990609711366e-08
1.12381335363139,6.78659838869803e-08
1.12740381163021,5.23143323685587e-08
1.13099426962903,4.21246197205086e-08
1.13458472762786,1.49243235140001e-08
1.13817518562668,3.65052946346058e-08
1.1417656436255,1.83187667741813e-08
1.14535610162432,4.56195208295524e-08
1.14894655962315,2.82696830437136e-08
1.15253701762197,2.92317342341202e-08
1.15612747562079,2.10169784818359e-08
1.15971793361961,2.52283036663646e-08
1.16330839161844,7.08946909297981e-09
1.16689884961726,5.37941636457583e-08
1.17048930761608,1.08399983919704e-08
1.1740797656149,2.33628495099056e-08
1.17767022361372,2.85743267755339e-08
1.18126068161255,2.92629586496745e-08
1.18485113961137,1.7545842290419e-08
1.18844159761019,1.31371821904949e-08
1.19203205560901,2.67728775082252e-08
1.19562251360784,1.06814073414831e-08
1.19921297160666,4.92258809833929e-08
1.20280342960548,4.72930688485146e-08
1.2063938876043,3.57242849057101e-08
1.20998434560313,1.37952955206162e-08
1.21357480360195,2.81686838130246e-08
1.21716526160077,9.52379554191518e-09
1.22075571959959,3.44313062968932e-08
1.22434617759841,2.49830551576885e-08
1.22793663559724,2.27662383972178e-08
1.23152709359606,1.93608600321118e-08
1.23511755159488,1.24264953460669e-08
1.2387080095937,1.43901326730269e-08
1.24229846759253,3.18128897655055e-08
1.24588892559135,1.29126430522321e-08
1.24947938359017,1.56522717192816e-08
1.25306984158899,1.35127245264001e-08
1.25666029958782,9.88036093666732e-09
1.26025075758664,3.58431388331383e-09
1.26384121558546,1.69533706614083e-08
1.26743167358428,2.78698329745604e-08
1.2710221315831,1.62767837615827e-09
1.27461258958193,2.88121118791114e-08
1.27820304758075,2.02021443450238e-08
1.28179350557957,8.03046560750138e-09
1.28538396357839,6.07674331253034e-09
1.28897442157722,3.58180793506364e-08
1.29256487957604,2.01197866714607e-08
1.29615533757486,1.10854991181635e-08
1.29974579557368,1.10710013143097e-08
1.30333625357251,3.32587895312216e-08
1.30692671157133,9.34287901321146e-09
1.31051716957015,1.35582531148538e-08
1.31410762756897,1.72739989647125e-08
1.3176980855678,1.49449133257159e-08
1.32128854356662,3.69451216814915e-08
1.32487900156544,9.21497451005629e-09
1.32846945956426,4.194310504663e-08
1.33205991756308,1.47496273892566e-08
1.33565037556191,8.82516160455635e-09
1.33924083356073,1.89253822450786e-08
1.34283129155955,3.06523353477182e-08
1.34642174955837,1.43638397068159e-08
1.3500122075572,1.14693403833939e-08
1.35360266555602,3.10799625579299e-08
1.35719312355484,1.9210629551604e-08
1.36078358155366,1.74787141242967e-08
1.36437403955249,1.55712417458178e-08
1.36796449755131,5.96017951318051e-09
1.37155495555013,1.64110252821393e-08
1.37514541354895,8.2993778235985e-09
1.37873587154777,1.67097565510287e-08
1.3823263295466,8.82246017385842e-09
1.38591678754542,9.53595652431386e-09
1.38950724554424,3.79819267863529e-08
1.39309770354306,4.60512674848209e-08
1.39668816154189,6.57383090280926e-09
1.40027861954071,2.15421450324991e-07
1.40386907753953,5.98462698380798e-08
1.40745953553835,4.65509849406079e-08
1.41104999353718,4.37750596115581e-08
1.414640451536,8.46662360779111e-09
1.41823090953482,2.88847639162394e-08
1.42182136753364,2.33258295669617e-08
1.42541182553247,2.79886279990445e-08
1.42900228353129,2.54657821207328e-08
1.43259274153011,3.32342205080924e-08
1.43618319952893,9.35420202297392e-09
1.43977365752775,1.50051525404028e-08
1.44336411552658,1.5253749771382e-08
1.4469545735254,3.85674541362405e-08
1.45054503152422,8.05629906468554e-09
1.45413548952304,4.96009679835149e-08
1.45772594752187,2.7376809781491e-08
1.46131640552069,1.97959857065179e-08
1.46490686351951,1.08687245545312e-08
1.46849732151833,2.88349238964769e-08
1.47208777951716,3.62523812162663e-08
1.47567823751598,1.54895347833918e-08
1.4792686955148,1.80879690568026e-08
1.48285915351362,5.94489248923384e-09
1.48644961151244,2.3402850555485e-08
1.49004006951127,1.09494742866129e-08
1.49363052751009,2.77968080948063e-08
1.49722098550891,2.80076519335236e-08
1.50081144350773,1.98303679948178e-08
1.50440190150656,1.99532440542687e-08
1.50799235950538,1.72536955396492e-08
1.5115828175042,2.334734605007e-08
1.51517327550302,2.01698405007382e-08
1.51876373350185,2.54026227256113e-08
1.52235419150067,2.0133621502655e-08
1.52594464949949,3.19857901221666e-08
1.52953510749831,1.40893073022356e-08
1.53312556549713,9.13503733312937e-09
1.53671602349596,6.5361784481457e-09
1.54030648149478,3.87743139076608e-09
1.5438969394936,1.92024274783221e-08
1.54748739749242,1.14945717068867e-08
1.55107785549125,2.1029281690281e-08
1.55466831349007,1.25604337772392e-08
1.55825877148889,1.80931105160537e-08
1.56184922948771,2.42339534404502e-08
1.56543968748654,3.31893677922133e-08
1.56903014548536,2.38460379595847e-08
1.57262060348418,1.90657167786382e-08
1.576211061483,1.26647487021389e-08
1.57980151948183,2.97969495067753e-08
1.58339197748065,9.53636581114626e-09
1.58698243547947,1.8776169963351e-08
1.59057289347829,2.55133321018166e-08
1.59416335147711,3.56033921802626e-08
1.59775380947594,2.85143316849279e-09
1.60134426747476,1.63748418162976e-08
1.60493472547358,3.18022652989963e-08
1.6085251834724,2.03848958519777e-08
1.61211564147123,1.32304225202925e-08
1.61570609947005,2.83815423279978e-08
1.61929655746887,2.55531447540296e-08
1.62288701546769,1.54802170128552e-08
1.62647747346652,3.11937482983164e-08
1.63006793146534,9.96607787531697e-09
1.63365838946416,1.76130270392186e-08
1.63724884746298,1.89353787729957e-08
1.6408393054618,1.12294969436523e-08
1.64442976346063,1.68700183623638e-08
1.64802022145945,3.23748869150512e-08
1.65161067945827,1.48667755952126e-08
1.65520113745709,3.78285906234479e-08
1.65879159545592,2.43574944268961e-08
1.66238205345474,2.76026408695659e-08
1.66597251145356,2.19830257742313e-08
1.66956296945238,1.91195220608115e-08
1.67315342745121,3.51291441190983e-08
1.67674388545003,3.01288694875484e-08
1.68033434344885,4.08700037300608e-08
1.68392480144767,2.03280069561156e-08
1.6875152594465,3.12744970315377e-08
1.69110571744532,6.85239535285963e-09
1.69469617544414,7.7539502930847e-09
1.69828663344296,2.31851500757508e-08
1.70187709144178,2.81972928062352e-08
1.70546754944061,3.70395464833971e-08
1.70905800743943,2.32675194933504e-08
1.71264846543825,1.83928524652376e-08
1.71623892343707,4.94662678718388e-08
1.7198293814359,4.52535089220331e-08
1.72341983943472,1.5850551383763e-08
1.72701029743354,1.37396996620989e-08
1.73060075543236,1.09855813469515e-08
1.73419121343119,3.62186054823514e-08
1.73778167143001,2.55634592669736e-08
1.74137212942883,3.04426766552932e-08
1.74496258742765,3.39779744014447e-08
1.74855304542647,2.68826264767142e-08
1.7521435034253,4.57558295134607e-08
1.75573396142412,5.5532947239042e-09
1.75932441942294,3.13237474030772e-08
1.76291487742176,4.10985932599537e-09
1.76650533542059,3.71700384091769e-08
1.77009579341941,2.30286082357781e-08
1.77368625141823,2.63183468876824e-08
1.77727670941705,8.01256280507631e-08
1.78086716741588,5.42657628795623e-08
1.7844576254147,8.51834254928975e-08
1.78804808341352,4.8084371031124e-08
1.79163854141234,1.08968848703716e-07
1.79522899941117,1.03856697150085e-07
1.79881945740999,3.43827043012152e-07
1.80240991540881,2.19948939237472e-06
1.80600037340763,2.57286305642486e-07
1.80959083140645,1.63218205515337e-07
1.81318128940528,8.82131410983266e-08
1.8167717474041,5.70548241230187e-08
1.82036220540292,7.11918781276105e-08
1.82395266340174,7.49580346572989e-08
1.82754312140057,7.39566516342501e-08
1.83113357939939,6.59623045091252e-08
1.83472403739821,2.67767446367629e-08
1.83831449539703,3.4729411603644e-08
1.84190495339586,3.75413965323577e-08
1.84549541139468,3.79509384499446e-08
1.8490858693935,2.78655983525286e-08
1.85267632739232,1.77798224130113e-08
1.85626678539114,2.89829474534763e-08
1.85985724338997,1.94438320639946e-08
1.86344770138879,4.1449918689052e-08
1.86703815938761,6.07812297517496e-08
1.87062861738643,1.33521523248067e-08
1.87421907538526,1.30625220520628e-08
1.87780953338408,1.7357791997351e-08
1.8813999913829,2.55115762299561e-08
1.88499044938172,4.80661654426679e-08
1.88858090738055,4.78733754389843e-08
1.89217136537937,3.07338496889598e-08
1.89576182337819,8.02126841792811e-09
1.89935228137701,1.47870293744464e-08
1.90294273937583,3.58883935181493e-08
1.90653319737466,2.98634772723753e-08
1.91012365537348,5.28334448237518e-08
1.9137141133723,5.68179223559624e-08
1.91730457137112,2.06095966101968e-08
1.92089502936995,2.02010897421136e-08
1.92448548736877,4.61276297522191e-08
1.92807594536759,9.16484601577588e-09
1.93166640336641,2.11402738572762e-08
1.93525686136524,3.03719755458699e-08
1.93884731936406,4.06215078499026e-08
1.94243777736288,6.87379665252748e-09
1.9460282353617,2.32509246018013e-08
1.94961869336053,1.2020777114139e-08
1.95320915135935,1.88678743442617e-08
1.95679960935817,2.23161656105724e-08
1.96039006735699,1.84373609056624e-08
1.96398052535581,1.39749927771283e-08
1.96757098335464,4.18234953105246e-08
1.97116144135346,1.43569790163518e-08
1.97475189935228,3.04845437767299e-08
1.9783423573511,1.87324734351368e-08
1.98193281534993,2.55219590734206e-08
1.98552327334875,1.13460522207558e-08
1.98911373134757,2.10910924680403e-08
1.99270418934639,2.85151029398716e-08
1.99629464734522,4.99528940011586e-08
1.99988510534404,3.27268347762112e-08
2.00347556334286,1.95140005323624e-08
2.00706602134168,2.2257141581685e-08
2.01065647934051,3.10839516410013e-08
2.01424693733933,2.11016819688364e-08
2.01783739533815,2.21529762716048e-08
2.02142785333697,5.23964234220342e-08
2.02501831133579,3.42963537907287e-08
2.02860876933462,2.91087356180228e-08
2.03219922733344,6.33277876180063e-08
2.03578968533226,1.35670846731797e-08
2.03938014333108,2.0506942302866e-08
2.04297060132991,4.98456851119873e-08
2.04656105932873,2.46073932446754e-08
2.05015151732755,2.10887436639067e-08
2.05374197532637,2.43373917169874e-08
2.05733243332519,1.11468296027418e-08
2.06092289132402,3.40433355800361e-08
2.06451334932284,3.24584717868859e-08
2.06810380732166,2.50051608654568e-08
2.07169426532048,1.76538434618226e-08
2.07528472331931,4.50659101792954e-08
2.07887518131813,3.28503956242346e-08
2.08246563931695,7.06291295121265e-09
2.08605609731577,1.85303523763883e-08
2.0896465553146,1.79085192589332e-08
2.09323701331342,3.22631595450537e-08
2.09682747131224,3.73637028054531e-08
2.10041792931106,4.45807929294766e-08
2.10400838730989,6.5507487108664e-08
2.10759884530871,1.36510668887205e-08
2.11118930330753,3.44720308939652e-09
2.11477976130635,2.7587102436141e-08
2.11837021930517,5.66305287482837e-08
2.121960677304,4.67858392826759e-08
2.12555113530282,4.51500916594366e-08
2.12914159330164,5.2627429560397e-08
2.13273205130046,2.28366898736668e-08
2.13632250929929,3.30336178768027e-08
2.13991296729811,6.04595588186799e-08
2.14350342529693,7.51580399441982e-08
2.14709388329575,2.47703943246028e-08
2.15068434129458,3.41902832620099e-08
2.1542747992934,4.85753992864391e-08
2.15786525729222,6.58512772308468e-08
2.16145571529104,4.92674574324278e-08
2.16504617328986,6.14361542923436e-08
2.16863663128869,8.0298647966078e-08
2.17222708928751,6.26126676597187e-08
2.17581754728633,7.16171741357636e-08
2.17940800528515,7.01024764132925e-08
2.18299846328398,1.21453940483151e-07
2.1865889212828,1.46119159915553e-07
2.19017937928162,1.6412676986473e-07
2.19376983728044,2.42357586879995e-07
2.19736029527927,3.66960362925949e-07
2.20095075327809,1.09630034072345e-06
2.20454121127691,1.26333152037321e-06
2.20813166927573,4.58704352575754e-07
2.21172212727456,2.74870000186344e-07
2.21531258527338,1.7072586881522e-07
2.2189030432722,1.14397599262607e-07
2.22249350127102,1.01966063138605e-07
2.22608395926984,6.5753000236152e-08
2.22967441726867,1.07348608604027e-07
2.23326487526749,6.78794155895503e-08
2.23685533326631,5.64738872446496e-08
2.24044579126513,5.22444338891954e-08
2.24403624926396,5.84360801925045e-08
2.24762670726278,3.87808720895181e-08
2.2512171652616,2.6628069137369e-08
2.25480762326042,6.03300581452804e-08
2.25839808125925,3.54957550708165e-08
2.26198853925807,1.12965852659767e-08
2.26557899725689,6.79969962432509e-09
2.26916945525571,3.65513773396349e-08
2.27275991325454,6.6435489589064e-08
2.27635037125336,2.05350299202906e-08
2.27994082925218,7.84971471985875e-09
2.283531287251,1.47167928604177e-08
2.28712174524982,5.68111482452641e-08
2.29071220324865,3.69650195149402e-08
2.29430266124747,2.38205805868543e-08
2.29789311924629,3.29528009341629e-08
2.30148357724511,2.3649145575238e-08
2.30507403524394,2.03910569709613e-08
2.30866449324276,1.01569702031952e-08
2.31225495124158,3.5888876768374e-08
2.3158454092404,3.30687017973608e-08
2.31943586723923,1.98259784077033e-08
2.32302632523805,3.60630753197915e-08
2.32661678323687,3.14151891141645e-08
2.33020724123569,1.83924423009327e-08
2.33379769923451,8.75046088515581e-09
2.33738815723334,3.37919926775177e-08
2.34097861523216,4.52995896340635e-08
2.34456907323098,1.50749818380096e-08
2.3481595312298,1.54042021066841e-08
2.35174998922863,1.16275216663662e-08
2.35534044722745,1.43192484434165e-08
2.35893090522627,2.02513824328798e-08
2.36252136322509,1.48351709841601e-08
2.36611182122392,3.2790966565076e-08
2.36970227922274,2.73354182377981e-08
2.37329273722156,1.65117395347483e-08
2.37688319522038,1.08660458176054e-08
2.38047365321921,1.74703977002765e-08
2.38406411121803,1.13394151777952e-08
2.38765456921685,1.07168273374099e-08
2.39124502721567,1.35326123079331e-08
2.39483548521449,1.71914031373239e-08
2.39842594321332,2.84271619025536e-08
2.40201640121214,2.10361056369879e-08
2.40560685921096,2.17922938272116e-08
2.40919731720978,1.53348310986864e-08
2.41278777520861,2.71348174147829e-08
2.41637823320743,1.67594749073643e-08
2.41996869120625,8.38077367539526e-09
2.42355914920507,1.03619904157419e-08
2.4271496072039,1.80314169105621e-08
2.43074006520272,2.70916961593869e-08
2.43433052320154,1.23848672688366e-08
2.43792098120036,2.4171114287308e-08
2.44151143919918,1.64655097132627e-08
2.44510189719801,2.63769724177281e-08
2.44869235519683,1.71208833341502e-08
2.45228281319565,1.70047796751177e-08
2.45587327119447,2.08874811081812e-08
2.4594637291933,8.48099896731508e-09
2.46305418719212,1.52094955754399e-08
2.46664464519094,2.02623248495902e-08
2.47023510318976,9.96845240150546e-09
2.47382556118859,1.50463697202967e-08
2.47741601918741,2.58338353620802e-09
2.48100647718623,9.14608295132959e-09
2.48459693518505,1.12354822901809e-08
2.48818739318387,6.53509784453717e-09
2.4917778511827,1.0174355545366e-08
2.49536830918152,1.78145034900782e-08
2.49895876718034,1.06985679570276e-08
2.50254922517916,1.70730401514993e-08
2.50613968317799,1.64538323725142e-08
2.50973014117681,1.20173098942516e-08
2.51332059917563,1.68646680355747e-08
2.51691105717445,9.14527673993389e-09
2.52050151517328,3.17044031658658e-08
2.5240919731721,1.60339799830725e-08
2.52768243117092,1.52763561627409e-08
2.53127288916974,6.4576339156914e-09
2.53486334716857,6.29682598980361e-09
2.53845380516739,9.4202605376992e-09
2.54204426316621,1.34924032430268e-08
2.54563472116503,1.38469103754551e-08
2.54922517916385,1.15436373940384e-08
2.55281563716268,1.39120030086602e-08
2.5564060951615,7.76023063644772e-09
2.55999655316032,1.36203805058833e-08
2.56358701115914,2.71220427083415e-08
2.56717746915797,2.36597345586995e-09
2.57076792715679,7.57916974250421e-09
2.57435838515561,1.3797682386537e-08
2.57794884315443,6.78103491843734e-09
2.58153930115326,1.27764563492953e-08
2.58512975915208,3.12105400427178e-09
2.5887202171509,1.67214281046819e-08
2.59231067514972,3.20862984096034e-08
2.59590113314854,4.4930199373392e-08
2.59949159114737,2.87181007566321e-08
2.60308204914619,2.22672199887919e-07
2.60667250714501,5.08754400520312e-08
2.61026296514383,3.94737201027234e-08
2.61385342314266,2.09441055834401e-08
2.61744388114148,1.12800257050181e-08
2.6210343391403,1.59803242672747e-08
2.62462479713912,1.93706517805082e-08
2.62821525513795,1.66438239076254e-08
2.63180571313677,1.2149706989155e-08
2.63539617113559,2.88334754562765e-08
2.63898662913441,9.28614270077651e-09
2.64257708713324,8.26164618392099e-09
2.64616754513206,1.85372498633372e-08
2.64975800313088,8.23657905658112e-09
2.6533484611297,8.29612157572733e-09
2.65693891912852,1.01396151468663e-08
2.66052937712735,7.61400329252744e-09
2.66411983512617,4.28200246872163e-09
2.66771029312499,1.06164374889971e-08
2.67130075112381,1.18275033281365e-08
2.67489120912264,1.9743929506267e-08
2.67848166712146,1.2071086252106e-08
2.68207212512028,2.74134654167883e-08
2.6856625831191,1.9164092870716e-08
2.68925304111792,2.33748223114402e-08
2.69284349911675,1.45590965286081e-08
2.69643395711557,7.23806077775747e-09
2.70002441511439,1.83408941948684e-08
2.70361487311321,1.5082422073733e-08
2.70720533111204,1.77556989646683e-08
2.71079578911086,2.3303949692222e-08
2.71438624710968,1.8536210926922e-08
2.7179767051085,2.13070236930091e-08
2.72156716310733,4.01732166815382e-09
2.72515762110615,4.19433048950356e-09
2.72874807910497,1.27237386753818e-08
2.73233853710379,7.2342301889854e-09
2.73592899510262,2.15959428078516e-08
2.73951945310144,9.77913432857215e-09
2.74310991110026,8.9975402317873e-09
2.74670036909908,1.47660366784382e-08
2.7502908270979,1.82433087735785e-08
2.75388128509673,1.93125702656812e-08
2.75747174309555,1.08738464011587e-08
2.76106220109437,1.25492574536276e-08
2.76465265909319,1.67402818105431e-08
2.76824311709202,1.0427607493816e-08
2.77183357509084,1.21797015937035e-08
2.77542403308966,9.54339613677786e-09
2.77901449108848,1.36244363608985e-08
2.78260494908731,1.76644440890673e-08
2.78619540708613,1.17566651279423e-08
2.78978586508495,2.27922780700869e-08
2.79337632308377,2.94332633410555e-09
2.7969667810826,1.40279297294527e-08
2.80055723908142,1.39889639637526e-08
2.80414769708024,1.06804924415331e-08
2.80773815507906,1.64417302750872e-08
2.81132861307788,6.80077266245804e-09
2.81491907107671,1.64987028812457e-08
2.81850952907553,1.74159372973454e-08
2.82209998707435,1.81403364500701e-08
2.82569044507317,5.15622789948146e-09
2.829280903072,1.24160105218368e-08
2.83287136107082,2.07670494803027e-08
2.83646181906964,8.05310718574773e-09
2.84005227706846,1.0455799249213e-08
2.84364273506729,1.30251987486338e-08
2.84723319306611,3.79121948931674e-09
2.85082365106493,1.81781484418824e-08
2.85441410906375,1.28682581312162e-08
2.85800456706257,2.22831054734636e-08
2.8615950250614,8.15766638684042e-09
2.86518548306022,1.1184248277485e-08
2.86877594105904,3.28497600589063e-09
2.87236639905786,2.23405522000557e-08
2.87595685705669,1.88581284622775e-08
2.87954731505551,7.65030079024975e-09
2.88313777305433,3.24659255034596e-08
2.88672823105315,9.50387231512827e-09
2.89031868905198,9.16698814959698e-09
2.8939091470508,9.94344086100989e-09
2.89749960504962,6.62040359342231e-09
2.90109006304844,8.19259062904831e-09
2.90468052104727,1.17699399003763e-08
2.90827097904609,2.95621721324835e-08
2.91186143704491,1.53293426876732e-08
2.91545189504373,1.25875306346472e-08
2.91904235304255,2.28727512300255e-08
2.92263281104138,1.47530987073989e-08
2.9262232690402,1.36363167980234e-08
2.92981372703902,4.83645229799628e-09
2.93340418503784,1.22807639422815e-08
2.93699464303667,5.47981757198335e-09
2.94058510103549,2.42194762030162e-08
2.94417555903431,2.82563073608675e-09
2.94776601703313,2.2240242078002e-08
2.95135647503196,4.51426640313075e-09
2.95494693303078,7.37974063649973e-09
2.9585373910296,1.46288599972234e-08
2.96212784902842,1.32336735181597e-08
2.96571830702724,1.3493749092565e-08
2.96930876502607,1.40034460942329e-08
2.97289922302489,1.28860076239917e-08
2.97648968102371,2.20657663096494e-08
2.98008013902253,9.00578847069612e-09
2.98367059702136,1.4476405213647e-08
2.98726105502018,1.92480427485569e-08
2.990851513019,2.07547647488345e-08
2.99444197101782,4.71998663198102e-08
2.99803242901665,1.65288271839875e-08
3.00162288701547,9.5814220435547e-09
3.00521334501429,1.13137241902441e-07
3.00880380301311,1.28598004852431e-08
3.01239426101194,1.92256196047105e-08
3.01598471901076,8.18609032503072e-09
3.01957517700958,1.74599888325909e-08
3.0231656350084,7.30702742683875e-09
3.02675609300722,1.17696830206218e-08
3.03034655100605,5.4564595971708e-09
3.03393700900487,1.25469752197991e-08
3.03752746700369,2.09955047162276e-08
3.04111792500251,4.55966026083585e-09
3.04470838300134,1.46656122951668e-08
3.04829884100016,7.39226839092665e-09
3.05188929899898,1.20019735402638e-08
3.0554797569978,9.02640919895059e-09
3.05907021499663,1.67658956918256e-08
3.06266067299545,3.31582798863849e-08
3.06625113099427,6.7026401801576e-09
3.06984158899309,1.7683380675663e-08
3.07343204699191,2.31007996174497e-08
3.07702250499074,8.15397569665318e-09
3.08061296298956,1.14991327694637e-08
3.08420342098838,7.65860368291158e-09
3.0877938789872,1.01161228745774e-08
3.09138433698603,1.58989076350968e-08
3.09497479498485,7.54458334073266e-09
3.09856525298367,1.11333093284364e-08
3.10215571098249,1.67297463337562e-08
3.10574616898132,2.35761042029005e-08
3.10933662698014,1.53748556020165e-08
3.11292708497896,1.25479118955821e-08
3.11651754297778,8.68567920790885e-09
3.1201080009766,1.24518395802592e-08
3.12369845897543,1.17479441581662e-08
3.12728891697425,5.80139178784902e-09
3.13087937497307,1.18989758824497e-08
3.13446983297189,1.75109779910884e-08
3.13806029097072,1.18186822687199e-08
3.14165074896954,1.77453483569745e-08
3.14524120696836,1.92512582392621e-08
3.14883166496718,1.36480347995755e-08
3.15242212296601,1.36055477260214e-08
3.15601258096483,1.05590167143618e-08
3.15960303896365,3.7767902554423e-09
3.16319349696247,6.69504269179303e-09
3.1667839549613,1.34852315165487e-08
3.17037441296012,1.25772138146001e-08
3.17396487095894,1.36534071708715e-08
3.17755532895776,2.58921101217912e-08
3.18114578695658,1.03519214778819e-08
3.18473624495541,1.27674511122236e-08
3.18832670295423,1.10808268108999e-09
3.19191716095305,2.04860384238427e-08
3.19550761895187,6.52515778074753e-09
3.1990980769507,2.07944467642478e-08
3.20268853494952,1.23302265922781e-08
3.20627899294834,1.1147316526884e-08
3.20986945094716,1.31275207127245e-08
3.21345990894599,1.28165401026028e-08
3.21705036694481,1.73940441790555e-08
3.22064082494363,1.62541563365913e-08
3.22423128294245,9.72517325476331e-09
3.22782174094128,1.28259383615951e-08
3.2314121989401,1.8189164097773e-08
3.23500265693892,1.56158593960047e-08
3.23859311493774,5.45048544777032e-09
3.24218357293656,1.1589844234833e-08
3.24577403093539,1.06926517076944e-08
3.24936448893421,1.58999543226335e-08
3.25295494693303,1.24193095531814e-08
3.25654540493185,8.67652442765499e-09
3.26013586293068,8.02566672518287e-09
3.2637263209295,1.22447343334191e-08
3.26731677892832,2.25722820973583e-08
3.27090723692714,6.75476946304853e-09
3.27449769492596,1.39432899932482e-08
3.27808815292479,1.18066140688793e-08
3.28167861092361,1.10540969445611e-08
3.28526906892243,7.80223903325285e-09
3.28885952692125,1.51044414003574e-08
3.29244998492008,3.2300589545629e-09
3.2960404429189,3.89650397045327e-09
3.29963090091772,8.0138525578923e-09
3.30322135891654,1.75727947671004e-08
3.30681181691537,1.52471871679372e-08
3.31040227491419,1.51859853208165e-09
3.31399273291301,2.01058422217844e-08
3.31758319091183,7.86329048033687e-09
3.32117364891066,2.58604068938431e-08
3.32476410690948,2.26019301676407e-09
3.3283545649083,1.92300877022308e-08
3.33194502290712,1.25467788045055e-08
3.33553548090594,1.46508464272239e-08
3.33912593890477,1.75117822667601e-09
3.34271639690359,5.8615952665799e-09
3.34630685490241,6.80511929530327e-09
3.34989731290123,8.82105122182523e-09
3.35348777090006,1.29773944563526e-08
3.35707822889888,7.8168548747822e-09
3.3606686868977,6.66134713726423e-09
3.36425914489652,1.77598231302867e-08
3.36784960289535,4.80508104586442e-09
3.37144006089417,3.11990465871594e-09
3.37503051889299,1.51642388962373e-08
3.37862097689181,1.01712564823894e-08
3.38221143489063,8.58665591815727e-09
3.38580189288946,7.38848493564614e-09
3.38939235088828,2.25063473335263e-08
3.3929828088871,1.1990964706534e-08
3.39657326688592,2.32868392524153e-08
3.40016372488475,3.22054905191218e-09
3.40375418288357,9.19623340612286e-09
3.40734464088239,1.67507494292892e-08
3.41093509888121,1.58372418941817e-08
3.41452555688004,2.2072931665306e-08
3.41811601487886,1.50172203921705e-08
3.42170647287768,4.09626911266382e-09
3.4252969308765,1.04711195576117e-08
3.42888738887533,1.34349156444447e-08
3.43247784687415,1.86154467013327e-08
3.43606830487297,5.66131913435095e-09
3.43965876287179,8.0710235046132e-09
3.44324922087061,1.16037869933394e-08
3.44683967886944,5.22408682978099e-09
3.45043013686826,4.50608187082068e-09
3.45402059486708,1.22651564341118e-08
3.4576110528659,8.99698159897769e-09
3.46120151086473,1.04828864078399e-08
3.46479196886355,1.58075982326777e-08
3.46838242686237,1.93127853169893e-08
3.47197288486119,5.20885297723987e-09
3.47556334286002,6.35154507494006e-09
3.47915380085884,6.70395336657112e-09
3.48274425885766,8.61397677566003e-09
3.48633471685648,2.0719806493188e-08
3.48992517485531,1.17515696946366e-08
3.49351563285413,1.56436983981063e-08
3.49710609085295,1.29564884154417e-08
3.50069654885177,4.24485894021435e-09
3.50428700685059,1.00819078595864e-08
3.50787746484942,1.97885170998307e-08
3.51146792284824,2.22175364786873e-08
3.51505838084706,4.8668311246581e-09
3.51864883884588,3.0572481252206e-08
3.52223929684471,2.4045362061942e-09
3.52582975484353,4.09519522033036e-09
3.52942021284235,2.08048022762132e-08
3.53301067084117,1.44393697636982e-08
3.53660112884,8.23792908483672e-09
3.54019158683882,8.28365678107986e-09
3.54378204483764,5.35113646476179e-09
3.54737250283646,1.45632506487667e-08
3.55096296083528,1.43620712092748e-08
3.55455341883411,1.08823439783787e-08
3.55814387683293,4.106845129476e-09
3.56173433483175,1.20948959698256e-08
3.56532479283057,7.80848340545635e-09
3.5689152508294,1.68270259393119e-08
3.57250570882822,1.58173955371237e-08
3.57609616682704,5.88293418350815e-09
3.57968662482586,8.96136858562185e-09
3.58327708282469,1.1680832937564e-08
3.58686754082351,3.56266680692295e-09
3.59045799882233,1.47720759621849e-08
3.59404845682115,1.53248698290337e-08
3.59763891481997,6.88248949102443e-09
3.6012293728188,1.83521250710049e-08
3.60481983081762,1.26924031502458e-08
3.60841028881644,2.02024094647539e-08
3.61200074681526,8.01480877133599e-09
3.61559120481409,1.53158672810864e-08
3.61918166281291,1.47505921939122e-08
3.62277212081173,2.00268035119775e-08
3.62636257881055,8.73823263728417e-09
3.62995303680938,1.38809777600528e-08
3.6335434948082,1.45443697354627e-08
3.63713395280702,8.92276844024303e-09
3.64072441080584,2.71582327037869e-08
3.64431486880467,1.03872147983825e-08
3.64790532680349,7.39793996191088e-09
3.65149578480231,8.44863172629691e-09
3.65508624280113,6.18460258367287e-09
3.65867670079995,1.35333755642962e-08
3.66226715879878,6.512691982132e-09
3.6658576167976,3.53584111033359e-09
3.66944807479642,1.68191579347398e-08
3.67303853279524,1.94641152369183e-08
3.67662899079407,6.69556073621162e-09
3.68021944879289,1.09782174901993e-08
3.68380990679171,1.79568376248502e-08
3.68740036479053,8.94804838511588e-09
3.69099082278936,2.37990474143794e-08
3.69458128078818,1.90676766900873e-08
3.698171738787,3.19206469062895e-09
3.70176219678582,1.09544433429914e-09
3.70535265478464,1.45982801319379e-09
3.70894311278347,1.37537536367635e-08
3.71253357078229,1.03094246263693e-08
3.71612402878111,1.81995299319264e-08
3.71971448677993,7.16807145581922e-09
3.72330494477876,1.39151492903259e-08
3.72689540277758,2.19541061190078e-09
3.7304858607764,5.81511143050407e-09
3.73407631877522,1.56624726459606e-08
3.73766677677405,6.13961007756155e-09
3.74125723477287,5.88830217254398e-09
3.74484769277169,2.04541207809349e-08
3.74843815077051,2.2136743950722e-08
3.75202860876934,1.62388477467711e-08
3.75561906676816,1.1800580449089e-08
3.75920952476698,1.81263062306947e-08
3.7627999827658,6.21079656120644e-09
3.76639044076462,1.21733894451222e-08
3.76998089876345,1.01700354039147e-08
3.77357135676227,3.05855822377602e-09
3.77716181476109,1.40673007431131e-08
3.78075227275991,1.4595869840221e-08
3.78434273075874,2.66399376490956e-08
3.78793318875756,1.56019981310787e-08
3.79152364675638,1.44672414371682e-08
3.7951141047552,3.81754697896589e-08
3.79870456275403,2.06740496879222e-08
3.80229502075285,6.64020698802567e-09
3.80588547875167,2.81754957729234e-08
3.80947593675049,2.17659968957636e-08
3.81306639474931,1.67566155279145e-08
3.81665685274814,1.94651509695034e-09
3.82024731074696,1.2619951397207e-08
3.82383776874578,1.78363141647218e-08
3.8274282267446,9.88883856680758e-09
3.83101868474343,7.00732975338796e-09
3.83460914274225,1.25788907052367e-08
3.83819960074107,2.04705377701135e-08
3.84179005873989,4.4386560681939e-09
3.84538051673872,1.46394593098549e-08
3.84897097473754,9.217117051796e-09
3.85256143273636,2.78605824997797e-09
3.85615189073518,9.51055148747611e-09
3.85974234873401,1.06069058628246e-08
3.86333280673283,5.03234459704847e-09
3.86692326473165,1.53571634239255e-08
3.87051372273047,1.54963175126648e-08
3.87410418072929,1.5210054258824e-08
3.87769463872812,1.36421441291583e-08
3.88128509672694,1.49030390574315e-08
3.88487555472576,9.35859073970692e-09
3.88846601272458,1.07928846227666e-08
3.89205647072341,1.52908517655032e-08
3.89564692872223,1.58668518470527e-08
3.89923738672105,1.16513237056672e-08
3.90282784471987,7.73922108101731e-09
3.9064183027187,7.73584678766584e-09
3.91000876071752,1.15948087430705e-08
3.91359921871634,2.577631861551e-08
3.91718967671516,1.0187530708025e-08
3.92078013471399,1.72429552705443e-09
3.92437059271281,1.7829102615672e-08
3.92796105071163,9.37551149559299e-09
3.93155150871045,1.05046350790821e-08
3.93514196670927,1.3954619602119e-08
3.9387324247081,2.62199658539535e-09
3.94232288270692,4.09139422749728e-09
3.94591334070574,2.23508284112755e-08
3.94950379870456,7.43059350991209e-09
3.95309425670339,1.819645007094e-08
3.95668471470221,1.89845282116297e-08
3.96027517270103,1.01180549339085e-08
3.96386563069985,1.29245024181712e-08
3.96745608869867,1.84764670946875e-08
3.9710465466975,3.1692314871528e-09
3.97463700469632,9.24232167173989e-09
3.97822746269514,2.33674880016395e-08
3.98181792069396,1.18162253403083e-08
3.98540837869279,3.00463361110756e-08
3.98899883669161,5.12555133685381e-09
3.99258929469043,9.55347583226535e-09
3.99617975268925,1.35647294570308e-08
3.99977021068808,1.10475919321618e-08
4.0033606686869,1.70314220012086e-08
4.00695112668572,6.76439463442957e-09
4.01054158468454,5.69214991547745e-09
4.01413204268337,8.20814612181832e-09
4.01772250068219,8.37195051774471e-09
4.02131295868101,1.26140803948709e-08
4.02490341667983,6.72074609655489e-09
4.02849387467865,8.48264391228515e-09
4.03208433267748,1.47093814173102e-08
4.0356747906763,2.64962196391661e-08
4.03926524867512,2.06242688332778e-09
4.04285570667394,1.91015456761825e-08
4.04644616467277,7.36411294540305e-09
4.05003662267159,4.74052972777551e-09
4.05362708067041,7.85326639951824e-09
4.05721753866923,4.30102394228367e-09
4.06080799666806,1.07496624266851e-08
4.06439845466688,2.06146735665282e-08
4.0679889126657,2.00604494178287e-08
4.07157937066452,7.7893170240432e-09
4.07516982866334,1.84804358504599e-08
4.07876028666217,1.39500445847449e-08
4.08235074466099,1.14220065228265e-08
4.08594120265981,2.01753594023908e-08
4.08953166065863,8.58932583079341e-09
4.09312211865746,7.63903506807281e-09
4.09671257665628,1.25237996765104e-08
4.1003030346551,8.40887845151329e-09
4.10389349265392,2.8802239315316e-09
4.10748395065275,1.52217128016683e-08
4.11107440865157,1.26286211031067e-08
4.11466486665039,1.4782367272545e-08
4.11825532464921,3.99691117815791e-09
4.12184578264803,3.46011862494195e-09
4.12543624064686,7.59476122388289e-09
4.12902669864568,1.8036389537087e-08
4.1326171566445,1.38418326751157e-08
4.13620761464332,4.87666188812909e-09
4.13979807264215,1.50669746696759e-08
4.14338853064097,2.86705959150357e-08
4.14697898863979,1.17092621082349e-08
4.15056944663861,1.22966672942798e-09
4.15415990463744,3.84672882348319e-09
4.15775036263626,1.42354008135287e-08
4.16134082063508,8.3448391197121e-09
4.1649312786339,2.18054013800731e-08
4.16852173663272,1.42411803593105e-08
4.17211219463155,5.56501714368194e-09
4.17570265263037,9.89020884696237e-09
4.17929311062919,6.6718042976331e-09
4.18288356862801,4.90559825458181e-09
4.18647402662684,4.6170127927897e-09
4.19006448462566,1.01818186580683e-08
4.19365494262448,2.25536243995918e-08
4.1972454006233,2.26443033902867e-08
4.20083585862213,1.55087937249093e-08
4.20442631662095,1.13556487604456e-08
4.20801677461977,4.45999394658842e-08
4.21160723261859,1.45320784509055e-08
4.21519769061742,3.5800241747615e-09
4.21878814861624,6.01133564684118e-09
4.22237860661506,1.14822223248341e-08
4.22596906461388,2.54759331871084e-08
4.22955952261271,5.72617918449113e-09
4.23314998061153,8.57704554604438e-09
4.23674043861035,4.22980659973718e-09
4.24033089660917,5.4369492846225e-09
4.24392135460799,1.88616916101069e-08
4.24751181260682,8.62589384859561e-09
4.25110227060564,8.15227753835012e-09
4.25469272860446,1.80101262498838e-08
4.25828318660328,1.8423555029065e-09
4.26187364460211,8.45907711717417e-09
4.26546410260093,1.17641033014339e-08
4.26905456059975,3.24458753202427e-09
4.27264501859857,2.00692613722013e-08
4.2762354765974,8.03322948716182e-09
4.27982593459622,9.47287141288532e-09
4.28341639259504,1.64230039893586e-08
4.28700685059386,1.80476327468382e-08
4.29059730859268,1.00357219214564e-08
4.29418776659151,7.07847797933062e-09
4.29777822459033,8.39444284313714e-09
4.30136868258915,1.24129521180854e-08
4.30495914058797,1.20110555871816e-08
4.3085495985868,2.18700367566286e-09
4.31214005658562,1.36667666713772e-08
4.31573051458444,1.0424535714311e-08
4.31932097258326,1.86620141092123e-08
4.32291143058209,2.41148042197068e-09
4.32650188858091,2.40867117895824e-09
4.33009234657973,8.24987095204658e-09
4.33368280457855,8.35428727801525e-09
4.33727326257737,5.35933836283796e-09
4.3408637205762,8.83898787260328e-09
4.34445417857502,7.10589587386875e-09
4.34804463657384,4.79159046550827e-09
4.35163509457266,1.1572731926734e-08
4.35522555257149,5.28572141965271e-09
4.35881601057031,9.0923122786681e-09
4.36240646856913,9.12697038935594e-09
4.36599692656795,1.07402087974399e-08
4.36958738456678,1.17664157242267e-08
4.3731778425656,1.54324514254648e-08
4.37676830056442,1.63624795785616e-08
4.38035875856324,1.08041721946126e-08
4.38394921656207,1.52646140715664e-08
4.38753967456089,1.30290819623023e-08
4.39113013255971,8.62572107658502e-09
4.39472059055853,9.66713138084481e-09
4.39831104855736,7.62297753633597e-09
4.40190150655618,2.18133670278994e-09
4.405491964555,1.46982194008878e-08
4.40908242255382,2.22008545082903e-08
4.41267288055264,1.38962355231723e-08
4.41626333855147,1.15682380507538e-08
4.41985379655029,6.04419775821783e-09
4.42344425454911,8.55822719024114e-09
4.42703471254793,2.0108826433495e-08
4.43062517054676,2.08080675174396e-08
4.43421562854558,9.55246864712315e-09
4.4378060865444,1.41896090179507e-08
4.44139654454322,2.50598269392279e-08
4.44498700254205,2.16017173111826e-09
4.44857746054087,6.18295712395752e-09
4.45216791853969,9.58331366973522e-09
4.45575837653851,9.47416294384871e-09
4.45934883453733,1.04743693997999e-08
4.46293929253616,3.55200880263773e-09
4.46652975053498,1.78293461085945e-08
4.4701202085338,1.81552883827096e-08
4.47371066653262,1.5665273696788e-08
4.47730112453145,1.12271748799616e-08
4.48089158253027,2.56431385271945e-09
4.48448204052909,8.50724682437678e-09
4.48807249852791,4.32414231563255e-09
4.49166295652673,1.26064601650854e-08
4.49525341452556,2.47499972438172e-08
4.49884387252438,8.7631694231837e-09
4.5024343305232,9.84564599343683e-09
4.50602478852202,2.41648222651692e-09
4.50961524652085,7.89063448162602e-09
4.51320570451967,1.13775098620378e-08
4.51679616251849,4.61623977743085e-09
4.52038662051731,1.13375530747497e-08
4.52397707851614,9.48138063291709e-09
4.52756753651496,1.406689895396e-08
4.53115799451378,4.72601186987365e-09
4.5347484525126,6.91062352480685e-09
4.53833891051143,1.06372853875638e-08
4.54192936851025,1.18776665163535e-08
4.54551982650907,9.48007203999988e-09
4.54911028450789,2.10414511040105e-08
4.55270074250671,7.98448699734947e-09
4.55629120050554,1.4100275237317e-08
4.55988165850436,1.48233412394859e-09
4.56347211650318,3.17587632308447e-09
4.567062574502,1.41011554878117e-08
4.57065303250083,7.92603741797675e-09
4.57424349049965,4.06837318050344e-09
4.57783394849847,8.83963939567931e-09
4.58142440649729,1.00374260812613e-09
4.58501486449612,1.35434056838578e-08
4.58860532249494,1.43437385297326e-08
4.59219578049376,1.34514656532556e-08
4.59578623849258,4.30678846729819e-09
4.59937669649141,1.07562387841181e-08
4.60296715449023,1.16926101322222e-08
4.60655761248905,1.69737933575377e-08
4.61014807048787,3.83663806620696e-08
4.61373852848669,7.95442368483014e-09
4.61732898648552,7.31412381546599e-09
4.62091944448434,5.68834188683077e-09
4.62450990248316,2.91213964917077e-09
4.62810036048198,1.10440293304437e-08
4.63169081848081,1.15186896493488e-08
4.63528127647963,6.27870799081555e-09
4.63887173447845,1.28754957314398e-08
4.64246219247727,5.37866161716378e-09
4.6460526504761,8.02858712970032e-09
4.64964310847492,7.6814099606425e-09
4.65323356647374,2.95883372863127e-09
4.65682402447256,6.61088085624067e-09
4.66041448247138,1.42788043280126e-08
4.66400494047021,6.2248026405136e-09
4.66759539846903,9.79743707879587e-10
4.67118585646785,3.41581896512159e-09
4.67477631446667,1.05169962603201e-08
4.6783667724655,1.67663806563324e-09
4.68195723046432,1.22324291473083e-08
4.68554768846314,5.11830531779304e-09
4.68913814646196,1.75029511433947e-08
4.69272860446079,1.83112387085378e-08
4.69631906245961,1.00332411720244e-08
4.69990952045843,1.90452491732713e-09
4.70349997845725,5.57595170369977e-09
4.70709043645607,7.71312891067878e-09
4.7106808944549,1.3720986010514e-08
4.71427135245372,7.32018378996349e-09
4.71786181045254,1.08238605547279e-08
4.72145226845136,1.57620381218232e-08
4.72504272645019,2.00715597866324e-08
4.72863318444901,5.44862883195248e-09
4.73222364244783,6.95003572563275e-09
4.73581410044665,8.74022209642427e-09
4.73940455844548,1.66372046858323e-08
4.7429950164443,8.71991426949539e-09
4.74658547444312,1.70410979163619e-08
4.75017593244194,4.31757562434062e-09
4.75376639044077,2.05080474525958e-08
4.75735684843959,1.89072948152338e-08
4.76094730643841,1.17940138535373e-08
4.76453776443723,1.56409189295982e-08
4.76812822243606,1.72023248727986e-09
4.77171868043488,1.0365930380816e-08
4.7753091384337,1.5539013675652e-09
4.77889959643252,8.07295270507432e-09
4.78249005443134,1.27924404467194e-08
4.78608051243017,1.83832778087716e-08
4.78967097042899,7.52130404460781e-09
4.79326142842781,5.93092279912755e-09
4.79685188642663,1.2871841610207e-08
4.80044234442546,3.45308610868158e-09
4.80403280242428,7.53857046458883e-09
4.8076232604231,2.59192254023872e-08
4.81121371842192,7.53143301135896e-09
4.81480417642075,2.06445390162934e-08
4.81839463441957,1.47358726507177e-08
4.82198509241839,6.04703227634365e-09
4.82557555041721,1.46682599049439e-08
4.82916600841603,2.39174070533425e-08
4.83275646641486,3.74040482247191e-09
4.83634692441368,7.23311411356669e-09
4.8399373824125,2.34525327011389e-09
4.84352784041132,1.10192942065792e-08
4.84711829841015,4.54156383795805e-09
4.85070875640897,5.03281459609441e-10
4.85429921440779,2.86167843985739e-09
4.85788967240661,3.48946484596277e-09
4.86148013040544,3.97947394425303e-09
4.86507058840426,1.09982579906154e-08
4.86866104640308,1.86055301898057e-08
4.8722515044019,3.49936519532085e-10
4.87584196240072,7.47796188464738e-09
4.87943242039955,6.17825752756077e-09
4.88302287839837,1.14232743181971e-08
4.88661333639719,6.52952140313882e-09
4.89020379439601,7.56799808742211e-09
4.89379425239484,2.78263575421111e-09
4.89738471039366,7.96517815125477e-09
4.90097516839248,9.13856278493599e-09
4.9045656263913,1.02056372558856e-08
4.90815608439013,1.81687635837353e-08
4.91174654238895,8.61052623121204e-09
4.91533700038777,7.27459664455853e-09
4.91892745838659,1.63895430139791e-08
4.92251791638541,7.07957559954874e-09
4.92610837438424,6.08231401485932e-09
4.92969883238306,4.01461037862828e-09
4.93328929038188,7.89987768014466e-09
4.9368797483807,1.59291874061066e-08
4.94047020637953,1.85973982659997e-08
4.94406066437835,1.4236085923883e-08
4.94765112237717,1.27368098993855e-08
4.95124158037599,9.01240669951323e-09
4.95483203837482,9.81922313920388e-09
4.95842249637364,4.90653070226024e-09
4.96201295437246,1.35051880731461e-08
4.96560341237128,7.77541033967864e-09
4.96919387037011,9.80056723565195e-09
4.97278432836893,8.24407062593082e-09
4.97637478636775,1.22811299723475e-09
4.97996524436657,1.04262730338859e-08
4.98355570236539,7.81459873383149e-09
4.98714616036422,1.58852618967815e-09
4.99073661836304,2.31930763056501e-08
4.99432707636186,1.34440618964553e-08
4.99791753436068,9.17697135667283e-09
