freqs,specs
0,0.00160052266984652
0.00359045799882233,0.00307088953353498
0.00718091599764466,0.00310486114386036
0.010771373996467,0.00307762653868073
0.0143618319952893,0.00317302012093404
0.0179522899941117,0.00313798914833403
0.021542747992934,0.00314078364755424
0.0251332059917563,0.00316364961317298
0.0287236639905786,0.00314109169410236
0.032314121989401,0.00318063080421866
0.0359045799882233,0.00323423058725638
0.0394950379870456,0.00322308509990162
0.043085495985868,0.00328218025712317
0.0466759539846903,0.00328723778921328
0.0502664119835126,0.00332424855927341
0.053856869982335,0.00337053768494317
0.0574473279811573,0.00339122472316052
0.0610377859799796,0.00341853591653302
0.0646282439788019,0.00346366549892372
0.0682187019776243,0.00351175701971953
0.0718091599764466,0.00355067017834779
0.0753996179752689,0.00358589041613386
0.0789900759740913,0.00366760093194571
0.0825805339729136,0.00374015918971818
0.0861709919717359,0.00382037410947228
0.0897614499705583,0.00387715329068014
0.0933519079693806,0.00392320897535136
0.0969423659682029,0.00401513842087561
0.100532823967025,0.00408609360084339
0.104123281965848,0.00420987206729933
0.10771373996467,0.00433756159712527
0.111304197963492,0.00440856408586224
0.114894655962315,0.00454445318308341
0.118485113961137,0.0047698116875547
0.122075571959959,0.00488935125820543
0.125666029958782,0.00506659265634247
0.129256487957604,0.00516559408659013
0.132846945956426,0.00546230085013895
0.136437403955249,0.00574724570674731
0.140027861954071,0.00593904070824976
0.143618319952893,0.00622971366488048
0.147208777951716,0.00656085976483753
0.150799235950538,0.00697210800583744
0.15438969394936,0.00739680884609421
0.157980151948183,0.00797668065872345
0.161570609947005,0.00857709945594264
0.165161067945827,0.00948948061432815
0.16875152594465,0.0104633064978225
0.172341983943472,0.0113651533923499
0.175932441942294,0.0130064400082011
0.179522899941117,0.0151160037969615
0.183113357939939,0.0179965408219708
0.186703815938761,0.0224540210765845
0.190294273937583,0.0302152822832133
0.193884731936406,0.0494055417089618
0.197475189935228,0.258674980691696
0.20106564793405,0.122205174629784
0.204656105932873,0.140176007688881
0.208246563931695,0.0483267901790701
0.211837021930517,0.0299183964607635
0.21542747992934,0.0226715789521439
0.219017937928162,0.0168130811177525
0.222608395926984,0.0140653351906664
0.226198853925807,0.0117318928492755
0.229789311924629,0.0101895529761042
0.233379769923451,0.00896954975584226
0.236970227922274,0.00786687885569911
0.240560685921096,0.0070269527737834
0.244151143919918,0.00643030070803745
0.247741601918741,0.00577094916108403
0.251332059917563,0.0054493954137137
0.254922517916385,0.00503076056708269
0.258512975915208,0.00469639460661703
0.26210343391403,0.0043788083073014
0.265693891912852,0.00406500337744342
0.269284349911675,0.0038504299020564
0.272874807910497,0.00354585492883946
0.276465265909319,0.00339301965645273
0.280055723908142,0.00316508664197862
0.283646181906964,0.00299465310251823
0.287236639905786,0.00288698262429576
0.290827097904609,0.00273105031324318
0.294417555903431,0.00258238163966897
0.298008013902253,0.00250668512920381
0.301598471901076,0.002429833282752
0.305188929899898,0.00227817175589125
0.30877938789872,0.00219628628363576
0.312369845897543,0.00208199895736054
0.315960303896365,0.00201569314051089
0.319550761895187,0.00189014424738925
0.32314121989401,0.00186415940631762
0.326731677892832,0.00181013872308629
0.330322135891654,0.00171933375473003
0.333912593890477,0.0016799478942873
0.337503051889299,0.0015499587802656
0.341093509888121,0.00156051466990461
0.344683967886944,0.00150669095608234
0.348274425885766,0.00147023044393272
0.351864883884588,0.00139111737597895
0.355455341883411,0.00135353799104642
0.359045799882233,0.00129957916955939
0.362636257881055,0.00122822352538945
0.366226715879878,0.00124152740442253
0.3698171738787,0.00120550062017828
0.373407631877522,0.00115075222674762
0.376998089876345,0.00112221073830878
0.380588547875167,0.00109295933321319
0.384179005873989,0.00105580420341384
0.387769463872812,0.00102267335153086
0.391359921871634,0.00099094223318927
0.394950379870456,0.000982856503131364
0.398540837869279,0.000946012601669688
0.402131295868101,0.000923800836020994
0.405721753866923,0.000872551980820751
0.409312211865746,0.000878782147469066
0.412902669864568,0.000842078884997307
0.41649312786339,0.000825098678235811
0.420083585862213,0.000804173695115536
0.423674043861035,0.000804035386782303
0.427264501859857,0.000782916395033618
0.43085495985868,0.000755395619641868
0.434445417857502,0.000702562839970356
0.438035875856324,0.000695481807253395
0.441626333855147,0.000679619956527112
0.445216791853969,0.000686746101723692
0.448807249852791,0.000659282047773337
0.452397707851614,0.00063999242090651
0.455988165850436,0.000629586940160576
0.459578623849258,0.000606095964051951
0.463169081848081,0.000588486554722471
0.466759539846903,0.000559279435259369
0.470349997845725,0.000574653080346359
0.473940455844548,0.000546618967051906
0.47753091384337,0.000544662814227329
0.481121371842192,0.000526742186746811
0.484711829841015,0.000512075250868116
0.488302287839837,0.000509419093116485
0.491892745838659,0.000487372002187203
0.495483203837482,0.000494875532514425
0.499073661836304,0.000475046150512486
0.502664119835126,0.000457094353083971
0.506254577833949,0.000440074254795028
0.509845035832771,0.000441563658206607
0.513435493831593,0.000419814168839522
0.517025951830416,0.000407203429440576
0.520616409829238,0.000413885408609983
0.52420686782806,0.000405068297141342
0.527797325826883,0.000390715198268284
0.531387783825705,0.000378175390898185
0.534978241824527,0.00037963743472188
0.53856869982335,0.000347773413236328
0.542159157822172,0.000352591487857031
0.545749615820994,0.000339755411308648
0.549340073819817,0.000343847345156755
0.552930531818639,0.000330576740279602
0.556520989817461,0.000327441758087119
0.560111447816284,0.000321055676573749
0.563701905815106,0.000298367615203247
0.567292363813928,0.000308271523321479
0.57088282181275,0.000302586140512672
0.574473279811573,0.000293508714797658
0.578063737810395,0.000299406484347882
0.581654195809218,0.000267053330278288
0.58524465380804,0.000293722874257677
0.588835111806862,0.000306212313720156
0.592425569805685,0.000367129304869276
0.596016027804507,0.000619876660397075
0.599606485803329,0.00341271201604794
0.603196943802151,0.00196158464375309
0.606787401800974,0.000367800657568302
0.610377859799796,0.000240464091331049
0.613968317798618,0.000234096611946143
0.617558775797441,0.000219236202210484
0.621149233796263,0.000218555730449679
0.624739691795085,0.000208003939395361
0.628330149793908,0.000204811495163818
0.63192060779273,0.000197985652010849
0.635511065791552,0.000190947989996491
0.639101523790375,0.000200872254218494
0.642691981789197,0.000196506107471522
0.646282439788019,0.00019594180850077
0.649872897786842,0.000183779186136047
0.653463355785664,0.00017422305172249
0.657053813784486,0.000180534871882711
0.660644271783309,0.000187632603672888
0.664234729782131,0.000177780154333747
0.667825187780953,0.00017040729430648
0.671415645779776,0.000179033376967361
0.675006103778598,0.00018028848577163
0.67859656177742,0.000185046407110857
0.682187019776243,0.000173468016103431
0.685777477775065,0.000168747087913841
0.689367935773887,0.000180653798425823
0.69295839377271,0.000187158986812166
0.696548851771532,0.000189796812981607
0.700139309770354,0.000189112505269946
0.703729767769177,0.000202698493044472
0.707320225767999,0.000200120452077645
0.710910683766821,0.000207960609552174
0.714501141765644,0.000207437473501148
0.718091599764466,0.000215870226608863
0.721682057763288,0.000209410260256595
0.725272515762111,0.000205177150157255
0.728862973760933,0.000226448542407075
0.732453431759755,0.000219755379984177
0.736043889758578,0.000230731147503226
0.7396343477574,0.000232874474589378
0.743224805756222,0.000240859082322359
0.746815263755045,0.000251112431314928
0.750405721753867,0.0002592091061099
0.753996179752689,0.000265198453611296
0.757586637751512,0.000262408498629353
0.761177095750334,0.000281898821423631
0.764767553749156,0.000275793045792751
0.768358011747979,0.000292122035170951
0.771948469746801,0.000310301908831409
0.775538927745623,0.000310190061138586
0.779129385744446,0.000310878169655079
0.782719843743268,0.000324136012602119
0.78631030174209,0.000336808933067462
0.789900759740913,0.000352156512222984
0.793491217739735,0.000359351255113967
0.797081675738557,0.000368840382651805
0.80067213373738,0.000384690537754527
0.804262591736202,0.000389460867974775
0.807853049735024,0.00040523390057352
0.811443507733847,0.000406614554499794
0.815033965732669,0.000422947021536514
0.818624423731491,0.000446004193400895
0.822214881730314,0.000468283762732059
0.825805339729136,0.000474764498723411
0.829395797727958,0.000489398714464725
0.832986255726781,0.000508284380366705
0.836576713725603,0.000517567594579523
0.840167171724425,0.00054212689517872
0.843757629723248,0.000553935247542157
0.84734808772207,0.000561844024905182
0.850938545720892,0.000593332715587958
0.854529003719715,0.000605845601372449
0.858119461718537,0.000638392814239172
0.861709919717359,0.000654053991550644
0.865300377716182,0.000682882519384324
0.868890835715004,0.000709461250157472
0.872481293713826,0.000737468167948437
0.876071751712649,0.000766379830850711
0.879662209711471,0.000785564897544857
0.883252667710293,0.000817713385464501
0.886843125709115,0.000842815618128452
0.890433583707938,0.000888276413902734
0.89402404170676,0.0009305121685384
0.897614499705583,0.000969630510840532
0.901204957704405,0.00100985346396885
0.904795415703227,0.00104701992287279
0.90838587370205,0.0011018172869553
0.911976331700872,0.00115932453473686
0.915566789699694,0.00122294778833294
0.919157247698516,0.00129063696211551
0.922747705697339,0.00135808835783667
0.926338163696161,0.00142582619932671
0.929928621694984,0.00151031139879811
0.933519079693806,0.00160298653187833
0.937109537692628,0.00170854634795796
0.940699995691451,0.00182834710455836
0.944290453690273,0.00195119372320097
0.947880911689095,0.00210310711735295
0.951471369687917,0.00227413407846613
0.95506182768674,0.00247136523319907
0.958652285685562,0.00269610707213943
0.962242743684384,0.00297240205996757
0.965833201683207,0.00330892196496063
0.969423659682029,0.0037093753033468
0.973014117680852,0.00422857849457493
0.976604575679674,0.00490860092299017
0.980195033678496,0.00583683489314401
0.983785491677318,0.00717325879585627
0.987375949676141,0.00925179441373746
0.990966407674963,0.0130043825477385
0.994556865673785,0.0216935982299347
0.998147323672608,0.0640744683940458
1.00173778167143,0.0685662081916735
1.00532823967025,0.0227503862563737
1.00891869766907,0.0135403932832042
1.0125091556679,0.0096976761806074
1.01609961366672,0.00756276719511027
1.01969007166554,0.00621584931013691
1.02328052966436,0.00528112423523329
1.02687098766319,0.00460425619763461
1.03046144566201,0.00407786669040784
1.03405190366083,0.00366059845958146
1.03764236165965,0.0033289442563406
1.04123281965848,0.00305413735872149
1.0448232776573,0.0028168257150862
1.04841373565612,0.00261986409235479
1.05200419365494,0.00245305507194093
1.05559465165377,0.00230457580794895
1.05918510965259,0.00216689756645103
1.06277556765141,0.00205755654195382
1.06636602565023,0.00195375553275116
1.06995648364905,0.0018622721646197
1.07354694164788,0.00178102343222108
1.0771373996467,0.00169878881326981
1.08072785764552,0.00162936306640466
1.08431831564434,0.00157160097340183
1.08790877364317,0.00151320305673389
1.09149923164199,0.00145728689456056
1.09508968964081,0.00140860587349675
1.09868014763963,0.00136052473723906
1.10227060563846,0.00131658859020615
1.10586106363728,0.00127508278769925
1.1094515216361,0.00124145533715399
1.11304197963492,0.00121359439480405
1.11663243763374,0.00117299294713578
1.12022289563257,0.00114282868015955
1.12381335363139,0.00111303904441344
1.12740381163021,0.00108373888668177
1.13099426962903,0.00105770483977381
1.13458472762786,0.00103630603496613
1.13817518562668,0.00101007984573006
1.1417656436255,0.000982263216115796
1.14535610162432,0.000966760046589292
1.14894655962315,0.000947831750151952
1.15253701762197,0.000932130317133618
1.15612747562079,0.000909411113801196
1.15971793361961,0.000884771619955913
1.16330839161844,0.000876212866547642
1.16689884961726,0.000857993217799963
1.17048930761608,0.000839982776097853
1.1740797656149,0.000823863445705698
1.17767022361372,0.000804811716997216
1.18126068161255,0.000798715093676496
1.18485113961137,0.000788749933899618
1.18844159761019,0.000776840736484956
1.19203205560901,0.000760159742365424
1.19562251360784,0.000749225798788261
1.19921297160666,0.000732438641643407
1.20280342960548,0.000725196372542406
1.2063938876043,0.000713192994112011
1.20998434560313,0.000701769662933083
1.21357480360195,0.000691097742947353
1.21716526160077,0.000685367482034559
1.22075571959959,0.000678128135971873
1.22434617759841,0.000668739829696567
1.22793663559724,0.000655995677036572
1.23152709359606,0.00065097240192055
1.23511755159488,0.000645113649833986
1.2387080095937,0.000632366357627153
1.24229846759253,0.000627123359987723
1.24588892559135,0.000615257860594791
1.24947938359017,0.000610458995920768
1.25306984158899,0.000604683934503047
1.25666029958782,0.000598278441732142
1.26025075758664,0.000590320008822689
1.26384121558546,0.000583072198833474
1.26743167358428,0.000577383377858437
1.2710221315831,0.000568746256484361
1.27461258958193,0.000565723057499492
1.27820304758075,0.000558749216259336
1.28179350557957,0.000550835238539104
1.28538396357839,0.000545381698124289
1.28897442157722,0.000538526592406261
1.29256487957604,0.000535299486486487
1.29615533757486,0.000528215228625313
1.29974579557368,0.000524664694891091
1.30333625357251,0.000521863244354921
1.30692671157133,0.000516478233903593
1.31051716957015,0.000512313451059723
1.31410762756897,0.000507210449991895
1.3176980855678,0.000500810470522425
1.32128854356662,0.000494322625843863
1.32487900156544,0.000490441665755276
1.32846945956426,0.000489548779479732
1.33205991756308,0.000484500702878359
1.33565037556191,0.000479291032538169
1.33924083356073,0.000476299152968143
1.34283129155955,0.000473422968859716
1.34642174955837,0.000469999809038176
1.3500122075572,0.00046485728888253
1.35360266555602,0.000460897809600352
1.35719312355484,0.000457494692423087
1.36078358155366,0.00044978862624683
1.36437403955249,0.000452269962993169
1.36796449755131,0.000449857943055698
1.37155495555013,0.000446792569532648
1.37514541354895,0.000440910240252947
1.37873587154777,0.000438777764290867
1.3823263295466,0.000440681947380911
1.38591678754542,0.000435680443946873
1.38950724554424,0.000437521979626774
1.39309770354306,0.000439209312320014
1.39668816154189,0.000457600149477663
1.40027861954071,0.000670699510803121
1.40386907753953,0.00035098864707387
1.40745953553835,0.000384572747438884
1.41104999353718,0.00038384110554306
1.414640451536,0.000388322811436547
1.41823090953482,0.000386962959659549
1.42182136753364,0.000387473281504726
1.42541182553247,0.000386315088221735
1.42900228353129,0.000382324479453165
1.43259274153011,0.000384029453051852
1.43618319952893,0.000381020338904282
1.43977365752775,0.00037979208044762
1.44336411552658,0.000374636119047956
1.4469545735254,0.000373020455785863
1.45054503152422,0.00037247884007374
1.45413548952304,0.000369784861167033
1.45772594752187,0.000367319412710747
1.46131640552069,0.000366186718590737
1.46490686351951,0.000365151162500524
1.46849732151833,0.000362275829827578
1.47208777951716,0.000360499649430836
1.47567823751598,0.000358732338288772
1.4792686955148,0.000356889216774314
1.48285915351362,0.000351096476605309
1.48644961151244,0.000349798549002631
1.49004006951127,0.000349556390222685
1.49363052751009,0.000348183741976315
1.49722098550891,0.000344663741480723
1.50081144350773,0.000343237348479957
1.50440190150656,0.000342851985811282
1.50799235950538,0.000339212762032956
1.5115828175042,0.000336360238196956
1.51517327550302,0.000335911454999662
1.51876373350185,0.000334523417993143
1.52235419150067,0.00033127586926792
1.52594464949949,0.000330120993489326
1.52953510749831,0.000330221402182455
1.53312556549713,0.000328153582476932
1.53671602349596,0.000324464500089272
1.54030648149478,0.000321738514739148
1.5438969394936,0.000320646366402523
1.54748739749242,0.000319810856712065
1.55107785549125,0.000319297694979443
1.55466831349007,0.000318040856453133
1.55825877148889,0.000315334673813233
1.56184922948771,0.000311641337588411
1.56543968748654,0.000311705830333474
1.56903014548536,0.000310203039952411
1.57262060348418,0.000311343626522371
1.576211061483,0.000307006863991394
1.57980151948183,0.000303459650213865
1.58339197748065,0.000305566406419744
1.58698243547947,0.000304484457960139
1.59057289347829,0.000301772795230757
1.59416335147711,0.000299744011887295
1.59775380947594,0.000299751815275619
1.60134426747476,0.000297842332626863
1.60493472547358,0.000295622566251257
1.6085251834724,0.000293526607938271
1.61211564147123,0.00029131537497549
1.61570609947005,0.000291711011386801
1.61929655746887,0.000291135000149858
1.62288701546769,0.000290173549298441
1.62647747346652,0.000288783368995896
1.63006793146534,0.000285469204546352
1.63365838946416,0.000284947165217584
1.63724884746298,0.00028358273939931
1.6408393054618,0.000284714983767782
1.64442976346063,0.00028063813339117
1.64802022145945,0.000278621725952178
1.65161067945827,0.000279754388562964
1.65520113745709,0.000278583325588712
1.65879159545592,0.000276893865285075
1.66238205345474,0.000275081341228403
1.66597251145356,0.000274020450578286
1.66956296945238,0.00027234815971949
1.67315342745121,0.00027262205382912
1.67674388545003,0.000271307956773811
1.68033434344885,0.000269531006900937
1.68392480144767,0.000267926077683521
1.6875152594465,0.000267786675033199
1.69110571744532,0.000267007029840717
1.69469617544414,0.000264988078622823
1.69828663344296,0.000263769471823964
1.70187709144178,0.000263106159873795
1.70546754944061,0.000262986958113926
1.70905800743943,0.000261269240840833
1.71264846543825,0.000260003479047026
1.71623892343707,0.000258865607542685
1.7198293814359,0.000258609026534755
1.72341983943472,0.000258151750033955
1.72701029743354,0.000254463362088919
1.73060075543236,0.000254394628407896
1.73419121343119,0.000253252166466484
1.73778167143001,0.000251915821562819
1.74137212942883,0.000251969250872933
1.74496258742765,0.000250948332791924
1.74855304542647,0.000249002997185607
1.7521435034253,0.000248437356867121
1.75573396142412,0.000248296416819204
1.75932441942294,0.000247705166466746
1.76291487742176,0.000246300819746082
1.76650533542059,0.000244801062597278
1.77009579341941,0.000243450548634547
1.77368625141823,0.000243848682770369
1.77727670941705,0.00024196171334739
1.78086716741588,0.000241299655094853
1.7844576254147,0.000239287681844049
1.78804808341352,0.000238402408966055
1.79163854141234,0.000238794510708789
1.79522899941117,0.000233266437841627
1.79881945740999,0.000229425799118851
1.80240991540881,0.00032442859677046
1.80600037340763,0.000282417546356585
1.80959083140645,0.000229198118691941
1.81318128940528,0.000232786334271042
1.8167717474041,0.00023242415653831
1.82036220540292,0.000230533431869019
1.82395266340174,0.000232412752688452
1.82754312140057,0.0002305805780851
1.83113357939939,0.000229228513256236
1.83472403739821,0.000229022254753731
1.83831449539703,0.000227450593303057
1.84190495339586,0.000228771829033233
1.84549541139468,0.000227587714610245
1.8490858693935,0.000226063573137323
1.85267632739232,0.000225466965597314
1.85626678539114,0.000224513751474908
1.85985724338997,0.00022303230047751
1.86344770138879,0.000222610627498616
1.86703815938761,0.000223196141884332
1.87062861738643,0.000221329718293977
1.87421907538526,0.000220616448390235
1.87780953338408,0.000220915764552825
1.8813999913829,0.000219595282753245
1.88499044938172,0.000218566299176756
1.88858090738055,0.000217786369751947
1.89217136537937,0.000216609355368464
1.89576182337819,0.000215381705131232
1.89935228137701,0.000216732286998265
1.90294273937583,0.000216396000515267
1.90653319737466,0.00021487509916793
1.91012365537348,0.00021387696718086
1.9137141133723,0.000213329405337236
1.91730457137112,0.000212027905508785
1.92089502936995,0.000212317433266582
1.92448548736877,0.00021227928819085
1.92807594536759,0.000209736309587471
1.93166640336641,0.00020971149271277
1.93525686136524,0.000209144877758163
1.93884731936406,0.000208776798142065
1.94243777736288,0.000207706314068675
1.9460282353617,0.000207051169302618
1.94961869336053,0.000206076999524925
1.95320915135935,0.000206220305080592
1.95679960935817,0.000206494418384801
1.96039006735699,0.000204762631890324
1.96398052535581,0.000203326099951921
1.96757098335464,0.000202691507180447
1.97116144135346,0.000203105502007163
1.97475189935228,0.000202227945277217
1.9783423573511,0.000202053398632753
1.98193281534993,0.000201554707864716
1.98552327334875,0.000200261076092239
1.98911373134757,0.000200092698490494
1.99270418934639,0.000199805946671739
1.99629464734522,0.000198938419985267
1.99988510534404,0.000198071513472188
2.00347556334286,0.000197851286085892
2.00706602134168,0.000197224710983819
2.01065647934051,0.000196880153071187
2.01424693733933,0.000195715198145823
2.01783739533815,0.000195037566818576
2.02142785333697,0.000194947813652297
2.02501831133579,0.00019523888617482
2.02860876933462,0.000193950877604524
2.03219922733344,0.000193031927338794
2.03578968533226,0.000193085285757269
2.03938014333108,0.000192384887574616
2.04297060132991,0.00019214266614184
2.04656105932873,0.000191060316564482
2.05015151732755,0.000190385823629301
2.05374197532637,0.000190033834494586
2.05733243332519,0.000189555388252877
2.06092289132402,0.000190195747960766
2.06451334932284,0.000188496793834406
2.06810380732166,0.00018755082541251
2.07169426532048,0.00018673998974084
2.07528472331931,0.000186833925742458
2.07887518131813,0.000187540048476223
2.08246563931695,0.000185638289736145
2.08605609731577,0.000184757695984874
2.0896465553146,0.000184361703750219
2.09323701331342,0.000184944811957004
2.09682747131224,0.00018401189121273
2.10041792931106,0.000184196909296097
2.10400838730989,0.000183814021434511
2.10759884530871,0.000182273979004714
2.11118930330753,0.000180786512861336
2.11477976130635,0.000182161430939242
2.11837021930517,0.000181021392016704
2.121960677304,0.000180448874815436
2.12555113530282,0.000179973390339504
2.12914159330164,0.000179276579511875
2.13273205130046,0.000179099698358104
2.13632250929929,0.000178099234644036
2.13991296729811,0.000178078466506721
2.14350342529693,0.000177599645059993
2.14709388329575,0.000177576237733457
2.15068434129458,0.000177338001148214
2.1542747992934,0.00017613199099923
2.15786525729222,0.000175922092227001
2.16145571529104,0.000175781122681288
2.16504617328986,0.000174170957802693
2.16863663128869,0.000173379353680511
2.17222708928751,0.000172830666279572
2.17581754728633,0.000173976410198444
2.17940800528515,0.000171524160699454
2.18299846328398,0.000171357103663398
2.1865889212828,0.000170401656666677
2.19017937928162,0.000168522476831371
2.19376983728044,0.000167996181528925
2.19736029527927,0.000165415088814556
2.20095075327809,0.000152966217313097
2.20454121127691,0.00019345281246349
2.20813166927573,0.000176978548570513
2.21172212727456,0.000174014151302815
2.21531258527338,0.000173227172241414
2.2189030432722,0.000172188401370469
2.22249350127102,0.000170765198592909
2.22608395926984,0.000170127315686903
2.22967441726867,0.000169796222930138
2.23326487526749,0.000168279225492395
2.23685533326631,0.000168832815791848
2.24044579126513,0.000168499860682056
2.24403624926396,0.00016789213230582
2.24762670726278,0.000166577165448645
2.2512171652616,0.000166907719692212
2.25480762326042,0.000166522548483411
2.25839808125925,0.00016567938597144
2.26198853925807,0.000165237417617018
2.26557899725689,0.000165273151440503
2.26916945525571,0.000163973420193263
2.27275991325454,0.000163960748451604
2.27635037125336,0.000163728453627951
2.27994082925218,0.000163098821511628
2.283531287251,0.00016292793888391
2.28712174524982,0.000162818018719683
2.29071220324865,0.000161843240059607
2.29430266124747,0.000161573197634819
2.29789311924629,0.000161577930962882
2.30148357724511,0.00016068298231207
2.30507403524394,0.000160673803480182
2.30866449324276,0.000160990397729647
2.31225495124158,0.000159896220916057
2.3158454092404,0.000159294582706327
2.31943586723923,0.000159559874397095
2.32302632523805,0.000159164573930865
2.32661678323687,0.000158693466037183
2.33020724123569,0.000158113400353617
2.33379769923451,0.000157520921562295
2.33738815723334,0.00015732161211617
2.34097861523216,0.000156977430938948
2.34456907323098,0.000157063032897834
2.3481595312298,0.000155993643486507
2.35174998922863,0.000156134252187234
2.35534044722745,0.000155290859168295
2.35893090522627,0.000154892226365656
2.36252136322509,0.000155839100032572
2.36611182122392,0.00015471655844971
2.36970227922274,0.000154683851996423
2.37329273722156,0.000153666560928066
2.37688319522038,0.000154411116525592
2.38047365321921,0.000153670986175358
2.38406411121803,0.000153012903443034
2.38765456921685,0.000153187043366516
2.39124502721567,0.000151899295990522
2.39483548521449,0.000151903837715636
2.39842594321332,0.000151922546397824
2.40201640121214,0.000151912708791347
2.40560685921096,0.000150888719820057
2.40919731720978,0.000150913592161486
2.41278777520861,0.000151180425054842
2.41637823320743,0.00015017810075132
2.41996869120625,0.000149990461012334
2.42355914920507,0.00014956849224053
2.4271496072039,0.000149422481219571
2.43074006520272,0.000149560253246598
2.43433052320154,0.000148560302719334
2.43792098120036,0.000148301808062526
2.44151143919918,0.000147991033914173
2.44510189719801,0.000148213387229948
2.44869235519683,0.000147428136916402
2.45228281319565,0.000147448848645541
2.45587327119447,0.000147092327909201
2.4594637291933,0.00014657983095239
2.46305418719212,0.000146146769288221
2.46664464519094,0.000146774076578108
2.47023510318976,0.000145442471913945
2.47382556118859,0.000145826180547406
2.47741601918741,0.000145438754933384
2.48100647718623,0.00014502150500512
2.48459693518505,0.000144718664873941
2.48818739318387,0.000144377648406742
2.4917778511827,0.00014424793520239
2.49536830918152,0.000143144955729627
2.49895876718034,0.000143959464868748
2.50254922517916,0.000143170711319404
2.50613968317799,0.000142541501358954
2.50973014117681,0.000142773283034843
2.51332059917563,0.000142252993590856
2.51691105717445,0.000141670419078025
2.52050151517328,0.000141477265303911
2.5240919731721,0.000142004533791129
2.52768243117092,0.000141050034945012
2.53127288916974,0.000141206778612301
2.53486334716857,0.000140794497665352
2.53845380516739,0.000139895318347067
2.54204426316621,0.000140122076779542
2.54563472116503,0.000139837481556463
2.54922517916385,0.000139222782918027
2.55281563716268,0.000138759523976806
2.5564060951615,0.000138930627637945
2.55999655316032,0.000138873676594397
2.56358701115914,0.00013852635705418
2.56717746915797,0.000138222971411551
2.57076792715679,0.000137726151366615
2.57435838515561,0.000137649608811818
2.57794884315443,0.000137425888225696
2.58153930115326,0.000137188770741237
2.58512975915208,0.000137116644613461
2.5887202171509,0.000136224833983407
2.59231067514972,0.000135944721646387
2.59590113314854,0.000134865925280118
2.59949159114737,0.000134224588998955
2.60308204914619,0.000123275669726186
2.60667250714501,0.000141131537118678
2.61026296514383,0.00013362091962368
2.61385342314266,0.000135684598511193
2.61744388114148,0.000135073297792811
2.6210343391403,0.000134896610096763
2.62462479713912,0.000134626311261016
2.62821525513795,0.000134218152827092
2.63180571313677,0.000134411417415542
2.63539617113559,0.000134397606692761
2.63898662913441,0.000133557185506454
2.64257708713324,0.000133435353067591
2.64616754513206,0.000133065653075214
2.64975800313088,0.000133157701404092
2.6533484611297,0.000132918546596132
2.65693891912852,0.000132290886044891
2.66052937712735,0.000132222714709073
2.66411983512617,0.000131662849539453
2.66771029312499,0.000131669195000315
2.67130075112381,0.000131488841531283
2.67489120912264,0.000130972848439098
2.67848166712146,0.000130928940060164
2.68207212512028,0.000131184924230181
2.6856625831191,0.00013026413800731
2.68925304111792,0.000130094011331942
2.69284349911675,0.000130765173912895
2.69643395711557,0.000129775504810292
2.70002441511439,0.000129317332814859
2.70361487311321,0.000129760623226284
2.70720533111204,0.000129277534226412
2.71079578911086,0.000128987272280161
2.71438624710968,0.000128595741927648
2.7179767051085,0.000128358223613182
2.72156716310733,0.000128410510176724
2.72515762110615,0.000128617850810542
2.72874807910497,0.000127246676074472
2.73233853710379,0.000127798226436229
2.73592899510262,0.000127172671361425
2.73951945310144,0.000127181298234449
2.74310991110026,0.000127117989560776
2.74670036909908,0.000126936745691302
2.7502908270979,0.000126984658519306
2.75388128509673,0.000126357936271485
2.75747174309555,0.000126043331552871
2.76106220109437,0.000126098792666375
2.76465265909319,0.00012612672142698
2.76824311709202,0.000125104280071406
2.77183357509084,0.000125048395284006
2.77542403308966,0.000125308329440943
2.77901449108848,0.000125380370200357
2.78260494908731,0.000125072642957184
2.78619540708613,0.000124387245568064
2.78978586508495,0.000124240086931013
2.79337632308377,0.000124254220559882
2.7969667810826,0.000123580999310784
2.80055723908142,0.00012376487193116
2.80414769708024,0.000123287977292816
2.80773815507906,0.000123602774881521
2.81132861307788,0.000123096650865968
2.81491907107671,0.000123551695826537
2.81850952907553,0.000122819899360254
2.82209998707435,0.000122327966149641
2.82569044507317,0.000121849991218623
2.829280903072,0.000122130725242129
2.83287136107082,0.000122055801914696
2.83646181906964,0.000121862790983178
2.84005227706846,0.000121528140993808
2.84364273506729,0.000121156297319357
2.84723319306611,0.000121453449273173
2.85082365106493,0.000120835587527268
2.85441410906375,0.000120750336178742
2.85800456706257,0.000120525752305958
2.8615950250614,0.000120426288012661
2.86518548306022,0.000120158288134225
2.86877594105904,0.000120017947730995
2.87236639905786,0.000119924319236985
2.87595685705669,0.000119290297426777
2.87954731505551,0.000119257339078674
2.88313777305433,0.000119467005289537
2.88672823105315,0.000119393319960253
2.89031868905198,0.000118485887173167
2.8939091470508,0.000118400163701608
2.89749960504962,0.000118491776210692
2.90109006304844,0.000117936759547108
2.90468052104727,0.000117953185338282
2.90827097904609,0.000117843702317222
2.91186143704491,0.00011763859088749
2.91545189504373,0.000117419576173941
2.91904235304255,0.000117473127623949
2.92263281104138,0.000117107208644634
2.9262232690402,0.000117116176776242
2.92981372703902,0.000117205035505639
2.93340418503784,0.000116453319688956
2.93699464303667,0.000116463400005892
2.94058510103549,0.000116598023480602
2.94417555903431,0.000116260132729646
2.94776601703313,0.000115943422853804
2.95135647503196,0.000115584297369099
2.95494693303078,0.000115769919401621
2.9585373910296,0.000115178247813085
2.96212784902842,0.000115393483936311
2.96571830702724,0.000114824390505725
2.96930876502607,0.000115456470038714
2.97289922302489,0.000114843743637984
2.97648968102371,0.000114259187807028
2.98008013902253,0.000114560526349741
2.98367059702136,0.000114700855871906
2.98726105502018,0.000114074061182727
2.990851513019,0.000114278018129167
2.99444197101782,0.000114061709067237
2.99803242901665,0.000114160795351532
3.00162288701547,0.000114672897263517
3.00521334501429,0.000106739648548433
3.00880380301311,0.000113803518766866
3.01239426101194,0.000111872773960322
3.01598471901076,0.000111858031608728
3.01957517700958,0.00011170523727665
3.0231656350084,0.000112823052707114
3.02675609300722,0.000111800019946691
3.03034655100605,0.000111761955824497
3.03393700900487,0.000111785481767793
3.03752746700369,0.000111084035751726
3.04111792500251,0.000111210984874388
3.04470838300134,0.000111372706702655
3.04829884100016,0.000111333729214581
3.05188929899898,0.000110769250210109
3.0554797569978,0.000110752719598812
3.05907021499663,0.000110473005495665
3.06266067299545,0.000110267113469293
3.06625113099427,0.000110560720445389
3.06984158899309,0.00011016363480367
3.07343204699191,0.00011015490422248
3.07702250499074,0.000110108970399357
3.08061296298956,0.000109471520182962
3.08420342098838,0.000109295499317304
3.0877938789872,0.000109718286850975
3.09138433698603,0.000109807101377597
3.09497479498485,0.000109703668499039
3.09856525298367,0.000109235822323087
3.10215571098249,0.000108974723112563
3.10574616898132,0.000108895158501397
3.10933662698014,0.00010828122832265
3.11292708497896,0.00010857429659399
3.11651754297778,0.000107759751846415
3.1201080009766,0.000107891040427426
3.12369845897543,0.000107916354812071
3.12728891697425,0.000107318685350173
3.13087937497307,0.000107492521951461
3.13446983297189,0.000107117371128712
3.13806029097072,0.000107604710014867
3.14165074896954,0.000107214790788414
3.14524120696836,0.000107556594737926
3.14883166496718,0.000106955803800132
3.15242212296601,0.000106317014394665
3.15601258096483,0.000106672385393166
3.15960303896365,0.000106239405573684
3.16319349696247,0.000106399879286
3.1667839549613,0.000105978679491647
3.17037441296012,0.000105986909881973
3.17396487095894,0.000105976273903157
3.17755532895776,0.000105554724386596
3.18114578695658,0.000105423881477229
3.18473624495541,0.00010533279654585
3.18832670295423,0.000105583707279242
3.19191716095305,0.000105197658538902
3.19550761895187,0.000104839932374731
3.1990980769507,0.000104868641914654
3.20268853494952,0.000104788154605708
3.20627899294834,0.000104568565349232
3.20986945094716,0.000104873559316954
3.21345990894599,0.000104600201278934
3.21705036694481,0.000104637593827284
3.22064082494363,0.000104051348402916
3.22423128294245,0.000103971413392865
3.22782174094128,0.00010361497074862
3.2314121989401,0.000103447483206285
3.23500265693892,0.000103200019868697
3.23859311493774,0.000103259578264433
3.24218357293656,0.000103556692140782
3.24577403093539,0.000102996171594711
3.24936448893421,0.000102610854539669
3.25295494693303,0.000102949166929396
3.25654540493185,0.000102595285693637
3.26013586293068,0.000102863951085832
3.2637263209295,0.000102255336848235
3.26731677892832,0.000102521354932151
3.27090723692714,0.000102351272986198
3.27449769492596,0.000101628575718305
3.27808815292479,0.000101642667529054
3.28167861092361,0.000101522190437899
3.28526906892243,0.000101654725938853
3.28885952692125,0.000101484416603012
3.29244998492008,0.000101731737103676
3.2960404429189,0.000101231403221867
3.29963090091772,0.00010057541012629
3.30322135891654,0.000100973696495506
3.30681181691537,0.000100756139395651
3.31040227491419,0.000100921263156152
3.31399273291301,0.000100731712735615
3.31758319091183,0.000100354317244559
3.32117364891066,0.000100266969609585
3.32476410690948,0.000100242050700757
3.3283545649083,0.000100068001290353
3.33194502290712,0.000100054166116617
3.33553548090594,9.98689401049405e-05
3.33912593890477,9.9765258574603e-05
3.34271639690359,9.92796805724669e-05
3.34630685490241,9.93725888567552e-05
3.34989731290123,9.93326966101041e-05
3.35348777090006,9.89653719604696e-05
3.35707822889888,9.8965500845597e-05
3.3606686868977,9.90060335609981e-05
3.36425914489652,9.84529950244001e-05
3.36784960289535,9.88147382452743e-05
3.37144006089417,9.86900526563742e-05
3.37503051889299,9.86029622543886e-05
3.37862097689181,9.85837855713273e-05
3.38221143489063,9.83466531983145e-05
3.38580189288946,9.79399032619285e-05
3.38939235088828,9.83774438209462e-05
3.3929828088871,9.84091606498866e-05
3.39657326688592,9.78027724276734e-05
3.40016372488475,9.77821686611638e-05
3.40375418288357,9.89851534499389e-05
3.40734464088239,9.51784476937998e-05
3.41093509888121,9.68209801970415e-05
3.41452555688004,9.65293609022959e-05
3.41811601487886,9.66522023014635e-05
3.42170647287768,9.63187224200356e-05
3.4252969308765,9.71706708921179e-05
3.42888738887533,9.63793684114966e-05
3.43247784687415,9.6557476367342e-05
3.43606830487297,9.61307934657222e-05
3.43965876287179,9.63524040853629e-05
3.44324922087061,9.62910643997366e-05
3.44683967886944,9.55390695562487e-05
3.45043013686826,9.58297073304096e-05
3.45402059486708,9.59864839793532e-05
3.4576110528659,9.54999658463346e-05
3.46120151086473,9.57204378506993e-05
3.46479196886355,9.52471025829978e-05
3.46838242686237,9.51895088000459e-05
3.47197288486119,9.50798837121728e-05
3.47556334286002,9.50636613236948e-05
3.47915380085884,9.52042879990333e-05
3.48274425885766,9.50115427738348e-05
3.48633471685648,9.46254339883158e-05
3.48992517485531,9.46701317944891e-05
3.49351563285413,9.46883463671821e-05
3.49710609085295,9.45458657585372e-05
3.50069654885177,9.39955965161001e-05
3.50428700685059,9.41353063138218e-05
3.50787746484942,9.40484281882852e-05
3.51146792284824,9.39832031302878e-05
3.51505838084706,9.3816207689724e-05
3.51864883884588,9.36150483098525e-05
3.52223929684471,9.35054195650561e-05
3.52582975484353,9.3370832507512e-05
3.52942021284235,9.36542748611821e-05
3.53301067084117,9.36840170782558e-05
3.53660112884,9.31921951447228e-05
3.54019158683882,9.32583067581446e-05
3.54378204483764,9.2955140055455e-05
3.54737250283646,9.28492304054006e-05
3.55096296083528,9.25343171842348e-05
3.55455341883411,9.29257800808765e-05
3.55814387683293,9.25562378416298e-05
3.56173433483175,9.23344548077701e-05
3.56532479283057,9.23335394522675e-05
3.5689152508294,9.2315372878702e-05
3.57250570882822,9.21988706459381e-05
3.57609616682704,9.19896620967036e-05
3.57968662482586,9.16815606705694e-05
3.58327708282469,9.15454810042012e-05
3.58686754082351,9.18537791783639e-05
3.59045799882233,9.15638686551726e-05
3.59404845682115,9.15454669353166e-05
3.59763891481997,9.10041126971824e-05
3.6012293728188,9.12116874179945e-05
3.60481983081762,9.08945083178705e-05
3.60841028881644,9.08840784960762e-05
3.61200074681526,9.08052580959597e-05
3.61559120481409,9.0594912723312e-05
3.61918166281291,9.04514829575543e-05
3.62277212081173,9.05475099766402e-05
3.62636257881055,9.06900892043132e-05
3.62995303680938,9.02862251575857e-05
3.6335434948082,9.01912935901513e-05
3.63713395280702,9.0217093208416e-05
3.64072441080584,9.01701253961247e-05
3.64431486880467,9.03361825563164e-05
3.64790532680349,8.98186118947547e-05
3.65149578480231,8.97521740504974e-05
3.65508624280113,8.96980453017166e-05
3.65867670079995,8.9456124496014e-05
3.66226715879878,8.95961002162624e-05
3.6658576167976,8.92198706435942e-05
3.66944807479642,8.93219035528201e-05
3.67303853279524,8.91469387122245e-05
3.67662899079407,8.9386593498898e-05
3.68021944879289,8.89287330173724e-05
3.68380990679171,8.86256775128469e-05
3.68740036479053,8.89747040972335e-05
3.69099082278936,8.86690427213078e-05
3.69458128078818,8.87876024797515e-05
3.698171738787,8.86390973487592e-05
3.70176219678582,8.80848288045236e-05
3.70535265478464,8.8169071580513e-05
3.70894311278347,8.82756872830231e-05
3.71253357078229,8.81637876782815e-05
3.71612402878111,8.77357462181454e-05
3.71971448677993,8.8011221017364e-05
3.72330494477876,8.78290215015561e-05
3.72689540277758,8.74864310661565e-05
3.7304858607764,8.74059956878048e-05
3.73407631877522,8.74827963059405e-05
3.73766677677405,8.71712526429018e-05
3.74125723477287,8.75378236757904e-05
3.74484769277169,8.72713222576634e-05
3.74843815077051,8.71766929287678e-05
3.75202860876934,8.7085750836509e-05
3.75561906676816,8.70297431606883e-05
3.75920952476698,8.67860421864038e-05
3.7627999827658,8.66109430013209e-05
3.76639044076462,8.67310970950434e-05
3.76998089876345,8.66338313001614e-05
3.77357135676227,8.66251733503063e-05
3.77716181476109,8.63613476499286e-05
3.78075227275991,8.59797183434243e-05
3.78434273075874,8.62326704515162e-05
3.78793318875756,8.63240285032959e-05
3.79152364675638,8.59393945946154e-05
3.7951141047552,8.59129079191556e-05
3.79870456275403,8.64498635349665e-05
3.80229502075285,8.64578030470153e-05
3.80588547875167,8.76125165365443e-05
3.80947593675049,8.54568249039299e-05
3.81306639474931,8.48352238985895e-05
3.81665685274814,8.51278148469257e-05
3.82024731074696,8.52403763128706e-05
3.82383776874578,8.47258036956653e-05
3.8274282267446,8.48235440822905e-05
3.83101868474343,8.49265348802992e-05
3.83460914274225,8.50393732914543e-05
3.83819960074107,8.47115679053716e-05
3.84179005873989,8.45025702376727e-05
3.84538051673872,8.46460035749979e-05
3.84897097473754,8.45781113720856e-05
3.85256143273636,8.44686533898545e-05
3.85615189073518,8.43850605831531e-05
3.85974234873401,8.41733729342793e-05
3.86333280673283,8.42768119006523e-05
3.86692326473165,8.41439281250434e-05
3.87051372273047,8.41487407178614e-05
3.87410418072929,8.37139967634371e-05
3.87769463872812,8.37859336102373e-05
3.88128509672694,8.39424444911867e-05
3.88487555472576,8.36937835255928e-05
3.88846601272458,8.34985826399391e-05
3.89205647072341,8.32802890165489e-05
3.89564692872223,8.32968882248477e-05
3.89923738672105,8.32783097881053e-05
3.90282784471987,8.34079893842103e-05
3.9064183027187,8.31561696308399e-05
3.91000876071752,8.30996221942747e-05
3.91359921871634,8.32321227241124e-05
3.91718967671516,8.28746513247056e-05
3.92078013471399,8.29671498076116e-05
3.92437059271281,8.2704978486516e-05
3.92796105071163,8.24539249777547e-05
3.93155150871045,8.25352421070479e-05
3.93514196670927,8.26164017885083e-05
3.9387324247081,8.23108966221352e-05
3.94232288270692,8.20480477242589e-05
3.94591334070574,8.20624151603366e-05
3.94950379870456,8.21632522838408e-05
3.95309425670339,8.21313985139499e-05
3.95668471470221,8.21288113899997e-05
3.96027517270103,8.18420336532046e-05
3.96386563069985,8.18254801150899e-05
3.96745608869867,8.15499670403732e-05
3.9710465466975,8.157907906625e-05
3.97463700469632,8.15839728070877e-05
3.97822746269514,8.16303409872423e-05
3.98181792069396,8.14121979583155e-05
3.98540837869279,8.11225829329622e-05
3.98899883669161,8.11808866019353e-05
3.99258929469043,8.11740266026554e-05
3.99617975268925,8.10222912552002e-05
3.99977021068808,8.0900965552996e-05
4.0033606686869,8.08266268116775e-05
4.00695112668572,8.07411158717122e-05
4.01054158468454,8.05338785699432e-05
4.01413204268337,8.05316125049726e-05
4.01772250068219,8.0335709239546e-05
4.02131295868101,8.05359742668966e-05
4.02490341667983,8.04451496560455e-05
4.02849387467865,8.0482902183262e-05
4.03208433267748,8.01050688005408e-05
4.0356747906763,8.01975346579197e-05
4.03926524867512,8.01238556398901e-05
4.04285570667394,7.98496718240472e-05
4.04644616467277,7.99759517392584e-05
4.05003662267159,7.96622168349325e-05
4.05362708067041,7.94968576453924e-05
4.05721753866923,7.95620452120885e-05
4.06080799666806,7.96010642729087e-05
4.06439845466688,7.95696224260982e-05
4.0679889126657,7.93444472164032e-05
4.07157937066452,7.96164064672152e-05
4.07516982866334,7.92477197245652e-05
4.07876028666217,7.92979572181265e-05
4.08235074466099,7.90899153572814e-05
4.08594120265981,7.89155678596159e-05
4.08953166065863,7.8929188218482e-05
4.09312211865746,7.88335253003582e-05
4.09671257665628,7.88538483718953e-05
4.1003030346551,7.88512106023015e-05
4.10389349265392,7.88427647696537e-05
4.10748395065275,7.86275785015652e-05
4.11107440865157,7.85231504808356e-05
4.11466486665039,7.85579784988373e-05
4.11825532464921,7.83729919402405e-05
4.12184578264803,7.83122757479692e-05
4.12543624064686,7.82656308727136e-05
4.12902669864568,7.81354210691563e-05
4.1326171566445,7.78033425948357e-05
4.13620761464332,7.79968531695739e-05
4.13979807264215,7.7929317646215e-05
4.14338853064097,7.78253800632091e-05
4.14697898863979,7.76962012770861e-05
4.15056944663861,7.77096783231568e-05
4.15415990463744,7.74748223760437e-05
4.15775036263626,7.74700441766171e-05
4.16134082063508,7.76015864398017e-05
4.1649312786339,7.73187276742555e-05
4.16852173663272,7.74041338444844e-05
4.17211219463155,7.71020488779927e-05
4.17570265263037,7.71821136467592e-05
4.17929311062919,7.70380028758888e-05
4.18288356862801,7.70149059332665e-05
4.18647402662684,7.68878893694986e-05
4.19006448462566,7.69525218000806e-05
4.19365494262448,7.69314481983386e-05
4.1972454006233,7.62432411928503e-05
4.20083585862213,7.65530640718211e-05
4.20442631662095,7.67372869955878e-05
4.20801677461977,7.76346649394163e-05
4.21160723261859,7.67242589206612e-05
4.21519769061742,7.61599889520838e-05
4.21878814861624,7.63609177326997e-05
4.22237860661506,7.63302154125569e-05
4.22596906461388,7.61949087196645e-05
4.22955952261271,7.6184807191759e-05
4.23314998061153,7.5856239193095e-05
4.23674043861035,7.58647033655245e-05
4.24033089660917,7.58994792129503e-05
4.24392135460799,7.56886358110676e-05
4.24751181260682,7.57830958230802e-05
4.25110227060564,7.56698989849749e-05
4.25469272860446,7.5526805144963e-05
4.25828318660328,7.54670881474283e-05
4.26187364460211,7.54528190348738e-05
4.26546410260093,7.53303223909093e-05
4.26905456059975,7.52085371288978e-05
4.27264501859857,7.54449808424144e-05
4.2762354765974,7.49962065925733e-05
4.27982593459622,7.50350247592176e-05
4.28341639259504,7.5024481007442e-05
4.28700685059386,7.49479171500608e-05
4.29059730859268,7.48179773900071e-05
4.29418776659151,7.46133382997898e-05
4.29777822459033,7.4625877355301e-05
4.30136868258915,7.45231200447747e-05
4.30495914058797,7.4359392823583e-05
4.3085495985868,7.45070653607253e-05
4.31214005658562,7.4529282053815e-05
4.31573051458444,7.44878195085126e-05
4.31932097258326,7.43690762406504e-05
4.32291143058209,7.4386234818346e-05
4.32650188858091,7.42137501932984e-05
4.33009234657973,7.4122754654297e-05
4.33368280457855,7.40456947178617e-05
4.33727326257737,7.38396548104192e-05
4.3408637205762,7.3980381718162e-05
4.34445417857502,7.38366199485042e-05
4.34804463657384,7.36489451623381e-05
4.35163509457266,7.38567162074282e-05
4.35522555257149,7.3706143883923e-05
4.35881601057031,7.36810963716062e-05
4.36240646856913,7.34839722411879e-05
4.36599692656795,7.34627818061825e-05
4.36958738456678,7.34686187925297e-05
4.3731778425656,7.33404772317777e-05
4.37676830056442,7.30982344781481e-05
4.38035875856324,7.30884007374945e-05
4.38394921656207,7.32726429274513e-05
4.38753967456089,7.29832343503358e-05
4.39113013255971,7.28701254348399e-05
4.39472059055853,7.29244355723028e-05
4.39831104855736,7.2947310916874e-05
4.40190150655618,7.26612412552488e-05
4.405491964555,7.28533244542639e-05
4.40908242255382,7.26305077569785e-05
4.41267288055264,7.24609282257194e-05
4.41626333855147,7.23323860946092e-05
4.41985379655029,7.23980284814603e-05
4.42344425454911,7.23096810450267e-05
4.42703471254793,7.21634761656844e-05
4.43062517054676,7.22799752124857e-05
4.43421562854558,7.22295808356496e-05
4.4378060865444,7.22241602939375e-05
4.44139654454322,7.21740925854294e-05
4.44498700254205,7.20364016325432e-05
4.44857746054087,7.19336012217574e-05
4.45216791853969,7.19810726898695e-05
4.45575837653851,7.18960932128991e-05
4.45934883453733,7.16605678031155e-05
4.46293929253616,7.16638827133545e-05
4.46652975053498,7.16211441800305e-05
4.4701202085338,7.14174893259144e-05
4.47371066653262,7.17199498907506e-05
4.47730112453145,7.17073145088527e-05
4.48089158253027,7.15569519823063e-05
4.48448204052909,7.13166909921174e-05
4.48807249852791,7.12730924893276e-05
4.49166295652673,7.12173163748721e-05
4.49525341452556,7.11336384519196e-05
4.49884387252438,7.11546506181883e-05
4.5024343305232,7.10293804257958e-05
4.50602478852202,7.09840417911005e-05
4.50961524652085,7.08922097562623e-05
4.51320570451967,7.07811605387583e-05
4.51679616251849,7.07616700423813e-05
4.52038662051731,7.06353381361396e-05
4.52397707851614,7.07385720718791e-05
4.52756753651496,7.069331235679e-05
4.53115799451378,7.06529928787665e-05
4.5347484525126,7.02856539623173e-05
4.53833891051143,7.02902477121832e-05
4.54192936851025,7.02676404335514e-05
4.54551982650907,7.03136232543613e-05
4.54911028450789,7.02558816911332e-05
4.55270074250671,7.0080691683545e-05
4.55629120050554,7.01834514028944e-05
4.55988165850436,7.01896174849267e-05
4.56347211650318,7.00386406544025e-05
4.567062574502,6.99085055353873e-05
4.57065303250083,6.98659714600383e-05
4.57424349049965,6.98403359523404e-05
4.57783394849847,6.96307759916058e-05
4.58142440649729,6.98031272759654e-05
4.58501486449612,6.95998760606299e-05
4.58860532249494,6.95485775320057e-05
4.59219578049376,6.93826247609182e-05
4.59578623849258,6.93639559683556e-05
4.59937669649141,6.99040928563775e-05
4.60296715449023,6.94301346749899e-05
4.60655761248905,6.89561271949398e-05
4.61014807048787,6.94150031131114e-05
4.61373852848669,6.91622493916915e-05
4.61732898648552,6.9223721903378e-05
4.62091944448434,6.91053942260774e-05
4.62450990248316,6.89404260003987e-05
4.62810036048198,6.88234137984208e-05
4.63169081848081,6.89183296123029e-05
4.63528127647963,6.86237906863786e-05
4.63887173447845,6.87820755827841e-05
4.64246219247727,6.86046247792873e-05
4.6460526504761,6.85361237481348e-05
4.64964310847492,6.86668579741233e-05
4.65323356647374,6.8455087672738e-05
4.65682402447256,6.83878210204954e-05
4.66041448247138,6.82682238993066e-05
4.66400494047021,6.82923148830187e-05
4.66759539846903,6.82755197681397e-05
4.67118585646785,6.82036489157969e-05
4.67477631446667,6.82118326357398e-05
4.6783667724655,6.80311153868601e-05
4.68195723046432,6.80374888396185e-05
4.68554768846314,6.79267344926048e-05
4.68913814646196,6.80106753862627e-05
4.69272860446079,6.78784098534492e-05
4.69631906245961,6.774678360391e-05
4.69990952045843,6.7797427385844e-05
4.70349997845725,6.77441362890963e-05
4.70709043645607,6.7672538275967e-05
4.7106808944549,6.76380564161787e-05
4.71427135245372,6.75263513483364e-05
4.71786181045254,6.75064561465201e-05
4.72145226845136,6.75856681000098e-05
4.72504272645019,6.74812957765168e-05
4.72863318444901,6.73098398898014e-05
4.73222364244783,6.71603907129842e-05
4.73581410044665,6.71095813948419e-05
4.73940455844548,6.72232636535555e-05
4.7429950164443,6.70981638010265e-05
4.74658547444312,6.70986873903748e-05
4.75017593244194,6.70015363432098e-05
4.75376639044077,6.67856344164322e-05
4.75735684843959,6.67073267323972e-05
4.76094730643841,6.68681529129241e-05
4.76453776443723,6.68617125533611e-05
4.76812822243606,6.66191629857129e-05
4.77171868043488,6.65127227092611e-05
4.7753091384337,6.65668482113062e-05
4.77889959643252,6.65322198231619e-05
4.78249005443134,6.65729700606744e-05
4.78608051243017,6.65148551613007e-05
4.78967097042899,6.62916677018303e-05
4.79326142842781,6.62796349552204e-05
4.79685188642663,6.62909075326516e-05
4.80044234442546,6.63385250783113e-05
4.80403280242428,6.60649904369192e-05
4.8076232604231,6.61957749599167e-05
4.81121371842192,6.61351911140014e-05
4.81480417642075,6.61580892965934e-05
4.81839463441957,6.60375072655791e-05
4.82198509241839,6.60399580208666e-05
4.82557555041721,6.5828670284346e-05
4.82916600841603,6.58404439458645e-05
4.83275646641486,6.58760665545335e-05
4.83634692441368,6.57491188452928e-05
4.8399373824125,6.5525176752105e-05
4.84352784041132,6.5639360883172e-05
4.84711829841015,6.55795409096427e-05
4.85070875640897,6.55590395392292e-05
4.85429921440779,6.54700500073903e-05
4.85788967240661,6.53823608748827e-05
4.86148013040544,6.53308828194381e-05
4.86507058840426,6.52494399453769e-05
4.86866104640308,6.52625528567161e-05
4.8722515044019,6.51114374387481e-05
4.87584196240072,6.51286742718513e-05
4.87943242039955,6.50390524976526e-05
4.88302287839837,6.50626107431055e-05
4.88661333639719,6.49489482004884e-05
4.89020379439601,6.48708723054414e-05
4.89379425239484,6.48918984925677e-05
4.89738471039366,6.48224814765407e-05
4.90097516839248,6.48655561778704e-05
4.9045656263913,6.47082341346434e-05
4.90815608439013,6.46488709401069e-05
4.91174654238895,6.45242940270066e-05
4.91533700038777,6.45553713141864e-05
4.91892745838659,6.45975655322347e-05
4.92251791638541,6.44231875153305e-05
4.92610837438424,6.44104339657699e-05
4.92969883238306,6.4479286325628e-05
4.93328929038188,6.44648267541878e-05
4.9368797483807,6.43469295359391e-05
4.94047020637953,6.42128614091856e-05
4.94406066437835,6.41023539949082e-05
4.94765112237717,6.41723260779259e-05
4.95124158037599,6.42157222523409e-05
4.95483203837482,6.40585785731568e-05
4.95842249637364,6.38630869358574e-05
4.96201295437246,6.38818261106856e-05
4.96560341237128,6.40445989854429e-05
4.96919387037011,6.39006561625405e-05
4.97278432836893,6.36473864744542e-05
4.97637478636775,6.36797602810336e-05
4.97996524436657,6.37327517575933e-05
4.98355570236539,6.38194509312765e-05
4.98714616036422,6.3530016186676e-05
4.99073661836304,6.32600229765617e-05
4.99432707636186,6.35377570323511e-05
4.99791753436068,6.35650882391247e-05
