freqs,specs
-2.99803242901665,2.9316746473375e-05
-2.99444197101782,2.98960238156509e-05
-2.990851513019,3.00418124654912e-05
-2.98726105502018,3.01206937002675e-05
-2.98367059702136,3.01768400179634e-05
-2.98008013902253,3.02225741818514e-05
-2.97648968102371,3.02626866999474e-05
-2.97289922302489,3.02994249545686e-05
-2.96930876502607,3.03340217285165e-05
-2.96571830702724,3.03671375949294e-05
-2.96212784902842,3.03991932779465e-05
-2.9585373910296,3.04305889192921e-05
-2.95494693303078,3.04612867052745e-05
-2.95135647503196,3.04916178693675e-05
-2.94776601703313,3.05216132988384e-05
-2.94417555903431,3.05513479188959e-05
-2.94058510103549,3.05808940941668e-05
-2.93699464303667,3.06102837783095e-05
-2.93340418503784,3.06395489031992e-05
-2.92981372703902,3.06687218222798e-05
-2.9262232690402,3.06978265043795e-05
-2.92263281104138,3.07268755841199e-05
-2.91904235304255,3.07560809076046e-05
-2.91545189504373,3.07847251545937e-05
-2.91186143704491,3.0813722146602e-05
-2.90827097904609,3.08426451186886e-05
-2.90468052104727,3.08715738052273e-05
-2.90109006304844,3.09005088999227e-05
-2.89749960504962,3.09294473149125e-05
-2.8939091470508,3.09583982954416e-05
-2.89031868905198,3.09873620326331e-05
-2.88672823105315,3.10163493350755e-05
-2.88313777305433,3.10453594201225e-05
-2.87954731505551,3.10744014603172e-05
-2.87595685705669,3.11034289590394e-05
-2.87236639905786,3.11325376707323e-05
-2.86877594105904,3.11616599527876e-05
-2.86518548306022,3.11908221188237e-05
-2.8615950250614,3.12200137621068e-05
-2.85800456706257,3.12492487423068e-05
-2.85441410906375,3.12785181446873e-05
-2.85082365106493,3.1307835986588e-05
-2.84723319306611,3.13371774859989e-05
-2.84364273506729,3.13665692268427e-05
-2.84005227706846,3.13960044367829e-05
-2.83646181906964,3.14258494553193e-05
-2.83287136107082,3.14550589419489e-05
-2.829280903072,3.1484500026466e-05
-2.82569044507317,3.15141910078232e-05
-2.82209998707435,3.15438819843606e-05
-2.81850952907553,3.15735877772624e-05
-2.81491907107671,3.16033501703952e-05
-2.81132861307788,3.16331605511629e-05
-2.80773815507906,3.16630214157224e-05
-2.80414769708024,3.16929311272698e-05
-2.80055723908142,3.17228878199613e-05
-2.7969667810826,3.17528771511334e-05
-2.79337632308377,3.17829999917662e-05
-2.78978586508495,3.1813239436453e-05
-2.78619540708613,3.18432136308866e-05
-2.78260494908731,3.1873438576208e-05
-2.77901449108848,3.19037220804757e-05
-2.77542403308966,3.19340380298498e-05
-2.77183357509084,3.19644202904042e-05
-2.76824311709202,3.19948479090141e-05
-2.76465265909319,3.20253346812682e-05
-2.76106220109437,3.20558683037006e-05
-2.75747174309555,3.2086457134958e-05
-2.75388128509673,3.21171091785364e-05
-2.7502908270979,3.21477516344423e-05
-2.74670036909908,3.21786894232842e-05
-2.74310991110026,3.22094424729132e-05
-2.73951945310144,3.2240284661274e-05
-2.73592899510262,3.22712066178867e-05
-2.73233853710379,3.23021850948553e-05
-2.72874807910497,3.23332198167111e-05
-2.72515762110615,3.23643065639824e-05
-2.72156716310733,3.23954506417544e-05
-2.7179767051085,3.24266525375252e-05
-2.71438624710968,3.24579148896827e-05
-2.71079578911086,3.24892109420119e-05
-2.70720533111204,3.25206149973949e-05
-2.70361487311321,3.25519898181022e-05
-2.70002441511439,3.25834508178521e-05
-2.69643395711557,3.2614952279319e-05
-2.69284349911675,3.26465004504047e-05
-2.68925304111792,3.26780686504145e-05
-2.6856625831191,3.27096486030667e-05
-2.68207212512028,3.27412110716288e-05
-2.67848166712146,3.27726693048722e-05
-2.67489120912264,3.28038072144125e-05
-2.67130075112381,3.28338529238812e-05
-2.66771029312499,3.28500712715455e-05
-2.66411983512617,3.29110269502552e-05
-2.66052937712735,3.29383386858034e-05
-2.65693891912852,3.29692736293308e-05
-2.6533484611297,3.30009945811648e-05
-2.64975800313088,3.3033035889992e-05
-2.64616754513206,3.30652622617637e-05
-2.64257708713324,3.30976124178976e-05
-2.63898662913441,3.31300683290158e-05
-2.63539617113559,3.31626236279153e-05
-2.63180571313677,3.3195304309646e-05
-2.62821525513795,3.32280829829385e-05
-2.62462479713912,3.32603674008285e-05
-2.6210343391403,3.32934863579449e-05
-2.61744388114148,3.33263588100446e-05
-2.61385342314266,3.33593854878501e-05
-2.61026296514383,3.33924527975828e-05
-2.60667250714501,3.34255805071711e-05
-2.60308204914619,3.34587757930143e-05
-2.59949159114737,3.34920401552712e-05
-2.59590113314854,3.35253681109069e-05
-2.59231067514972,3.35587536588243e-05
-2.5887202171509,3.35922319533051e-05
-2.58512975915208,3.3625826237336e-05
-2.58153930115326,3.36593497386506e-05
-2.57794884315443,3.36930541329381e-05
-2.57435838515561,3.3726757732699e-05
-2.57076792715679,3.37605574078535e-05
-2.56717746915797,3.37944289310851e-05
-2.56358701115914,3.38283665209162e-05
-2.55999655316032,3.38623727482233e-05
-2.5564060951615,3.38964491508459e-05
-2.55281563716268,3.39305932299585e-05
-2.54922517916385,3.39648096542932e-05
-2.54563472116503,3.39991083929082e-05
-2.54204426316621,3.40334188041724e-05
-2.53845380516739,3.40678498573438e-05
-2.53486334716857,3.41023436553159e-05
-2.53127288916974,3.41369026589694e-05
-2.52768243117092,3.41715388202044e-05
-2.5240919731721,3.42062408153152e-05
-2.52050151517328,3.42410113602622e-05
-2.51691105717445,3.42758445393932e-05
-2.51332059917563,3.43107677098253e-05
-2.50973014117681,3.43457352796847e-05
-2.50613968317799,3.43807895951353e-05
-2.50254922517916,3.44160539201637e-05
-2.49895876718034,3.44511623078748e-05
-2.49536830918152,3.44864440394482e-05
-2.4917778511827,3.45217790997625e-05
-2.48818739318387,3.45572000031916e-05
-2.48459693518505,3.45926879509693e-05
-2.48100647718623,3.46282497670703e-05
-2.47741601918741,3.46638878440697e-05
-2.47382556118859,3.46995925670634e-05
-2.47023510318976,3.4735370415392e-05
-2.46664464519094,3.4771252564317e-05
-2.46305418719212,3.48071819285015e-05
-2.4594637291933,3.48431907059404e-05
-2.45587327119447,3.48798527236548e-05
-2.45228281319565,3.49154354421059e-05
-2.44869235519683,3.49516582056132e-05
-2.44510189719801,3.49879756477822e-05
-2.44151143919918,3.50243603728064e-05
-2.43792098120036,3.50608269663825e-05
-2.43433052320154,3.50973665744361e-05
-2.43074006520272,3.51339795741244e-05
-2.4271496072039,3.51706789249899e-05
-2.42355914920507,3.52074486237736e-05
-2.41996869120625,3.52442963147228e-05
-2.41637823320743,3.52812389656948e-05
-2.41278777520861,3.53182038765514e-05
-2.40919731720978,3.53552945748859e-05
-2.40560685921096,3.53924591868335e-05
-2.40201640121214,3.54296991887935e-05
-2.39842594321332,3.5467021978978e-05
-2.39483548521449,3.55044234534785e-05
-2.39124502721567,3.55419044343826e-05
-2.38765456921685,3.55794697985738e-05
-2.38406411121803,3.5617099882364e-05
-2.38047365321921,3.56548658126443e-05
-2.37688319522038,3.56925677648817e-05
-2.37329273722156,3.5730971262566e-05
-2.36970227922274,3.57686612717247e-05
-2.36611182122392,3.58067022419156e-05
-2.36252136322509,3.58448676499294e-05
-2.35893090522627,3.58831452989324e-05
-2.35534044722745,3.59215306051588e-05
-2.35174998922863,3.59600521597427e-05
-2.3481595312298,3.59987382626498e-05
-2.34456907323098,3.60376648807976e-05
-2.34097861523216,3.60770546640998e-05
-2.33738815723334,3.61180359594532e-05
-2.33379769923451,3.61940144127448e-05
-2.33020724123569,3.61845498007675e-05
-2.32661678323687,3.62268350178743e-05
-2.32302632523805,3.62668420784345e-05
-2.31943586723923,3.63064062896958e-05
-2.3158454092404,3.63458702417875e-05
-2.31225495124158,3.63853128086803e-05
-2.30866449324276,3.64247652554062e-05
-2.30507403524394,3.64642463474322e-05
-2.30148357724511,3.65037649218873e-05
-2.29789311924629,3.6543185332891e-05
-2.29430266124747,3.65818223224946e-05
-2.29071220324865,3.66250879389506e-05
-2.28712174524982,3.66638358210347e-05
-2.283531287251,3.67035932991599e-05
-2.27994082925218,3.67435730187981e-05
-2.27635037125336,3.6783670423877e-05
-2.27275991325454,3.68238754937553e-05
-2.26916945525571,3.68641846123103e-05
-2.26557899725689,3.69045770591824e-05
-2.26198853925807,3.69450736302176e-05
-2.25839808125925,3.69856457831784e-05
-2.25480762326042,3.70263242381134e-05
-2.2512171652616,3.70670884815108e-05
-2.24762670726278,3.7107935633133e-05
-2.24403624926396,3.71488791565536e-05
-2.24044579126513,3.71899080884529e-05
-2.23685533326631,3.72310281647245e-05
-2.23326487526749,3.72722385747251e-05
-2.22967441726867,3.73135446917281e-05
-2.22608395926984,3.73549402027503e-05
-2.22249350127102,3.73964247134618e-05
-2.2189030432722,3.74379930717679e-05
-2.21531258527338,3.74796279908911e-05
-2.21172212727456,3.75210945051893e-05
-2.20813166927573,3.7563467880684e-05
-2.20454121127691,3.76053237464936e-05
-2.20095075327809,3.76473777381023e-05
-2.19736029527927,3.76895085906897e-05
-2.19376983728044,3.77317428950093e-05
-2.19017937928162,3.77740698855136e-05
-2.1865889212828,3.78164924203851e-05
-2.18299846328398,3.7859012408173e-05
-2.17940800528515,3.79016293170726e-05
-2.17581754728633,3.79443357388355e-05
-2.17222708928751,3.79871344832936e-05
-2.16863663128869,3.80300985475448e-05
-2.16504617328986,3.80730474371627e-05
-2.16145571529104,3.81162256688125e-05
-2.15786525729222,3.81594147559943e-05
-2.1542747992934,3.82026830188914e-05
-2.15068434129458,3.82460804261202e-05
-2.14709388329575,3.8289582789704e-05
-2.14350342529693,3.83331769832894e-05
-2.13991296729811,3.83768721868425e-05
-2.13632250929929,3.84206673447752e-05
-2.13273205130046,3.84645702150938e-05
-2.12914159330164,3.85085534711603e-05
-2.12555113530282,3.85526972966627e-05
-2.121960677304,3.85965930655088e-05
-2.11837021930517,3.86411083102139e-05
-2.11477976130635,3.8685541441941e-05
-2.11118930330753,3.87300452735258e-05
-2.10759884530871,3.87746438738761e-05
-2.10400838730989,3.88193656917459e-05
-2.10041792931106,3.88641780613877e-05
-2.09682747131224,3.8909095285527e-05
-2.09323701331342,3.89541203123031e-05
-2.0896465553146,3.89992475317989e-05
-2.08605609731577,3.90444886864655e-05
-2.08246563931695,3.90898935166022e-05
-2.07887518131813,3.91352274472287e-05
-2.07528472331931,3.91807882858866e-05
-2.07169426532048,3.92264443952721e-05
-2.06810380732166,3.92722061336377e-05
-2.06451334932284,3.93180738173769e-05
-2.06092289132402,3.93640483403895e-05
-2.05733243332519,3.94101336874659e-05
-2.05374197532637,3.94563142740631e-05
-2.05015151732755,3.95026229041256e-05
-2.04656105932873,3.95490336860416e-05
-2.04297060132991,3.95955761584139e-05
-2.03938014333108,3.96421058751835e-05
-2.03578968533226,3.96888833633794e-05
-2.03219922733344,3.97357259386074e-05
-2.02860876933462,3.97826844786481e-05
-2.02501831133579,3.98297517812204e-05
-2.02142785333697,3.98769245170888e-05
-2.01783739533815,3.99242080050043e-05
-2.01424693733933,3.99715990683181e-05
-2.01065647934051,4.00190778007478e-05
-2.00706602134168,4.00666163443824e-05
-2.00347556334286,4.01142362689721e-05
-1.99988510534404,4.01729153489162e-05
-1.99629464734522,4.02107289770107e-05
-1.99270418934639,4.0258666268989e-05
-1.98911373134757,4.03068039266023e-05
-1.98552327334875,4.03551112252305e-05
-1.98193281534993,4.04035200914269e-05
-1.9783423573511,4.04520431139197e-05
-1.97475189935228,4.05007018756776e-05
-1.97116144135346,4.05494922752628e-05
-1.96757098335464,4.05983704039548e-05
-1.96398052535581,4.06473673711719e-05
-1.96039006735699,4.0696342318005e-05
-1.95679960935817,4.07459286630588e-05
-1.95320915135935,4.07952743489747e-05
-1.94961869336053,4.08446937940574e-05
-1.9460282353617,4.08942958686291e-05
-1.94243777736288,4.0944036033623e-05
-1.93884731936406,4.0993889942336e-05
-1.93525686136524,4.10438673013589e-05
-1.93166640336641,4.10939615903352e-05
-1.92807594536759,4.11441886482811e-05
-1.92448548736877,4.11945198286733e-05
-1.92089502936995,4.12450079888099e-05
-1.91730457137112,4.12955395549756e-05
-1.9137141133723,4.13463101259662e-05
-1.91012365537348,4.13970733852495e-05
-1.90653319737466,4.14480630306943e-05
-1.90294273937583,4.14991568441091e-05
-1.89935228137701,4.15503723979837e-05
-1.89576182337819,4.16017061188124e-05
-1.89217136537937,4.16531676830149e-05
-1.88858090738055,4.17047591924208e-05
-1.88499044938172,4.17564744932773e-05
-1.8813999913829,4.18083169431658e-05
-1.87780953338408,4.18602133891926e-05
-1.87421907538526,4.19124033231644e-05
-1.87062861738643,4.1964625596147e-05
-1.86703815938761,4.20169817930311e-05
-1.86344770138879,4.20694681751127e-05
-1.85985724338997,4.21220820827882e-05
-1.85626678539114,4.21748271421733e-05
-1.85267632739232,4.22277049319166e-05
-1.8490858693935,4.22807069301119e-05
-1.84549541139468,4.23338482536123e-05
-1.84190495339586,4.23871357899609e-05
-1.83831449539703,4.24405964801138e-05
-1.83472403739821,4.24939386062295e-05
-1.83113357939939,4.25476584168371e-05
-1.82754312140057,4.26014640940388e-05
-1.82395266340174,4.26554031746633e-05
-1.82036220540292,4.27094541656622e-05
-1.8167717474041,4.27636463815043e-05
-1.81318128940528,4.28179702908147e-05
-1.80959083140645,4.28724293111085e-05
-1.80600037340763,4.29270173069902e-05
-1.80240991540881,4.29817147869352e-05
-1.79881945740999,4.30365903872569e-05
-1.79522899941117,4.30915938764131e-05
-1.79163854141234,4.31466830533297e-05
-1.78804808341352,4.32020243803776e-05
-1.7844576254147,4.3257363871478e-05
-1.78086716741588,4.33128719742814e-05
-1.77727670941705,4.33685209874113e-05
-1.77368625141823,4.34242829833564e-05
-1.77009579341941,4.34801868897229e-05
-1.76650533542059,4.35362205419295e-05
-1.76291487742176,4.3592377498815e-05
-1.75932441942294,4.36486616546205e-05
-1.75573396142412,4.37050672712322e-05
-1.7521435034253,4.37615762225005e-05
-1.74855304542647,4.3817935405783e-05
-1.74496258742765,4.38750025483581e-05
-1.74137212942883,4.39318492058393e-05
-1.73778167143001,4.39888100328901e-05
-1.73419121343119,4.40458653340472e-05
-1.73060075543236,4.41030079512212e-05
-1.72701029743354,4.41602214502792e-05
-1.72341983943472,4.42174937627152e-05
-1.7198293814359,4.42748244938025e-05
-1.71623892343707,4.43321492414915e-05
-1.71264846543825,4.43894884195466e-05
-1.70905800743943,4.4446751230955e-05
-1.70546754944061,4.45039066403379e-05
-1.70187709144178,4.45608655916227e-05
-1.69828663344296,4.46175250442722e-05
-1.69469617544414,4.46736785923925e-05
-1.69110571744532,4.47290636782965e-05
-1.6875152594465,4.47831843764401e-05
-1.68392480144767,4.48351581598683e-05
-1.68033434344885,4.48831675077604e-05
-1.67674388545003,4.4922833329154e-05
-1.67315342745121,4.49400089662092e-05
-1.66956296945238,4.48508407700619e-05
-1.66597251145356,4.63351785452872e-05
-1.66238205345474,4.54274139242199e-05
-1.65879159545592,4.54041880145342e-05
-1.65520113745709,4.54339421096941e-05
-1.65161067945827,4.5478817727714e-05
-1.64802022145945,4.55301910140403e-05
-1.64442976346063,4.55849933632292e-05
-1.6408393054618,4.56418587625128e-05
-1.63724884746298,4.57000867011223e-05
-1.63365838946416,4.57592948475327e-05
-1.63006793146534,4.5819260244008e-05
-1.62647747346652,4.58796957499968e-05
-1.62288701546769,4.59408857851953e-05
-1.61929655746887,4.60023512847562e-05
-1.61570609947005,4.60641277065037e-05
-1.61211564147123,4.61262698392684e-05
-1.6085251834724,4.61887077799568e-05
-1.60493472547358,4.62514274340854e-05
-1.60134426747476,4.63144060900756e-05
-1.59775380947594,4.63776369347647e-05
-1.59416335147711,4.64411029059247e-05
-1.59057289347829,4.65047806465672e-05
-1.58698243547947,4.6568672072962e-05
-1.58339197748065,4.66329630447403e-05
-1.57980151948183,4.66972369719848e-05
-1.576211061483,4.67618672181941e-05
-1.57262060348418,4.68266257037369e-05
-1.56903014548536,4.68916101717097e-05
-1.56543968748654,4.69567953113808e-05
-1.56184922948771,4.70221957860046e-05
-1.55825877148889,4.70877921516932e-05
-1.55466831349007,4.7153589548127e-05
-1.55107785549125,4.72195868995579e-05
-1.54748739749242,4.7285787780414e-05
-1.5438969394936,4.73521722417497e-05
-1.54030648149478,4.74187794547914e-05
-1.53671602349596,4.7485597881935e-05
-1.53312556549713,4.75525798679595e-05
-1.52953510749831,4.76197873229162e-05
-1.52594464949949,4.76871756865426e-05
-1.52235419150067,4.77547742563624e-05
-1.51876373350185,4.78225678456181e-05
-1.51517327550302,4.78905527007276e-05
-1.5115828175042,4.79587507639001e-05
-1.50799235950538,4.80271271838252e-05
-1.50440190150656,4.80956259724624e-05
-1.50081144350773,4.81646311497044e-05
-1.49722098550891,4.82336338037461e-05
-1.49363052751009,4.83027852608143e-05
-1.49004006951127,4.83722176007679e-05
-1.48644961151244,4.84418139988774e-05
-1.48285915351362,4.85116301202428e-05
-1.4792686955148,4.85816553586766e-05
-1.47567823751598,4.86518850295171e-05
-1.47208777951716,4.87223258695601e-05
-1.46849732151833,4.87929770970576e-05
-1.46490686351951,4.88638240379507e-05
-1.46131640552069,4.89348700379874e-05
-1.45772594752187,4.90060558178153e-05
-1.45413548952304,4.90778411659909e-05
-1.45054503152422,4.91494465766757e-05
-1.4469545735254,4.92213264334362e-05
-1.44336411552658,4.92934485456681e-05
-1.43977365752775,4.93657822057257e-05
-1.43618319952893,4.94383384748913e-05
-1.43259274153011,4.95111072894966e-05
-1.42900228353129,4.95840972828402e-05
-1.42541182553247,4.96573031723003e-05
-1.42182136753364,4.97307317591825e-05
-1.41823090953482,4.98043731551462e-05
-1.414640451536,4.98782253959561e-05
-1.41104999353718,4.99523186800935e-05
-1.40745953553835,5.00266422366571e-05
-1.40386907753953,5.01011658605309e-05
-1.40027861954071,5.01759185681666e-05
-1.39668816154189,5.02508969762584e-05
-1.39309770354306,5.03261052313787e-05
-1.38950724554424,5.04015307992496e-05
-1.38591678754542,5.04771912864574e-05
-1.3823263295466,5.05530606612073e-05
-1.37873587154777,5.06291978272858e-05
-1.37514541354895,5.07054699510747e-05
-1.37155495555013,5.07821509313886e-05
-1.36796449755131,5.08589369326277e-05
-1.36437403955249,5.09359604343129e-05
-1.36078358155366,5.10132223540861e-05
-1.35719312355484,5.10907016614412e-05
-1.35360266555602,5.11684069409259e-05
-1.3500122075572,5.12463166382866e-05
-1.34642174955837,5.13244168308013e-05
-1.34283129155955,5.14026533884488e-05
-1.33924083356073,5.14807942594087e-05
-1.33565037556191,5.15574992029405e-05
-1.33205991756308,5.16478975371944e-05
-1.32846945956426,5.17218349488545e-05
-1.32487900156544,5.18007861905248e-05
-1.32128854356662,5.18804161143241e-05
-1.3176980855678,5.19604391920965e-05
-1.31410762756897,5.20407895657198e-05
-1.31051716957015,5.21214156078182e-05
-1.30692671157133,5.22023215728474e-05
-1.30333625357251,5.22834868963393e-05
-1.29974579557368,5.23648978014072e-05
-1.29615533757486,5.24466318589478e-05
-1.29256487957604,5.25286661765923e-05
-1.28897442157722,5.26107990157226e-05
-1.28538396357839,5.26933027310808e-05
-1.28179350557957,5.27760286132769e-05
-1.27820304758075,5.28590380914306e-05
-1.27461258958193,5.29423091199453e-05
-1.2710221315831,5.30258379536115e-05
-1.26743167358428,5.31096406561651e-05
-1.26384121558546,5.31937166162049e-05
-1.26025075758664,5.32780534177872e-05
-1.25666029958782,5.33626542774178e-05
-1.25306984158899,5.34475229588711e-05
-1.24947938359017,5.35327067426144e-05
-1.24588892559135,5.3618125560151e-05
-1.24229846759253,5.37038203209843e-05
-1.2387080095937,5.37897954789166e-05
-1.23511755159488,5.38760506392058e-05
-1.23152709359606,5.39625728059221e-05
-1.22793663559724,5.40493913991075e-05
-1.22434617759841,5.4136484843699e-05
-1.22075571959959,5.4223857974752e-05
-1.21716526160077,5.43115037163286e-05
-1.21357480360195,5.43994444836314e-05
-1.20998434560313,5.4487763591389e-05
-1.2063938876043,5.45762014934269e-05
-1.20280342960548,5.46651052300256e-05
-1.19921297160666,5.4754159908411e-05
-1.19562251360784,5.48435517516779e-05
-1.19203205560901,5.49332361501489e-05
-1.18844159761019,5.50232160076481e-05
-1.18485113961137,5.51134917474461e-05
-1.18126068161255,5.52040745012916e-05
-1.17767022361372,5.52949549201063e-05
-1.1740797656149,5.53861219308739e-05
-1.17048930761608,5.54775211821441e-05
-1.16689884961726,5.55694260237285e-05
-1.16330839161844,5.56615595692834e-05
-1.15971793361961,5.57539129570893e-05
-1.15612747562079,5.58466280574372e-05
-1.15253701762197,5.59396460712127e-05
-1.14894655962315,5.60329857180925e-05
-1.14535610162432,5.61266318365429e-05
-1.1417656436255,5.62205952792911e-05
-1.13817518562668,5.63148707784998e-05
-1.13458472762786,5.64094821926522e-05
-1.13099426962903,5.65044101246866e-05
-1.12740381163021,5.65994638117574e-05
-1.12381335363139,5.66945555613425e-05
-1.12022289563257,5.67915841661246e-05
-1.11663243763374,5.68875884556649e-05
-1.11304197963492,5.69840904061979e-05
-1.1094515216361,5.70809628683664e-05
-1.10586106363728,5.71781932703408e-05
-1.10227060563846,5.72757518388526e-05
-1.09868014763963,5.73736664873898e-05
-1.09508968964081,5.74719185118624e-05
-1.09149923164199,5.75705191908975e-05
-1.08790877364317,5.76694606771292e-05
-1.08431831564434,5.77687754749224e-05
-1.08072785764552,5.78683894968156e-05
-1.0771373996467,5.79684217881413e-05
-1.07354694164788,5.80688150706334e-05
-1.06995648364905,5.81695514021796e-05
-1.06636602565023,5.82706597495171e-05
-1.06277556765141,5.83721481293393e-05
-1.05918510965259,5.84740174102385e-05
-1.05559465165377,5.85762744691089e-05
-1.05200419365494,5.86789228113016e-05
-1.04841373565612,5.87819848430058e-05
-1.0448232776573,5.88854250044738e-05
-1.04123281965848,5.89885115922587e-05
-1.03764236165965,5.9093975155121e-05
-1.03405190366083,5.91988290382828e-05
-1.03046144566201,5.93042670711247e-05
-1.02687098766319,5.94103454870177e-05
-1.02328052966436,5.95171799892662e-05
-1.01969007166554,5.96249769323117e-05
-1.01609961366672,5.9734122254939e-05
-1.0125091556679,5.98454553253114e-05
-1.00891869766907,5.99611865314046e-05
-1.00532823967025,6.00894219091257e-05
-1.00173778167143,6.03051868177999e-05
-0.998147323672608,6.01016762118136e-05
-0.994556865673785,6.03093846650757e-05
-0.990966407674963,6.04384784573166e-05
-0.987375949676141,6.05563475319983e-05
-0.983785491677318,6.06706903608609e-05
-0.980195033678496,6.07836727890584e-05
-0.976604575679674,6.08960968472424e-05
-0.973014117680852,6.10083480435447e-05
-0.969423659682029,6.11206283143265e-05
-0.965833201683207,6.12330795791551e-05
-0.962242743684384,6.13457478345491e-05
-0.958652285685562,6.14583001903626e-05
-0.95506182768674,6.15718333023107e-05
-0.951471369687917,6.16853670691945e-05
-0.947880911689095,6.1799324058067e-05
-0.944290453690273,6.19136378283208e-05
-0.940699995691451,6.20283100468736e-05
-0.937109537692628,6.21433660223852e-05
-0.933519079693806,6.22588262431195e-05
-0.929928621694984,6.23746961460685e-05
-0.926338163696161,6.24909670409045e-05
-0.922747705697339,6.26076440944507e-05
-0.919157247698516,6.2724746219008e-05
-0.915566789699694,6.28422881681326e-05
-0.911976331700872,6.29602792161489e-05
-0.90838587370205,6.30786298995528e-05
-0.904795415703227,6.31974573675788e-05
-0.901204957704405,6.33167201524101e-05
-0.897614499705583,6.3436435106562e-05
-0.89402404170676,6.35565816936234e-05
-0.890433583707938,6.36771850684217e-05
-0.886843125709115,6.37982360525832e-05
-0.883252667710293,6.39197434310502e-05
-0.879662209711471,6.40416974481711e-05
-0.876071751712649,6.41641819744568e-05
-0.872481293713826,6.42870512772462e-05
-0.868890835715004,6.44104025701486e-05
-0.865300377716182,6.45342335170136e-05
-0.861709919717359,6.46585361742225e-05
-0.858119461718537,6.47833146285013e-05
-0.854529003719715,6.49085754143197e-05
-0.850938545720892,6.50343223923101e-05
-0.84734808772207,6.51605282192541e-05
-0.843757629723248,6.52872441856162e-05
-0.840167171724425,6.54144435714507e-05
-0.836576713725603,6.55420582032534e-05
-0.832986255726781,6.56703203407809e-05
-0.829395797727958,6.57990487877046e-05
-0.825805339729136,6.59282127592186e-05
-0.822214881730314,6.60579156459915e-05
-0.818624423731491,6.61881098968313e-05
-0.815033965732669,6.63188278226362e-05
-0.811443507733847,6.64500549353062e-05
-0.807853049735024,6.65817903645331e-05
-0.804262591736202,6.67140561271891e-05
-0.80067213373738,6.68468214666419e-05
-0.797081675738557,6.69800943149716e-05
-0.793491217739735,6.71140398476574e-05
-0.789900759740913,6.72485444948385e-05
-0.78631030174209,6.73831998671945e-05
-0.782719843743268,6.75186599347835e-05
-0.779129385744446,6.76546333301247e-05
-0.775538927745623,6.77911484660994e-05
-0.771948469746801,6.79282020785807e-05
-0.768358011747979,6.80658010299661e-05
-0.764767553749156,6.82039529446025e-05
-0.761177095750334,6.83426508373394e-05
-0.757586637751512,6.84819050331637e-05
-0.753996179752689,6.86217023865628e-05
-0.750405721753867,6.87620827435168e-05
-0.746815263755045,6.89029353462142e-05
-0.743224805756222,6.90444234013117e-05
-0.7396343477574,6.91864678532233e-05
-0.736043889758578,6.93290495637349e-05
-0.732453431759755,6.94721870572276e-05
-0.728862973760933,6.96158735030565e-05
-0.725272515762111,6.97601145019132e-05
-0.721682057763288,6.99048857273799e-05
-0.718091599764466,7.00502016305524e-05
-0.714501141765644,7.0195962971808e-05
-0.710910683766821,7.03423780548972e-05
-0.707320225767999,7.04893331400674e-05
-0.703729767769177,7.06364424419355e-05
-0.700139309770354,7.07840808173033e-05
-0.696548851771532,7.09320065981557e-05
-0.69295839377271,7.10801135422648e-05
-0.689367935773887,7.12281700780423e-05
-0.685777477775065,7.13758073077002e-05
-0.682187019776243,7.15222850424687e-05
-0.67859656177742,7.16659752454387e-05
-0.675006103778598,7.18024606435149e-05
-0.671415645779776,7.19139318562581e-05
-0.667825187780953,7.17631012024888e-05
-0.664234729782131,7.25179096045845e-05
-0.660644271783309,7.25579573938162e-05
-0.657053813784486,7.26854686775928e-05
-0.653463355785664,7.28296058990891e-05
-0.649872897786842,7.298013818256e-05
-0.646282439788019,7.31340531207102e-05
-0.642691981789197,7.3290138576475e-05
-0.639101523790375,7.34478265824002e-05
-0.635511065791552,7.36068128638976e-05
-0.63192060779273,7.37668893608215e-05
-0.628330149793908,7.39279966785485e-05
-0.624739691795085,7.40900434540879e-05
-0.621149233796263,7.42529379281988e-05
-0.617558775797441,7.44167558597748e-05
-0.613968317798618,7.45813441802259e-05
-0.610377859799796,7.47467590258497e-05
-0.606787401800974,7.49129856746643e-05
-0.603196943802151,7.50800122856757e-05
-0.599606485803329,7.52478331590854e-05
-0.596016027804507,7.54164531020002e-05
-0.592425569805685,7.55858671176521e-05
-0.588835111806862,7.57560590620043e-05
-0.58524465380804,7.59270651772592e-05
-0.581654195809218,7.60988413722229e-05
-0.578063737810395,7.62714891871045e-05
-0.574473279811573,7.64448285098288e-05
-0.57088282181275,7.66190223996419e-05
-0.567292363813928,7.67940209026737e-05
-0.563701905815106,7.69698298269739e-05
-0.560111447816284,7.71464628024843e-05
-0.556520989817461,7.732389734645e-05
-0.552930531818639,7.75021658051313e-05
-0.549340073819817,7.76812582282054e-05
-0.545749615820994,7.78611974768795e-05
-0.542159157822172,7.80419339501725e-05
-0.53856869982335,7.82235441675685e-05
-0.534978241824527,7.84060081623047e-05
-0.531387783825705,7.85893091139283e-05
-0.527797325826883,7.87734750048607e-05
-0.52420686782806,7.8958498285081e-05
-0.520616409829238,7.91443874896709e-05
-0.517025951830416,7.93311567744306e-05
-0.513435493831593,7.95187815032597e-05
-0.509845035832771,7.97072846055828e-05
-0.506254577833949,7.98967028084837e-05
-0.502664119835126,8.00870697410291e-05
-0.499073661836304,8.02781926871555e-05
-0.495483203837482,8.04704281543268e-05
-0.491892745838659,8.06633794251832e-05
-0.488302287839837,8.08572765347264e-05
-0.484711829841015,8.1052124992247e-05
-0.481121371842192,8.12478883262582e-05
-0.47753091384337,8.14445801514456e-05
-0.473940455844548,8.1642211535145e-05
-0.470349997845725,8.18407785958013e-05
-0.466759539846903,8.20402733263654e-05
-0.463169081848081,8.22406691165461e-05
-0.459578623849258,8.24421651943607e-05
-0.455988165850436,8.26444450986234e-05
-0.452397707851614,8.28478324834105e-05
-0.448807249852791,8.30521084426782e-05
-0.445216791853969,8.32573450566282e-05
-0.441626333855147,8.34635528218676e-05
-0.438035875856324,8.36707231527858e-05
-0.434445417857502,8.38788605213651e-05
-0.43085495985868,8.40879600068604e-05
-0.427264501859857,8.42980282428943e-05
-0.423674043861035,8.45090532603848e-05
-0.420083585862213,8.47210470269665e-05
-0.41649312786339,8.49339563517284e-05
-0.412902669864568,8.51478893777947e-05
-0.409312211865746,8.53626903679576e-05
-0.405721753866923,8.5578394308012e-05
-0.402131295868101,8.57950072126618e-05
-0.398540837869279,8.60124847613439e-05
-0.394950379870456,8.62308012667286e-05
-0.391359921871634,8.64498910811747e-05
-0.387769463872812,8.66697288180978e-05
-0.384179005873989,8.6890199870492e-05
-0.380588547875167,8.71112201006756e-05
-0.376998089876345,8.73327087838943e-05
-0.373407631877522,8.75544915492025e-05
-0.3698171738787,8.77762095115151e-05
-0.366226715879878,8.79976530019257e-05
-0.362636257881055,8.82183135327105e-05
-0.359045799882233,8.84375230291469e-05
-0.355455341883411,8.86542122664752e-05
-0.351864883884588,8.88668025264963e-05
-0.348274425885766,8.9072798735832e-05
-0.344683967886944,8.92688407653934e-05
-0.341093509888121,8.94564279588356e-05
-0.337503051889299,8.97512370477985e-05
-0.333912593890477,0.000114835787534838
-0.330322135891654,9.29759295135643e-05
-0.326731677892832,9.15573948378896e-05
-0.32314121989401,9.14500282639389e-05
-0.319550761895187,9.15509308244174e-05
-0.315960303896365,9.17206167557671e-05
-0.312369845897543,9.19215292450253e-05
-0.30877938789872,9.21395389206966e-05
-0.305188929899898,9.23681837162633e-05
-0.301598471901076,9.26041285063097e-05
-0.298008013902253,9.28454597432202e-05
-0.294417555903431,9.30910573394363e-05
-0.290827097904609,9.33400002630804e-05
-0.287236639905786,9.35920765030131e-05
-0.283646181906964,9.38468206083942e-05
-0.280055723908142,9.41039370808912e-05
-0.276465265909319,9.43632842309993e-05
-0.272874807910497,9.4624742629844e-05
-0.269284349911675,9.4888230845394e-05
-0.265693891912852,9.51536513673343e-05
-0.26210343391403,9.54209577703837e-05
-0.258512975915208,9.56900737023567e-05
-0.254922517916385,9.59611015029346e-05
-0.251332059917563,9.62337873745316e-05
-0.247741601918741,9.65084095520138e-05
-0.244151143919918,9.67846996476771e-05
-0.240560685921096,9.70627950552507e-05
-0.236970227922274,9.73426200890475e-05
-0.233379769923451,9.76241788163341e-05
-0.229789311924629,9.79074080908799e-05
-0.226198853925807,9.81921205583685e-05
-0.222608395926984,9.84795168089026e-05
-0.219017937928162,9.87683006672432e-05
-0.21542747992934,9.90587804479087e-05
-0.211837021930517,9.93510593301114e-05
-0.208246563931695,9.96450707359223e-05
-0.204656105932873,9.99409464187337e-05
-0.20106564793405,0.000100238622996055
-0.197475189935228,0.000100538144624841
-0.193884731936406,0.00010083951580922
-0.190294273937583,0.000101142744603447
-0.186703815938761,0.000101447852287463
-0.183113357939939,0.000101754851956984
-0.179522899941117,0.000102063747855843
-0.175932441942294,0.000102374579378718
-0.172341983943472,0.000102687362953909
-0.16875152594465,0.00010300187767092
-0.165161067945827,0.000103318655998439
-0.161570609947005,0.000103637260211312
-0.157980151948183,0.000103957912739705
-0.15438969394936,0.000104280621979921
-0.150799235950538,0.000104605323837742
-0.147208777951716,0.000104932071934172
-0.143618319952893,0.000105260895507159
-0.140027861954071,0.000105591806813057
-0.136437403955249,0.00010592482782498
-0.132846945956426,0.000106259973273665
-0.129256487957604,0.000106597219929453
-0.125666029958782,0.00010693674424584
-0.122075571959959,0.000107278212769187
-0.118485113961137,0.000107622194051487
-0.114894655962315,0.000107968284832266
-0.111304197963492,0.000108316579223578
-0.10771373996467,0.000108666945390335
-0.104123281965848,0.000109020065016943
-0.100532823967025,0.000109375298495811
-0.0969423659682029,0.000109732845694375
-0.0933519079693806,0.000110092743137963
-0.0897614499705583,0.000110455034476134
-0.0861709919717359,0.000110819671841126
-0.0825805339729136,0.00011118675712714
-0.0789900759740913,0.000111556369262143
-0.0753996179752689,0.000111928402379919
-0.0718091599764466,0.000112302925455909
-0.0682187019776243,0.000112679981613421
-0.0646282439788019,0.000113059592029591
-0.0610377859799796,0.000113441779115032
-0.0574473279811573,0.00011382656058103
-0.053856869982335,0.00011421398278948
-0.0502664119835126,0.000114604049160499
-0.0466759539846903,0.000114996773701909
-0.043085495985868,0.000115392262637358
-0.0394950379870456,0.000115790409512741
-0.0359045799882233,0.000116191387858527
-0.032314121989401,0.000116595169444137
-0.0287236639905786,0.000117001747478838
-0.0251332059917563,0.000117411171860641
-0.021542747992934,0.000117823491337369
-0.0179522899941117,0.000118238716475183
-0.0143618319952893,0.000118656886008176
-0.010771373996467,0.000119078038050238
-0.00718091599764466,0.000119502190720701
-0.00359045799882233,0.000119929380197709
0,0.000122314734703339
0.00359045799882233,0.000120793012348732
0.00718091599764466,0.000121229507472752
0.010771373996467,0.000121669192498894
0.0143618319952893,0.000122112079122465
0.0179522899941117,0.000122558202263061
0.021542747992934,0.000123007603599166
0.0251332059917563,0.000123460325037468
0.0287236639905786,0.00012391639829914
0.032314121989401,0.000124375855682262
0.0359045799882233,0.000124838726652518
0.0394950379870456,0.000125305167153045
0.043085495985868,0.000125774799112492
0.0466759539846903,0.000126248199309125
0.0502664119835126,0.000126725221184207
0.053856869982335,0.000127205812179502
0.0574473279811573,0.000127690056885151
0.0610377859799796,0.000128178018199077
0.0646282439788019,0.000128669718737411
0.0682187019776243,0.00012916521352213
0.0718091599764466,0.000129664541234989
0.0753996179752689,0.000130167775651012
0.0789900759740913,0.000130674886959106
0.0825805339729136,0.000131185996988061
0.0861709919717359,0.000131701115702188
0.0897614499705583,0.000132220326593529
0.0933519079693806,0.00013274362794666
0.0969423659682029,0.000133271109575701
0.100532823967025,0.000133802818599437
0.104123281965848,0.000134338854036322
0.10771373996467,0.000134878719603389
0.111304197963492,0.000135423287365808
0.114894655962315,0.000135972410663613
0.118485113961137,0.000136525947306204
0.122075571959959,0.000137084024862882
0.125666029958782,0.000137646618845621
0.129256487957604,0.000138213989359954
0.132846945956426,0.000138785861447747
0.136437403955249,0.000139362550102325
0.140027861954071,0.000139944100514238
0.143618319952893,0.000140530517497241
0.147208777951716,0.000141121860605958
0.150799235950538,0.00014171819982594
0.15438969394936,0.000142319620858701
0.157980151948183,0.000142926165512038
0.161570609947005,0.000143537928685767
0.165161067945827,0.000144154859512216
0.16875152594465,0.000144777181663878
0.172341983943472,0.000145405024169445
0.175932441942294,0.000146038240955616
0.179522899941117,0.000146677013796692
0.183113357939939,0.000147321430703418
0.186703815938761,0.000147971550940436
0.190294273937583,0.00014862747532456
0.193884731936406,0.000149289287446424
0.197475189935228,0.000149957086201066
0.20106564793405,0.00015063098942392
0.204656105932873,0.000151311214339728
0.208246563931695,0.000151997765829548
0.211837021930517,0.000152690794737557
0.21542747992934,0.000153391503806936
0.219017937928162,0.000154100831692576
0.222608395926984,0.000154824142346413
0.226198853925807,0.00015551829495684
0.229789311924629,0.000156218007959198
0.233379769923451,0.000156957414493622
0.236970227922274,0.0001576990630495
0.240560685921096,0.000158445897277854
0.244151143919918,0.000159198982552215
0.247741601918741,0.000159958751222639
0.251332059917563,0.0001607255097179
0.254922517916385,0.000161499404178917
0.258512975915208,0.000162280616548179
0.26210343391403,0.000163069229581018
0.265693891912852,0.00016386538782867
0.269284349911675,0.000164669188873809
0.272874807910497,0.000165480741387778
0.276465265909319,0.000166300104859846
0.280055723908142,0.000167127393158158
0.283646181906964,0.000167962650899932
0.287236639905786,0.000168805994133073
0.290827097904609,0.000169657352999542
0.294417555903431,0.000170516803551406
0.298008013902253,0.000171384269745692
0.301598471901076,0.000172259590708798
0.305188929899898,0.000173142523627092
0.30877938789872,0.00017403255366515
0.312369845897543,0.000174928693013511
0.315960303896365,0.000175829076858701
0.319550761895187,0.000176729716929527
0.32314121989401,0.000177620758083605
0.326731677892832,0.000178470696022979
0.330322135891654,0.000179096936296884
0.333912593890477,0.000183848334374174
0.337503051889299,0.000182095677879684
0.341093509888121,0.000182881425715655
0.344683967886944,0.000183807049417606
0.348274425885766,0.000184779717028493
0.351864883884588,0.000185778647214395
0.355455341883411,0.000186796711666832
0.359045799882233,0.000187830857435067
0.362636257881055,0.000188879613522532
0.366226715879878,0.000189942257665314
0.3698171738787,0.000191018380364945
0.373407631877522,0.000192107115975974
0.376998089876345,0.000193211386999191
0.380588547875167,0.000194327592690845
0.384179005873989,0.000195457384783094
0.387769463872812,0.000196600866884578
0.391359921871634,0.000197758170822267
0.394950379870456,0.000198929485263829
0.398540837869279,0.000200115011857303
0.402131295868101,0.000201314971492764
0.405721753866923,0.00020252959186659
0.409312211865746,0.000203759138705998
0.412902669864568,0.000205003823984154
0.41649312786339,0.000206263949177053
0.420083585862213,0.00020753975870694
0.423674043861035,0.000208831581203635
0.427264501859857,0.000210139646897338
0.43085495985868,0.000211464282475234
0.434445417857502,0.000212805780915999
0.438035875856324,0.000214164348439557
0.441626333855147,0.000215540456404036
0.445216791853969,0.000216934930426771
0.448807249852791,0.000218347279796687
0.452397707851614,0.000219778150622105
0.455988165850436,0.000221227988568675
0.459578623849258,0.000222697046005826
0.463169081848081,0.000224185856486598
0.466759539846903,0.000225694687421705
0.470349997845725,0.00022722403765697
0.473940455844548,0.000228774272540748
0.47753091384337,0.000230345840556132
0.481121371842192,0.00023193918099952
0.484711829841015,0.000233554746097719
0.488302287839837,0.000235193005540538
0.491892745838659,0.000236854440821533
0.495483203837482,0.000238539565864079
0.499073661836304,0.000240248750947552
0.502664119835126,0.000241982653698499
0.506254577833949,0.000243741953605205
0.509845035832771,0.000245526935056226
0.513435493831593,0.000247338262486817
0.517025951830416,0.000249176541173
0.520616409829238,0.000251042371211159
0.52420686782806,0.000252936378239134
0.527797325826883,0.000254859190896234
0.531387783825705,0.000256811502727997
0.534978241824527,0.000258793961124145
0.53856869982335,0.000260807124249561
0.542159157822172,0.00026285209888857
0.545749615820994,0.000264929351161107
0.549340073819817,0.00026703968831152
0.552930531818639,0.000269183957600335
0.556520989817461,0.000271362947900846
0.560111447816284,0.000273577409258078
0.563701905815106,0.000275828425786798
0.567292363813928,0.000278116816282579
0.57088282181275,0.000280443494404478
0.574473279811573,0.000282809443328079
0.578063737810395,0.000285215671601599
0.581654195809218,0.000287663190579571
0.58524465380804,0.00029015313927045
0.588835111806862,0.000292686512500814
0.592425569805685,0.000295264556330705
0.596016027804507,0.000297888435157722
0.599606485803329,0.000300559378670647
0.603196943802151,0.000303278666571812
0.606787401800974,0.000306047619872738
0.610377859799796,0.000308867614629685
0.613968317798618,0.000311740079937388
0.617558775797441,0.000314666487952361
0.621149233796263,0.000317648339924647
0.624739691795085,0.000320687297854396
0.628330149793908,0.000323784968552654
0.63192060779273,0.00032694306441156
0.635511065791552,0.000330163446508398
0.639101523790375,0.000333447897497125
0.642691981789197,0.000336798370272343
0.646282439788019,0.000340216902902457
0.649872897786842,0.000343705598182075
0.653463355785664,0.000347266690021304
0.657053813784486,0.000350902530879146
0.660644271783309,0.000354615818722825
0.664234729782131,0.000358411580570427
0.667825187780953,0.000362264674821042
0.671415645779776,0.000366233467163325
0.675006103778598,0.000370280779240998
0.67859656177742,0.000374417561198645
0.682187019776243,0.000378647557793336
0.685777477775065,0.00038297409324316
0.689367935773887,0.000387400579923858
0.69295839377271,0.000391930553635308
0.696548851771532,0.000396567711467512
0.700139309770354,0.000401315908882996
0.703729767769177,0.000406179160917573
0.707320225767999,0.000411161626620175
0.710910683766821,0.000416268105392292
0.714501141765644,0.000421502866151217
0.718091599764466,0.000426871000053322
0.721682057763288,0.000432377631504482
0.725272515762111,0.00043802819097655
0.728862973760933,0.000443828408332435
0.732453431759755,0.0004497843041607
0.736043889758578,0.000455902229567655
0.7396343477574,0.000462188889485485
0.743224805756222,0.000468651389832604
0.746815263755045,0.000475297151248057
0.750405721753867,0.00048213412998191
0.753996179752689,0.000489170691030912
0.757586637751512,0.000496415676700929
0.761177095750334,0.000503878524331112
0.764767553749156,0.000511569188831952
0.768358011747979,0.000519498268181669
0.771948469746801,0.000527677036332372
0.775538927745623,0.00053611745689849
0.779129385744446,0.000544832277588226
0.782719843743268,0.000553835140306093
0.78631030174209,0.000563140526968426
0.789900759740913,0.00057276397024073
0.793491217739735,0.000582722063285568
0.797081675738557,0.000593032518393122
0.80067213373738,0.000603714465879818
0.804262591736202,0.000614788296305199
0.807853049735024,0.000626275974856314
0.811443507733847,0.000638201152937809
0.815033965732669,0.000650589303410771
0.818624423731491,0.000663467935857376
0.822214881730314,0.000676866750566296
0.825805339729136,0.000690817885934571
0.829395797727958,0.000705356286155717
0.832986255726781,0.000720519750457382
0.836576713725603,0.000736349359605111
0.840167171724425,0.000752890519093437
0.843757629723248,0.000770191735359759
0.84734808772207,0.000788306820789955
0.850938545720892,0.000807294601173261
0.854529003719715,0.000827219681826403
0.858119461718537,0.000848153220944724
0.861709919717359,0.000870173779130147
0.865300377716182,0.00089336829523763
0.868890835715004,0.000917833174863996
0.872481293713826,0.000943675702320614
0.876071751712649,0.000971015739130515
0.879662209711471,0.000999987182454135
0.883252667710293,0.00103074065992035
0.886843125709115,0.00106344575294103
0.890433583707938,0.00109829432970056
0.89402404170676,0.00113550425200442
0.897614499705583,0.00117532394718762
0.901204957704405,0.00121803794867954
0.904795415703227,0.00126397372215477
0.90838587370205,0.00131351006379017
0.911976331700872,0.00136708755303352
0.915566789699694,0.00142522174657271
0.919157247698516,0.00148852006805224
0.922747705697339,0.00155770181558934
0.926338163696161,0.00163362792519822
0.929928621694984,0.00171733501115826
0.933519079693806,0.00181008374064081
0.937109537692628,0.00191342270470364
0.940699995691451,0.00202927555391284
0.944290453690273,0.00216006182548376
0.947880911689095,0.00230886781134676
0.951471369687917,0.00247969319414467
0.95506182768674,0.00267781586580457
0.958652285685562,0.00291034698334287
0.962242743684384,0.00318710293129861
0.965833201683207,0.00352202568653573
0.969423659682029,0.00393560655319225
0.973014117680852,0.00445924209463927
0.976604575679674,0.00514360268718297
0.980195033678496,0.00607610355782855
0.983785491677318,0.00742158846988047
0.987375949676141,0.00953244109571506
0.990966407674963,0.0133212919207124
0.994556865673785,0.0221088979808144
0.998147323672608,0.0649624211122068
1.00173778167143,0.0692346522144006
1.00532823967025,0.0225831565610604
1.00891869766907,0.0134920083743476
1.0125091556679,0.00961953627628442
1.01609961366672,0.00747427255104759
1.01969007166554,0.00611136901844083
1.02328052966436,0.00516884992520391
1.02687098766319,0.00447820384947701
1.03046144566201,0.00395036764131167
1.03405190366083,0.00353384137736205
1.03764236165965,0.00319677391859239
1.04123281965848,0.00291840813306747
1.0448232776573,0.00268463771441826
1.04841373565612,0.00248554084453367
1.05200419365494,0.00231393578869505
1.05559465165377,0.00216449608982022
1.05918510965259,0.00203318780587536
1.06277556765141,0.00191689986125755
1.06636602565023,0.00181319441230294
1.06995648364905,0.00172013411882349
1.07354694164788,0.00163615993255394
1.0771373996467,0.00156000313964905
1.08072785764552,0.00149062061470842
1.08431831564434,0.00142714695873208
1.08790877364317,0.00136885822098588
1.09149923164199,0.00131514403586887
1.09508968964081,0.00126548618070527
1.09868014763963,0.00121944189929645
1.10227060563846,0.00117663060819191
1.10586106363728,0.0011367233526128
1.1094515216361,0.00109943433832516
1.11304197963492,0.00106451407958506
1.11663243763374,0.00103174381846897
1.12022289563257,0.00100093091630525
1.12381335363139,0.000971905150437709
1.12740381163021,0.000944515286258602
1.13099426962903,0.000918627031066988
1.13458472762786,0.0008941199755801
1.13817518562668,0.000870886534033653
1.1417656436255,0.000848829974350762
1.14535610162432,0.000827863061012026
1.14894655962315,0.000807906985986186
1.15253701762197,0.000788890383905532
1.15612747562079,0.00077074842775121
1.15971793361961,0.000753422142015302
1.16330839161844,0.000736857686336439
1.16689884961726,0.000721006001006687
1.17048930761608,0.000705821803303497
1.1740797656149,0.000691264194384211
1.17767022361372,0.000677294890879062
1.18126068161255,0.000663878981384073
1.18485113961137,0.00065098424587185
1.18844159761019,0.000638580890168287
1.19203205560901,0.000626641353961682
1.19562251360784,0.000615140096103427
1.19921297160666,0.000604053405566654
1.20280342960548,0.000593359280838232
1.2063938876043,0.000583037271053534
1.20998434560313,0.000573068217004462
1.21357480360195,0.000563434339601537
1.21716526160077,0.000554119036455005
1.22075571959959,0.000545106743753794
1.22434617759841,0.000536382919031226
1.22793663559724,0.000527933946290397
1.23152709359606,0.000519747010823321
1.23511755159488,0.000511810121402177
1.2387080095937,0.000504111993760221
1.24229846759253,0.000496642011503197
1.24588892559135,0.000489390190855129
1.24947938359017,0.000482347088325109
1.25306984158899,0.000475503866329482
1.25666029958782,0.00046885207326995
1.26025075758664,0.000462383836994983
1.26384121558546,0.000456091633915802
1.26743167358428,0.000449968389351473
1.2710221315831,0.000444007380343735
1.27461258958193,0.000438202244002597
1.27820304758075,0.000432546945501162
1.28179350557957,0.000427035754055532
1.28538396357839,0.000421663211348819
1.28897442157722,0.000416424218162457
1.29256487957604,0.000411313916033448
1.29615533757486,0.000406327238578125
1.29974579557368,0.000401460142559131
1.30333625357251,0.000396708231420855
1.30692671157133,0.000392067479833315
1.31051716957015,0.000387533980875281
1.31410762756897,0.000383104039821354
1.3176980855678,0.000378774102222735
1.32128854356662,0.000374540679567443
1.32487900156544,0.000370400240681644
1.32846945956426,0.000366348478857668
1.33205991756308,0.000362366936223617
1.33565037556191,0.000358533373526811
1.33924083356073,0.000354729809309425
1.34283129155955,0.000351012666117288
1.34642174955837,0.000347373785131217
1.3500122075572,0.000343809994068462
1.35360266555602,0.000340318763086614
1.35719312355484,0.000336897827271498
1.36078358155366,0.000333545043518276
1.36437403955249,0.00033025838260748
1.36796449755131,0.00032703589475417
1.37155495555013,0.000323875729804853
1.37514541354895,0.000320775845191612
1.37873587154777,0.000317735065847451
1.3823263295466,0.000314751254243083
1.38591678754542,0.000311823025559912
1.38950724554424,0.000308948771837069
1.39309770354306,0.000306127023715407
1.39668816154189,0.000303356364185601
1.40027861954071,0.000300635409632295
1.40386907753953,0.000297962837938839
1.40745953553835,0.000295337356140842
1.41104999353718,0.000292757786315372
1.414640451536,0.000290222861137093
1.41823090953482,0.000287731467280183
1.42182136753364,0.000285282486530526
1.42541182553247,0.000282874850841068
1.42900228353129,0.000280507515528417
1.43259274153011,0.00027817947953226
1.43618319952893,0.000275889768138938
1.43977365752775,0.000273637437642413
1.44336411552658,0.000271421607584558
1.4469545735254,0.000269241375883346
1.45054503152422,0.000267095902326114
1.45413548952304,0.000264984344946319
1.45772594752187,0.000262905866776008
1.46131640552069,0.000260859674500055
1.46490686351951,0.000258845453052744
1.46849732151833,0.000256861807238793
1.47208777951716,0.000254908397003019
1.47567823751598,0.000252984462853699
1.4792686955148,0.000251089358269894
1.48285915351362,0.000249222440459069
1.48644961151244,0.000247383087790176
1.49004006951127,0.000245570679543567
1.49363052751009,0.000243784646919453
1.49722098550891,0.000242024448706198
1.50081144350773,0.000240289408009005
1.50440190150656,0.000238579170918234
1.50799235950538,0.000236893022319826
1.5115828175042,0.00023523056303046
1.51517327550302,0.000233591286647306
1.51876373350185,0.000231974697331029
1.52235419150067,0.000230380336976754
1.52594464949949,0.000228807748361607
1.52953510749831,0.000227256488452529
1.53312556549713,0.000225726110136664
1.53671602349596,0.000224216205120093
1.54030648149478,0.000222726414738766
1.5438969394936,0.000221256469976329
1.54748739749242,0.000219805356270584
1.55107785549125,0.000218373397038421
1.55466831349007,0.000216959983864798
1.55825877148889,0.00021556476100428
1.56184922948771,0.000214187278920273
1.56543968748654,0.000212827366611417
1.56903014548536,0.000211484611289203
1.57262060348418,0.000210158692326
1.576211061483,0.000208849292928752
1.57980151948183,0.000207556107881226
1.58339197748065,0.000206278834829952
1.58698243547947,0.000205017209327003
1.59057289347829,0.000203770889547514
1.59416335147711,0.000202539659780774
1.59775380947594,0.000201323199409102
1.60134426747476,0.000200121262724342
1.60493472547358,0.000198933590532671
1.6085251834724,0.000197759913024214
1.61211564147123,0.000196599995448142
1.61570609947005,0.000195453605992724
1.61929655746887,0.000194320436976316
1.62288701546769,0.000193200218876075
1.62647747346652,0.000192094889350468
1.63006793146534,0.000190998965208187
1.63365838946416,0.00018991657968733
1.63724884746298,0.000188846457946893
1.6408393054618,0.000187788277999745
1.64442976346063,0.000186741814323181
1.64802022145945,0.000185706821365855
1.65161067945827,0.000184683007796545
1.65520113745709,0.000183669964737917
1.65879159545592,0.000182666938144304
1.66238205345474,0.000181671216642473
1.66597251145356,0.000180626877812643
1.66956296945238,0.00017975413882364
1.67315342745121,0.000178785361553201
1.67674388545003,0.00017783405830294
1.68033434344885,0.000176894334348281
1.68392480144767,0.000175965034929412
1.6875152594465,0.000175045718519293
1.69110571744532,0.000174136105249679
1.69469617544414,0.000173235978051328
1.69828663344296,0.000172345168195973
1.70187709144178,0.000171463455789685
1.70546754944061,0.000170590536078961
1.70905800743943,0.000169727888399003
1.71264846543825,0.000168872415124385
1.71623892343707,0.00016802585974952
1.7198293814359,0.000167187842576121
1.72341983943472,0.000166358144028974
1.72701029743354,0.000165536671728309
1.73060075543236,0.000164723274676023
1.73419121343119,0.00016391784557986
1.73778167143001,0.000163120261116343
1.74137212942883,0.0001623304084416
1.74496258742765,0.000161548172915028
1.74855304542647,0.000160773440641231
1.7521435034253,0.000160006119588393
1.75573396142412,0.000159246089555818
1.75932441942294,0.000158493248955009
1.76291487742176,0.000157747501469412
1.76650533542059,0.000157008738471206
1.77009579341941,0.00015627687831997
1.77368625141823,0.00015555178915081
1.77727670941705,0.000154833389683856
1.78086716741588,0.0001541216406796
1.7844576254147,0.000153416390015937
1.78804808341352,0.000152717612815282
1.79163854141234,0.000152025066477069
1.79522899941117,0.000151338926599065
1.79881945740999,0.000150658780938824
1.80240991540881,0.000149984850807434
1.80600037340763,0.000149316868786871
1.80959083140645,0.000148654832561308
1.81318128940528,0.000147998647094641
1.8167717474041,0.000147348232623033
1.82036220540292,0.000146703512657521
1.82395266340174,0.000146064410362761
1.82754312140057,0.000145430858213304
1.83113357939939,0.000144802768305579
1.83472403739821,0.000144180062272626
1.83831449539703,0.000143562850970629
1.84190495339586,0.000142950747175676
1.84549541139468,0.000142343846844314
1.8490858693935,0.000141742108334925
1.85267632739232,0.000141145450616927
1.85626678539114,0.00014055378719111
1.85985724338997,0.000139967066771627
1.86344770138879,0.000139385222761149
1.86703815938761,0.000138808220084476
1.87062861738643,0.00013823602896362
1.87421907538526,0.000137668399609169
1.87780953338408,0.000137105465473647
1.8813999913829,0.000136547167173737
1.88499044938172,0.000135993388294859
1.88858090738055,0.000135444072885938
1.89217136537937,0.000134899197055464
1.89576182337819,0.000134358668917048
1.89935228137701,0.000133822459448542
1.90294273937583,0.00013329052600303
1.90653319737466,0.000132762807398663
1.91012365537348,0.000132239261745183
1.9137141133723,0.000131719794654554
1.91730457137112,0.000131204404382935
1.92089502936995,0.000130693105250939
1.92448548736877,0.000130185684885955
1.92807594536759,0.000129682287207441
1.93166640336641,0.000129182720171004
1.93525686136524,0.000128686995337868
1.93884731936406,0.000128195065569393
1.94243777736288,0.000127706885591867
1.9460282353617,0.000127222418279371
1.94961869336053,0.000126741616842283
1.95320915135935,0.000126264454590062
1.95679960935817,0.000125790917862756
1.96039006735699,0.000125320572807248
1.96398052535581,0.000124854160625462
1.96757098335464,0.000124391144239736
1.97116144135346,0.000123931503041126
1.97475189935228,0.000123475258944281
1.9783423573511,0.000123022375568037
1.98193281534993,0.000122572828936547
1.98552327334875,0.000122126599170273
1.98911373134757,0.000121683656097049
1.99270418934639,0.000121244071026696
1.99629464734522,0.000120808382181928
1.99988510534404,0.000120437027676817
2.00347556334286,0.000119940236525322
2.00706602134168,0.000119513938799601
2.01065647934051,0.000119089908508919
2.01424693733933,0.000118668728376674
2.01783739533815,0.000118250455775095
2.02142785333697,0.000117835086159871
2.02501831133579,0.000117422614508741
2.02860876933462,0.00011701302031523
2.03219922733344,0.000116606260421574
2.03578968533226,0.0001162023069853
2.03938014333108,0.000115801104363415
2.04297060132991,0.000115402857526088
2.04656105932873,0.000115007168920626
2.05015151732755,0.000114614220308439
2.05374197532637,0.000114223950862285
2.05733243332519,0.000113836338447956
2.06092289132402,0.000113451358151533
2.06451334932284,0.000113068969718284
2.06810380732166,0.000112689157768337
2.07169426532048,0.000112311895703575
2.07528472331931,0.000111937166527507
2.07887518131813,0.000111564923346493
2.08246563931695,0.000111195107800107
2.08605609731577,0.000110827814162648
2.0896465553146,0.000110462948173933
2.09323701331342,0.000110100447219843
2.09682747131224,0.000109740332099775
2.10041792931106,0.000109382572611841
2.10400838730989,0.000109027146780211
2.10759884530871,0.000108674033104851
2.11118930330753,0.000108323211514865
2.11477976130635,0.00010797465030666
2.11837021930517,0.000107628316319801
2.121960677304,0.00010728413225595
2.12555113530282,0.000106942369203232
2.12914159330164,0.000106602656304947
2.13273205130046,0.000106265097498316
2.13632250929929,0.000105929696160245
2.13991296729811,0.00010559640707874
2.14350342529693,0.00010526522481983
2.14709388329575,0.000104936123997327
2.15068434129458,0.000104609096127004
2.1542747992934,0.000104284101880157
2.15786525729222,0.000103961127996059
2.16145571529104,0.000103640211603742
2.16504617328986,0.000103321102904803
2.16863663128869,0.000103004048063162
2.17222708928751,0.000102689261153557
2.17581754728633,0.000102376118969313
2.17940800528515,0.000102064928378098
2.18299846328398,0.000101755666161046
2.1865889212828,0.000101448276594707
2.19017937928162,0.000101142770414826
2.19376983728044,0.000100839125090098
2.19736029527927,0.000100537330780545
2.20095075327809,0.000100237341909856
2.20454121127691,9.99392267405848e-05
2.20813166927573,9.96428271436164e-05
2.21172212727456,9.93482843072153e-05
2.21531258527338,9.9055467723905e-05
2.2189030432722,9.87644308124591e-05
2.22249350127102,9.84751410694412e-05
2.22608395926984,9.81875900742589e-05
2.22967441726867,9.79017662799186e-05
2.23326487526749,9.76176611887819e-05
2.23685533326631,9.7335261666626e-05
2.24044579126513,9.70545619769011e-05
2.24403624926396,9.67755542718999e-05
2.24762670726278,9.6498215850001e-05
2.2512171652616,9.62223047629936e-05
2.25480762326042,9.59487045711739e-05
2.25839808125925,9.56763922271353e-05
2.26198853925807,9.54058166109742e-05
2.26557899725689,9.51369256771778e-05
2.26916945525571,9.48697305073631e-05
2.27275991325454,9.46042596882081e-05
2.27635037125336,9.43405396271605e-05
2.27994082925218,9.40786081309165e-05
2.283531287251,9.38185016630834e-05
2.28712174524982,9.35602941753469e-05
2.29071220324865,9.33040709936129e-05
2.29430266124747,9.30501347338311e-05
2.29789311924629,9.27983904299393e-05
2.30148357724511,9.25493360064197e-05
2.30507403524394,9.23033710155732e-05
2.30866449324276,9.20612211820053e-05
2.31225495124158,9.18241288922939e-05
2.3158454092404,9.15943339723939e-05
2.31943586723923,9.13764089950493e-05
2.32302632523805,9.11813649418946e-05
2.32661678323687,9.10436628305427e-05
2.33020724123569,9.11562966998115e-05
2.33379769923451,8.57552755458983e-05
2.33738815723334,8.94871183671219e-05
2.34097861523216,8.94881418132407e-05
2.34456907323098,8.93358928157331e-05
2.3481595312298,8.91426382232086e-05
2.35174998922863,8.89330940631659e-05
2.35534044722745,8.87158444723575e-05
2.35893090522627,8.84946536711188e-05
2.36252136322509,8.82714039126309e-05
2.36611182122392,8.80471989045998e-05
2.36970227922274,8.78226673742726e-05
2.37329273722156,8.75981975885352e-05
2.37688319522038,8.73740935489792e-05
2.38047365321921,8.7150502564524e-05
2.38406411121803,8.69275897472124e-05
2.38765456921685,8.67054193496813e-05
2.39124502721567,8.64840809315641e-05
2.39483548521449,8.62636207273463e-05
2.39842594321332,8.60440585460979e-05
2.40201640121214,8.58254365990886e-05
2.40560685921096,8.56077741406779e-05
2.40919731720978,8.5391092933603e-05
2.41278777520861,8.51753520452226e-05
2.41637823320743,8.49607935001346e-05
2.41996869120625,8.47470242036167e-05
2.42355914920507,8.45342857893639e-05
2.4271496072039,8.43225768176101e-05
2.43074006520272,8.41118765875527e-05
2.43433052320154,8.39021715736466e-05
2.43792098120036,8.36934693752238e-05
2.44151143919918,8.34857570288677e-05
2.44510189719801,8.32790422870687e-05
2.44869235519683,8.30733165808125e-05
2.45228281319565,8.28685755930069e-05
2.45587327119447,8.26646650132312e-05
2.4594637291933,8.24620307395369e-05
2.46305418719212,8.22602108865566e-05
2.46664464519094,8.20593693652025e-05
2.47023510318976,8.18594895176685e-05
2.47382556118859,8.16605526448028e-05
2.47741601918741,8.14625725718474e-05
2.48100647718623,8.1265535487183e-05
2.48459693518505,8.10694273109354e-05
2.48818739318387,8.08742525601838e-05
2.4917778511827,8.06800073046545e-05
2.49536830918152,8.04865850468675e-05
2.49895876718034,8.02944179956649e-05
2.50254922517916,8.01029464732293e-05
2.50613968317799,7.99122269034071e-05
2.50973014117681,7.97225488581395e-05
2.51332059917563,7.95337400929097e-05
2.51691105717445,7.93458167788842e-05
2.52050151517328,7.91587835646611e-05
2.5240919731721,7.8972623060271e-05
2.52768243117092,7.87873281919224e-05
2.53127288916974,7.86028960010644e-05
2.53486334716857,7.84193156802627e-05
2.53845380516739,7.82366080830918e-05
2.54204426316621,7.80546989825916e-05
2.54563472116503,7.78737351412668e-05
2.54922517916385,7.76935010862903e-05
2.55281563716268,7.75141187616489e-05
2.5564060951615,7.73355637928571e-05
2.55999655316032,7.71578286043186e-05
2.56358701115914,7.69809046688327e-05
2.56717746915797,7.68047954420716e-05
2.57076792715679,7.66294789321108e-05
2.57435838515561,7.64549568922046e-05
2.57794884315443,7.62812278308987e-05
2.58153930115326,7.61082836667128e-05
2.58512975915208,7.59362116280835e-05
2.5887202171509,7.57647403105419e-05
2.59231067514972,7.5594094135165e-05
2.59590113314854,7.54242509119238e-05
2.59949159114737,7.52551553853814e-05
2.60308204914619,7.50868075837913e-05
2.60667250714501,7.49192047613332e-05
2.61026296514383,7.47523463187068e-05
2.61385342314266,7.45862265810458e-05
2.61744388114148,7.44208303047782e-05
2.6210343391403,7.42561104381287e-05
2.62462479713912,7.40919359596308e-05
2.62821525513795,7.39291792754815e-05
2.63180571313677,7.37665653713144e-05
2.63539617113559,7.36046971084982e-05
2.63898662913441,7.34435410243159e-05
2.64257708713324,7.3283052540944e-05
2.64616754513206,7.31232175354713e-05
2.64975800313088,7.29639817631348e-05
2.6533484611297,7.28053023745965e-05
2.65693891912852,7.26469551897137e-05
2.66052937712735,7.24883752222137e-05
2.66411983512617,7.23258201474692e-05
2.66771029312499,7.2207678795986e-05
2.67130075112381,7.20322472770131e-05
2.67489120912264,7.18754851544347e-05
2.67848166712146,7.17208979804312e-05
2.68207212512028,7.1567447764488e-05
2.6856625831191,7.1414866089263e-05
2.68925304111792,7.12630387859042e-05
2.69284349911675,7.11119171298566e-05
2.69643395711557,7.09614693752975e-05
2.70002441511439,7.08116849151786e-05
2.70361487311321,7.06625675760772e-05
2.70720533111204,7.05141200202045e-05
2.71079578911086,7.03662150619911e-05
2.71438624710968,7.02189300187182e-05
2.7179767051085,7.00723710541999e-05
2.72156716310733,6.99263765452888e-05
2.72515762110615,6.97810000384235e-05
2.72874807910497,6.96362243634022e-05
2.73233853710379,6.94920562872006e-05
2.73592899510262,6.93484842932568e-05
2.73951945310144,6.92055057174919e-05
2.74310991110026,6.90631185739974e-05
2.74670036909908,6.89213071069875e-05
2.7502908270979,6.8780115279748e-05
2.75388128509673,6.86394650586837e-05
2.75747174309555,6.8499408515609e-05
2.76106220109437,6.83599157477365e-05
2.76465265909319,6.82209920861803e-05
2.76824311709202,6.80826324201809e-05
2.77183357509084,6.79448348896906e-05
2.77542403308966,6.7807597891187e-05
2.77901449108848,6.76709058872067e-05
2.78260494908731,6.75347527631574e-05
2.78619540708613,6.73991851152345e-05
2.78978586508495,6.72641161361788e-05
2.79337632308377,6.7129590946173e-05
2.7969667810826,6.69958137463365e-05
2.80055723908142,6.68622905069754e-05
2.80414769708024,6.67293892343913e-05
2.80773815507906,6.65970165085781e-05
2.81132861307788,6.64651671370444e-05
2.81491907107671,6.63338407123776e-05
2.81850952907553,6.62030436790509e-05
2.82209998707435,6.60727714500601e-05
2.82569044507317,6.59429483925224e-05
2.829280903072,6.58136293964399e-05
2.83287136107082,6.56849727348467e-05
2.83646181906964,6.5556702535564e-05
2.84005227706846,6.54289504479285e-05
2.84364273506729,6.53016968384596e-05
2.84723319306611,6.517493020812e-05
2.85082365106493,6.50486684760888e-05
2.85441410906375,6.49228865556831e-05
2.85800456706257,6.47975924187801e-05
2.8615950250614,6.46727814926748e-05
2.86518548306022,6.45484619374679e-05
2.86877594105904,6.44246096050557e-05
2.87236639905786,6.43012173268092e-05
2.87595685705669,6.41783262789404e-05
2.87954731505551,6.40558857498125e-05
2.88313777305433,6.39339237350705e-05
2.88672823105315,6.38124205101661e-05
2.89031868905198,6.36913836782048e-05
2.8939091470508,6.35708031692298e-05
2.89749960504962,6.34506803173805e-05
2.90109006304844,6.33310082452625e-05
2.90468052104727,6.32117914361456e-05
2.90827097904609,6.30930214256095e-05
2.91186143704491,6.29747288202441e-05
2.91545189504373,6.28568205799039e-05
2.91904235304255,6.27393920172786e-05
2.92263281104138,6.26223869139542e-05
2.9262232690402,6.25058234134241e-05
2.92981372703902,6.23896963279196e-05
2.93340418503784,6.22739977331918e-05
2.93699464303667,6.21587259177905e-05
2.94058510103549,6.20438877169054e-05
2.94417555903431,6.19294608536814e-05
2.94776601703313,6.18154284024257e-05
2.95135647503196,6.17018031034039e-05
2.95494693303078,6.15884757240878e-05
2.9585373910296,6.14733544907456e-05
2.96212784902842,6.13644454856858e-05
2.96571830702724,6.12522636237376e-05
2.96930876502607,6.11406784373514e-05
2.97289922302489,6.10295930144488e-05
2.97648968102371,6.09189272323163e-05
2.98008013902253,6.08087063400722e-05
2.98367059702136,6.06989315459086e-05
2.98726105502018,6.05896454522124e-05
2.990851513019,6.04809155444392e-05
2.99444197101782,6.03730827393369e-05
2.99803242901665,6.0268928875006e-05
