freqs,specs
-2.99803242901665,3.11805173940602e-05
-2.99444197101782,3.15673176340763e-05
-2.990851513019,3.1619005247468e-05
-2.98726105502018,3.17276176266934e-05
-2.98367059702136,3.18125502986658e-05
-2.98008013902253,3.18221383778147e-05
-2.97648968102371,3.18859598008891e-05
-2.97289922302489,3.20065422385948e-05
-2.96930876502607,3.20489014102291e-05
-2.96571830702724,3.20009008614758e-05
-2.96212784902842,3.19731838006708e-05
-2.9585373910296,3.19903184889275e-05
-2.95494693303078,3.20545609674886e-05
-2.95135647503196,3.20838241956821e-05
-2.94776601703313,3.21257529825821e-05
-2.94417555903431,3.22178879856025e-05
-2.94058510103549,3.22317709590717e-05
-2.93699464303667,3.22820245283266e-05
-2.93340418503784,3.23037601340648e-05
-2.92981372703902,3.23158743716975e-05
-2.9262232690402,3.22623274688434e-05
-2.92263281104138,3.24775816303986e-05
-2.91904235304255,3.24512688571428e-05
-2.91545189504373,3.24833160241352e-05
-2.91186143704491,3.25185643787397e-05
-2.90827097904609,3.24863593479522e-05
-2.90468052104727,3.25690051452621e-05
-2.90109006304844,3.25267757320032e-05
-2.89749960504962,3.26595133162406e-05
-2.8939091470508,3.2676835922829e-05
-2.89031868905198,3.27566580641759e-05
-2.88672823105315,3.27882527505915e-05
-2.88313777305433,3.27101453070062e-05
-2.87954731505551,3.27642646237481e-05
-2.87595685705669,3.27781180751104e-05
-2.87236639905786,3.28693759963248e-05
-2.86877594105904,3.29200227638826e-05
-2.86518548306022,3.29366900782173e-05
-2.8615950250614,3.29349426316058e-05
-2.85800456706257,3.29749664223612e-05
-2.85441410906375,3.30207422707076e-05
-2.85082365106493,3.30439117817158e-05
-2.84723319306611,3.30682661128283e-05
-2.84364273506729,3.30911101187616e-05
-2.84005227706846,3.31233752925306e-05
-2.83646181906964,3.31542911457149e-05
-2.83287136107082,3.31873994470753e-05
-2.829280903072,3.32157390885371e-05
-2.82569044507317,3.32839606555183e-05
-2.82209998707435,3.32919196220772e-05
-2.81850952907553,3.32990518530883e-05
-2.81491907107671,3.33870611643307e-05
-2.81132861307788,3.34114118458825e-05
-2.80773815507906,3.34603069825771e-05
-2.80414769708024,3.34860946900149e-05
-2.80055723908142,3.34988504484698e-05
-2.7969667810826,3.34942097428536e-05
-2.79337632308377,3.3557058481262e-05
-2.78978586508495,3.3587525862665e-05
-2.78619540708613,3.35961134126057e-05
-2.78260494908731,3.36709715025383e-05
-2.77901449108848,3.37052496904324e-05
-2.77542403308966,3.37370564510617e-05
-2.77183357509084,3.37460026064161e-05
-2.76824311709202,3.37836466612681e-05
-2.76465265909319,3.38203456490906e-05
-2.76106220109437,3.38112798997861e-05
-2.75747174309555,3.38755098606115e-05
-2.75388128509673,3.38983099854629e-05
-2.7502908270979,3.39719573791387e-05
-2.74670036909908,3.40073332744155e-05
-2.74310991110026,3.40221775371409e-05
-2.73951945310144,3.40646496766684e-05
-2.73592899510262,3.41103478789644e-05
-2.73233853710379,3.41668991700926e-05
-2.72874807910497,3.4191614661593e-05
-2.72515762110615,3.42036533085622e-05
-2.72156716310733,3.42090236237832e-05
-2.7179767051085,3.4272666321458e-05
-2.71438624710968,3.42771110749632e-05
-2.71079578911086,3.43293920386332e-05
-2.70720533111204,3.4382315470271e-05
-2.70361487311321,3.43976195472421e-05
-2.70002441511439,3.44467992590791e-05
-2.69643395711557,3.4496169188399e-05
-2.69284349911675,3.45156653943588e-05
-2.68925304111792,3.45520272970183e-05
-2.6856625831191,3.46060196260029e-05
-2.68207212512028,3.46335672711947e-05
-2.67848166712146,3.46487762149124e-05
-2.67489120912264,3.4679424193042e-05
-2.67130075112381,3.47224816211319e-05
-2.66771029312499,3.4750335331808e-05
-2.66411983512617,3.48019279316022e-05
-2.66052937712735,3.48340720981141e-05
-2.65693891912852,3.48530531475744e-05
-2.6533484611297,3.48686241271537e-05
-2.64975800313088,3.49282902394709e-05
-2.64616754513206,3.49731462949213e-05
-2.64257708713324,3.49576551012782e-05
-2.63898662913441,3.50679412719101e-05
-2.63539617113559,3.50717093225021e-05
-2.63180571313677,3.51227056709454e-05
-2.62821525513795,3.51736031245585e-05
-2.62462479713912,3.51870836088832e-05
-2.6210343391403,3.5189966462135e-05
-2.61744388114148,3.52470488132692e-05
-2.61385342314266,3.52660810906487e-05
-2.61026296514383,3.53325936251675e-05
-2.60667250714501,3.53832362649656e-05
-2.60308204914619,3.54091738067087e-05
-2.59949159114737,3.53936057859877e-05
-2.59590113314854,3.54656412205412e-05
-2.59231067514972,3.55066770576916e-05
-2.5887202171509,3.55305885723133e-05
-2.58512975915208,3.55617811181482e-05
-2.58153930115326,3.5636660846783e-05
-2.57794884315443,3.56349774768095e-05
-2.57435838515561,3.57003533415302e-05
-2.57076792715679,3.57819459091974e-05
-2.56717746915797,3.57484520143279e-05
-2.56358701115914,3.57863353205313e-05
-2.55999655316032,3.58201522658436e-05
-2.5564060951615,3.59216544208677e-05
-2.55281563716268,3.59016216199343e-05
-2.54922517916385,3.59549852715467e-05
-2.54563472116503,3.59822022248553e-05
-2.54204426316621,3.6007216475522e-05
-2.53845380516739,3.60977691312765e-05
-2.53486334716857,3.60879886678285e-05
-2.53127288916974,3.61575459401511e-05
-2.52768243117092,3.61731765608014e-05
-2.5240919731721,3.61709433872769e-05
-2.52050151517328,3.62564243841951e-05
-2.51691105717445,3.62701682898435e-05
-2.51332059917563,3.63218712861811e-05
-2.50973014117681,3.64086204405657e-05
-2.50613968317799,3.6424376473394e-05
-2.50254922517916,3.64071581333744e-05
-2.49895876718034,3.64725896603761e-05
-2.49536830918152,3.65294864164493e-05
-2.4917778511827,3.65528198452174e-05
-2.48818739318387,3.66204028107666e-05
-2.48459693518505,3.66123621501313e-05
-2.48100647718623,3.66555582140047e-05
-2.47741601918741,3.67271096539906e-05
-2.47382556118859,3.67194841637915e-05
-2.47023510318976,3.68037019490396e-05
-2.46664464519094,3.68610387323737e-05
-2.46305418719212,3.69221871488887e-05
-2.4594637291933,3.69104142863061e-05
-2.45587327119447,3.69427313907574e-05
-2.45228281319565,3.70087193079834e-05
-2.44869235519683,3.70204209968247e-05
-2.44510189719801,3.70713874857352e-05
-2.44151143919918,3.71370726246967e-05
-2.43792098120036,3.71743795938422e-05
-2.43433052320154,3.71841825936209e-05
-2.43074006520272,3.72124807916557e-05
-2.4271496072039,3.73055029449629e-05
-2.42355914920507,3.73168541593119e-05
-2.41996869120625,3.73427268650912e-05
-2.41637823320743,3.74686278608193e-05
-2.41278777520861,3.74584946548053e-05
-2.40919731720978,3.75033949672907e-05
-2.40560685921096,3.7558017833061e-05
-2.40201640121214,3.75874543931819e-05
-2.39842594321332,3.76003166149818e-05
-2.39483548521449,3.76830559548847e-05
-2.39124502721567,3.76774679191365e-05
-2.38765456921685,3.77441328548992e-05
-2.38406411121803,3.78256683725187e-05
-2.38047365321921,3.77874590305585e-05
-2.37688319522038,3.78431458857372e-05
-2.37329273722156,3.79185805670866e-05
-2.36970227922274,3.79198510039752e-05
-2.36611182122392,3.79979208755542e-05
-2.36252136322509,3.80611288342494e-05
-2.35893090522627,3.80955817668724e-05
-2.35534044722745,3.80947694251651e-05
-2.35174998922863,3.81454606149227e-05
-2.3481595312298,3.82303779637654e-05
-2.34456907323098,3.82698982973239e-05
-2.34097861523216,3.82867793691273e-05
-2.33738815723334,3.83216409382826e-05
-2.33379769923451,3.83944200511412e-05
-2.33020724123569,3.84208328021983e-05
-2.32661678323687,3.84490933100747e-05
-2.32302632523805,3.85361495917992e-05
-2.31943586723923,3.85235530682066e-05
-2.3158454092404,3.85757947169225e-05
-2.31225495124158,3.86527001725611e-05
-2.30866449324276,3.8640891446292e-05
-2.30507403524394,3.87469883607632e-05
-2.30148357724511,3.8777835779867e-05
-2.29789311924629,3.88229176216614e-05
-2.29430266124747,3.88606346479715e-05
-2.29071220324865,3.88808775107277e-05
-2.28712174524982,3.89666502080647e-05
-2.283531287251,3.89853014084406e-05
-2.27994082925218,3.90415889749403e-05
-2.27635037125336,3.91032381928058e-05
-2.27275991325454,3.9096651430354e-05
-2.26916945525571,3.91552745573641e-05
-2.26557899725689,3.92286160394528e-05
-2.26198853925807,3.92545253057279e-05
-2.25839808125925,3.92732492738543e-05
-2.25480762326042,3.93644918851203e-05
-2.2512171652616,3.93938413124914e-05
-2.24762670726278,3.94042462588753e-05
-2.24403624926396,3.9506614546548e-05
-2.24044579126513,3.95799094544896e-05
-2.23685533326631,3.95242486582819e-05
-2.23326487526749,3.96439066330947e-05
-2.22967441726867,3.9690321615769e-05
-2.22608395926984,3.97114850920402e-05
-2.22249350127102,3.97418863971813e-05
-2.2189030432722,3.9808417088479e-05
-2.21531258527338,3.98694253902304e-05
-2.21172212727456,3.9890001842405e-05
-2.20813166927573,3.99881372054749e-05
-2.20454121127691,3.99976927615247e-05
-2.20095075327809,3.99889919027372e-05
-2.19736029527927,4.01145572137096e-05
-2.19376983728044,4.00895955096411e-05
-2.19017937928162,4.01517448248373e-05
-2.1865889212828,4.02647178375581e-05
-2.18299846328398,4.0295252314833e-05
-2.17940800528515,4.03917060661222e-05
-2.17581754728633,4.03385526639059e-05
-2.17222708928751,4.04001596025754e-05
-2.16863663128869,4.04420455915548e-05
-2.16504617328986,4.04952812558163e-05
-2.16145571529104,4.05745797202415e-05
-2.15786525729222,4.05648121493813e-05
-2.1542747992934,4.07220285451686e-05
-2.15068434129458,4.07496803938029e-05
-2.14709388329575,4.07542695019568e-05
-2.14350342529693,4.07595711049975e-05
-2.13991296729811,4.07818236496012e-05
-2.13632250929929,4.08720298799456e-05
-2.13273205130046,4.099898265813e-05
-2.12914159330164,4.10645099827715e-05
-2.12555113530282,4.10439002045416e-05
-2.121960677304,4.11447280556376e-05
-2.11837021930517,4.11373701121376e-05
-2.11477976130635,4.11539127284093e-05
-2.11118930330753,4.12024775480475e-05
-2.10759884530871,4.13446775132331e-05
-2.10400838730989,4.13449072259968e-05
-2.10041792931106,4.15658036159864e-05
-2.09682747131224,4.1516377938772e-05
-2.09323701331342,4.14063363226213e-05
-2.0896465553146,4.16235004103401e-05
-2.08605609731577,4.15121215999519e-05
-2.08246563931695,4.17405321025746e-05
-2.07887518131813,4.164037793473e-05
-2.07528472331931,4.18345107437015e-05
-2.07169426532048,4.19510817822253e-05
-2.06810380732166,4.20070187356413e-05
-2.06451334932284,4.2075353729486e-05
-2.06092289132402,4.18060430650191e-05
-2.05733243332519,4.20056632957523e-05
-2.05374197532637,4.2052889156342e-05
-2.05015151732755,4.21892032083844e-05
-2.04656105932873,4.22407577839212e-05
-2.04297060132991,4.22755150593736e-05
-2.03938014333108,4.23681077869204e-05
-2.03578968533226,4.23611032609775e-05
-2.03219922733344,4.23266317032943e-05
-2.02860876933462,4.23139158870343e-05
-2.02501831133579,4.24522471552533e-05
-2.02142785333697,4.26856751214729e-05
-2.01783739533815,4.27722671564958e-05
-2.01424693733933,4.26849627382985e-05
-2.01065647934051,4.27474098525195e-05
-2.00706602134168,4.26118684216963e-05
-2.00347556334286,4.28546683468145e-05
-1.99988510534404,4.27631599236688e-05
-1.99629464734522,4.27524141066831e-05
-1.99270418934639,4.29427916349528e-05
-1.98911373134757,4.30610874637442e-05
-1.98552327334875,4.32139631929832e-05
-1.98193281534993,4.29721154454245e-05
-1.9783423573511,4.32468132797862e-05
-1.97475189935228,4.31488121271114e-05
-1.97116144135346,4.33983871976532e-05
-1.96757098335464,4.34908752257554e-05
-1.96398052535581,4.33809214172687e-05
-1.96039006735699,4.35765314937266e-05
-1.95679960935817,4.35041652812844e-05
-1.95320915135935,4.36807565214011e-05
-1.94961869336053,4.33262315207035e-05
-1.9460282353617,4.35204619337577e-05
-1.94243777736288,4.3690821053047e-05
-1.93884731936406,4.38061078888224e-05
-1.93525686136524,4.39989482822691e-05
-1.93166640336641,4.39144794418799e-05
-1.92807594536759,4.40318656049739e-05
-1.92448548736877,4.39065477566771e-05
-1.92089502936995,4.41644172022553e-05
-1.91730457137112,4.41211133819698e-05
-1.9137141133723,4.41117047395291e-05
-1.91012365537348,4.42965640011557e-05
-1.90653319737466,4.44659686701756e-05
-1.90294273937583,4.45085004374366e-05
-1.89935228137701,4.43379452544644e-05
-1.89576182337819,4.44863969731211e-05
-1.89217136537937,4.45664081792293e-05
-1.88858090738055,4.46844021620324e-05
-1.88499044938172,4.47004056362567e-05
-1.8813999913829,4.48139281236171e-05
-1.87780953338408,4.49112351817803e-05
-1.87421907538526,4.50307669378627e-05
-1.87062861738643,4.50156610829665e-05
-1.86703815938761,4.4913843090927e-05
-1.86344770138879,4.49686462343777e-05
-1.85985724338997,4.51179372972606e-05
-1.85626678539114,4.5265027913134e-05
-1.85267632739232,4.52112887434682e-05
-1.8490858693935,4.53474080759181e-05
-1.84549541139468,4.53423435391641e-05
-1.84190495339586,4.54143059648824e-05
-1.83831449539703,4.54099677867986e-05
-1.83472403739821,4.55346952039473e-05
-1.83113357939939,4.55600058148687e-05
-1.82754312140057,4.56835992073272e-05
-1.82395266340174,4.57794489955426e-05
-1.82036220540292,4.57802871012433e-05
-1.8167717474041,4.58201740718627e-05
-1.81318128940528,4.58740925267652e-05
-1.80959083140645,4.60071985593193e-05
-1.80600037340763,4.59962823394029e-05
-1.80240991540881,4.61306216463298e-05
-1.79881945740999,4.62680996957705e-05
-1.79522899941117,4.62000165108901e-05
-1.79163854141234,4.63610355041435e-05
-1.78804808341352,4.63343819074708e-05
-1.7844576254147,4.63882100115142e-05
-1.78086716741588,4.6417913491153e-05
-1.77727670941705,4.65459317641656e-05
-1.77368625141823,4.65275472025103e-05
-1.77009579341941,4.6671588330968e-05
-1.76650533542059,4.66127997969011e-05
-1.76291487742176,4.67255725157311e-05
-1.75932441942294,4.69185347288206e-05
-1.75573396142412,4.69415258201797e-05
-1.7521435034253,4.69707773975235e-05
-1.74855304542647,4.70435023588812e-05
-1.74496258742765,4.70936967307493e-05
-1.74137212942883,4.71586581583808e-05
-1.73778167143001,4.71798412601652e-05
-1.73419121343119,4.73986665174232e-05
-1.73060075543236,4.74809134076324e-05
-1.72701029743354,4.74689077497878e-05
-1.72341983943472,4.74321560181467e-05
-1.7198293814359,4.75616068698224e-05
-1.71623892343707,4.75800702169117e-05
-1.71264846543825,4.77535866674523e-05
-1.70905800743943,4.76377059869962e-05
-1.70546754944061,4.79477967307573e-05
-1.70187709144178,4.79135318654786e-05
-1.69828663344296,4.80769517999234e-05
-1.69469617544414,4.79670898472019e-05
-1.69110571744532,4.81537772111626e-05
-1.6875152594465,4.82848941962889e-05
-1.68392480144767,4.83119721142758e-05
-1.68033434344885,4.83409892938207e-05
-1.67674388545003,4.82930620323895e-05
-1.67315342745121,4.85344345980226e-05
-1.66956296945238,4.86233132590102e-05
-1.66597251145356,4.87718036060885e-05
-1.66238205345474,4.85397772367188e-05
-1.65879159545592,4.86966065019765e-05
-1.65520113745709,4.88199691140272e-05
-1.65161067945827,4.89144452520977e-05
-1.64802022145945,4.91177299112157e-05
-1.64442976346063,4.89260377814626e-05
-1.6408393054618,4.90675238723379e-05
-1.63724884746298,4.89311666370191e-05
-1.63365838946416,4.92721912929945e-05
-1.63006793146534,4.92879960473957e-05
-1.62647747346652,4.94406744165028e-05
-1.62288701546769,4.93584479774803e-05
-1.61929655746887,4.9531584915327e-05
-1.61570609947005,4.96372567826032e-05
-1.61211564147123,4.97358728148532e-05
-1.6085251834724,4.96487536992072e-05
-1.60493472547358,4.98955399204289e-05
-1.60134426747476,4.99740750915871e-05
-1.59775380947594,5.00164618314692e-05
-1.59416335147711,5.01109032283173e-05
-1.59057289347829,5.01766353807644e-05
-1.58698243547947,5.0228918146129e-05
-1.58339197748065,5.02855769257495e-05
-1.57980151948183,5.03899316293525e-05
-1.576211061483,5.03639879397224e-05
-1.57262060348418,5.05254390398017e-05
-1.56903014548536,5.0650607053706e-05
-1.56543968748654,5.05654275904201e-05
-1.56184922948771,5.0707116706759e-05
-1.55825877148889,5.10335541905107e-05
-1.55466831349007,5.09072978851948e-05
-1.55107785549125,5.08771430884142e-05
-1.54748739749242,5.09719933211217e-05
-1.5438969394936,5.11067031638922e-05
-1.54030648149478,5.12356353192659e-05
-1.53671602349596,5.12692745718811e-05
-1.53312556549713,5.1384321610276e-05
-1.52953510749831,5.13047883290403e-05
-1.52594464949949,5.15594842219232e-05
-1.52235419150067,5.16420126927328e-05
-1.51876373350185,5.1628124075135e-05
-1.51517327550302,5.18775707773774e-05
-1.5115828175042,5.19345765594167e-05
-1.50799235950538,5.17699244625489e-05
-1.50440190150656,5.18872672611399e-05
-1.50081144350773,5.21147023189238e-05
-1.49722098550891,5.2162734201165e-05
-1.49363052751009,5.22224061718714e-05
-1.49004006951127,5.22872006898584e-05
-1.48644961151244,5.22979564282318e-05
-1.48285915351362,5.24114353922336e-05
-1.4792686955148,5.26369374154105e-05
-1.47567823751598,5.27369775289723e-05
-1.47208777951716,5.27613609436397e-05
-1.46849732151833,5.29125318210876e-05
-1.46490686351951,5.29261092799842e-05
-1.46131640552069,5.30114180227345e-05
-1.45772594752187,5.30492515805213e-05
-1.45413548952304,5.31303759369686e-05
-1.45054503152422,5.32724469457357e-05
-1.4469545735254,5.33622315729171e-05
-1.44336411552658,5.34883257866769e-05
-1.43977365752775,5.33872401922077e-05
-1.43618319952893,5.35423360861119e-05
-1.43259274153011,5.37375226467122e-05
-1.42900228353129,5.36858729035727e-05
-1.42541182553247,5.3767913582843e-05
-1.42182136753364,5.39271636323469e-05
-1.41823090953482,5.39966494817719e-05
-1.414640451536,5.41701639219908e-05
-1.41104999353718,5.41585493586222e-05
-1.40745953553835,5.42753117954121e-05
-1.40386907753953,5.43772086358231e-05
-1.40027861954071,5.45234263034135e-05
-1.39668816154189,5.45925320017906e-05
-1.39309770354306,5.45505874411698e-05
-1.38950724554424,5.47737792344056e-05
-1.38591678754542,5.47995253382467e-05
-1.3823263295466,5.49069486238713e-05
-1.37873587154777,5.50731197124619e-05
-1.37514541354895,5.51253505454513e-05
-1.37155495555013,5.51989535904359e-05
-1.36796449755131,5.52542691985892e-05
-1.36437403955249,5.54179996097148e-05
-1.36078358155366,5.55078564334623e-05
-1.35719312355484,5.55163180328035e-05
-1.35360266555602,5.56688576184998e-05
-1.3500122075572,5.56755785326946e-05
-1.34642174955837,5.58182582536686e-05
-1.34283129155955,5.58503144680278e-05
-1.33924083356073,5.6012821776402e-05
-1.33565037556191,5.61273252031595e-05
-1.33205991756308,5.6238693146681e-05
-1.32846945956426,5.63581853725746e-05
-1.32487900156544,5.6444743455363e-05
-1.32128854356662,5.6490014750674e-05
-1.3176980855678,5.65442258956578e-05
-1.31410762756897,5.67269926548751e-05
-1.31051716957015,5.6814129708972e-05
-1.30692671157133,5.684770395358e-05
-1.30333625357251,5.69274061906383e-05
-1.29974579557368,5.70194847869667e-05
-1.29615533757486,5.71937291293044e-05
-1.29256487957604,5.72818898395891e-05
-1.28897442157722,5.73212376920386e-05
-1.28538396357839,5.74961768050099e-05
-1.28179350557957,5.75983189776629e-05
-1.27820304758075,5.76167351664965e-05
-1.27461258958193,5.78389245271577e-05
-1.2710221315831,5.78533012981425e-05
-1.26743167358428,5.80554932515919e-05
-1.26384121558546,5.80280764467605e-05
-1.26025075758664,5.81747855648573e-05
-1.25666029958782,5.82529740171204e-05
-1.25306984158899,5.83777951754531e-05
-1.24947938359017,5.85002333725092e-05
-1.24588892559135,5.85747505979178e-05
-1.24229846759253,5.87443945176884e-05
-1.2387080095937,5.87229208412676e-05
-1.23511755159488,5.89232652911823e-05
-1.23152709359606,5.90395312059019e-05
-1.22793663559724,5.91405469084724e-05
-1.22434617759841,5.92443337345913e-05
-1.22075571959959,5.93032690433265e-05
-1.21716526160077,5.94710833494037e-05
-1.21357480360195,5.95314063492473e-05
-1.20998434560313,5.96248257115603e-05
-1.2063938876043,5.96439105547568e-05
-1.20280342960548,5.99241319253019e-05
-1.19921297160666,6.00249516337446e-05
-1.19562251360784,6.01334400545774e-05
-1.19203205560901,6.01390042523747e-05
-1.18844159761019,6.02290677498675e-05
-1.18485113961137,6.02676385363237e-05
-1.18126068161255,6.03789725573451e-05
-1.17767022361372,6.06284853307176e-05
-1.1740797656149,6.06541058402287e-05
-1.17048930761608,6.09941606628515e-05
-1.16689884961726,6.11314084119116e-05
-1.16330839161844,6.12199376139838e-05
-1.15971793361961,6.08486094017401e-05
-1.15612747562079,6.11449495549551e-05
-1.15253701762197,6.14149386273787e-05
-1.14894655962315,6.15366882677999e-05
-1.14535610162432,6.18399644843484e-05
-1.1417656436255,6.17288140630778e-05
-1.13817518562668,6.20384966185659e-05
-1.13458472762786,6.18649014908494e-05
-1.13099426962903,6.22520892473782e-05
-1.12740381163021,6.18377926540732e-05
-1.12381335363139,6.21047540975758e-05
-1.12022289563257,6.28384708599629e-05
-1.11663243763374,6.29160512752893e-05
-1.11304197963492,6.30995539444789e-05
-1.1094515216361,6.26753183497927e-05
-1.10586106363728,6.31327820944307e-05
-1.10227060563846,6.28415956859224e-05
-1.09868014763963,6.30441301259031e-05
-1.09508968964081,6.31735412223426e-05
-1.09149923164199,6.34922431081965e-05
-1.08790877364317,6.41152054351416e-05
-1.08431831564434,6.42518803239001e-05
-1.08072785764552,6.40421095027382e-05
-1.0771373996467,6.34878847472414e-05
-1.07354694164788,6.37890643408376e-05
-1.06995648364905,6.45333624689956e-05
-1.06636602565023,6.48773193049014e-05
-1.06277556765141,6.46728513358558e-05
-1.05918510965259,6.5386465839908e-05
-1.05559465165377,6.51357751090409e-05
-1.05200419365494,6.51203316048538e-05
-1.04841373565612,6.47602124617371e-05
-1.0448232776573,6.4747777003862e-05
-1.04123281965848,6.49904405204468e-05
-1.03764236165965,6.55154344745236e-05
-1.03405190366083,6.67272713456557e-05
-1.03046144566201,6.5333173924831e-05
-1.02687098766319,6.60457044742975e-05
-1.02328052966436,6.59268442342463e-05
-1.01969007166554,6.59966472957936e-05
-1.01609961366672,6.57447902604935e-05
-1.0125091556679,6.5778369417862e-05
-1.00891869766907,6.71840381525807e-05
-1.00532823967025,6.66408814656011e-05
-1.00173778167143,6.78785760856102e-05
-0.998147323672608,6.63027469245371e-05
-0.994556865673785,6.58740067620885e-05
-0.990966407674963,6.61102254952013e-05
-0.987375949676141,6.65815891681793e-05
-0.983785491677318,6.7435699206067e-05
-0.980195033678496,6.70570590295121e-05
-0.976604575679674,6.86926928677577e-05
-0.973014117680852,6.84123826510282e-05
-0.969423659682029,6.83280694952685e-05
-0.965833201683207,6.76536045139924e-05
-0.962242743684384,6.75718271956282e-05
-0.958652285685562,6.81803610384969e-05
-0.95506182768674,6.85362180401374e-05
-0.951471369687917,6.90602146744701e-05
-0.947880911689095,6.86309088410072e-05
-0.944290453690273,6.85455881346986e-05
-0.940699995691451,6.9147987632085e-05
-0.937109537692628,6.91606232936619e-05
-0.933519079693806,6.84450384509089e-05
-0.929928621694984,6.92430828905773e-05
-0.926338163696161,6.99696180595586e-05
-0.922747705697339,7.07726789282121e-05
-0.919157247698516,7.03988660449832e-05
-0.915566789699694,7.0438804272998e-05
-0.911976331700872,6.99654949922077e-05
-0.90838587370205,6.97655299822498e-05
-0.904795415703227,7.0963718110236e-05
-0.901204957704405,7.03146331238182e-05
-0.897614499705583,7.11782134065508e-05
-0.89402404170676,7.1473056147421e-05
-0.890433583707938,7.22637469788217e-05
-0.886843125709115,7.1415798920081e-05
-0.883252667710293,7.10799975552326e-05
-0.879662209711471,7.19606873611616e-05
-0.876071751712649,7.18299570231728e-05
-0.872481293713826,7.3061281311015e-05
-0.868890835715004,7.26056042190502e-05
-0.865300377716182,7.30688056828968e-05
-0.861709919717359,7.27769397148768e-05
-0.858119461718537,7.31624364356211e-05
-0.854529003719715,7.30949713921111e-05
-0.850938545720892,7.2624956646149e-05
-0.84734808772207,7.33328138642561e-05
-0.843757629723248,7.37187362109654e-05
-0.840167171724425,7.42013428458025e-05
-0.836576713725603,7.39166899383358e-05
-0.832986255726781,7.41054331164094e-05
-0.829395797727958,7.42351333229091e-05
-0.825805339729136,7.42899165446941e-05
-0.822214881730314,7.45331016162092e-05
-0.818624423731491,7.46334480520984e-05
-0.815033965732669,7.49558273438445e-05
-0.811443507733847,7.52158594430632e-05
-0.807853049735024,7.56044782356639e-05
-0.804262591736202,7.53248833070562e-05
-0.80067213373738,7.53912331677956e-05
-0.797081675738557,7.55930939877754e-05
-0.793491217739735,7.60461907805847e-05
-0.789900759740913,7.6119493706757e-05
-0.78631030174209,7.65608698559609e-05
-0.782719843743268,7.65719829461346e-05
-0.779129385744446,7.68386961800562e-05
-0.775538927745623,7.70476159256448e-05
-0.771948469746801,7.70421083605529e-05
-0.768358011747979,7.73197622095372e-05
-0.764767553749156,7.74004096313538e-05
-0.761177095750334,7.79523883438724e-05
-0.757586637751512,7.79329623851187e-05
-0.753996179752689,7.82913492637458e-05
-0.750405721753867,7.82815666687475e-05
-0.746815263755045,7.86056298461792e-05
-0.743224805756222,7.87611581003504e-05
-0.7396343477574,7.88496107845366e-05
-0.736043889758578,7.93700472871681e-05
-0.732453431759755,7.91538438035826e-05
-0.728862973760933,7.96053795071758e-05
-0.725272515762111,7.97390584362687e-05
-0.721682057763288,8.00657883167852e-05
-0.718091599764466,8.02429958820192e-05
-0.714501141765644,8.04240939447873e-05
-0.710910683766821,8.07857983871176e-05
-0.707320225767999,8.07943505472269e-05
-0.703729767769177,8.0938390757047e-05
-0.700139309770354,8.13640207192826e-05
-0.696548851771532,8.16344055439647e-05
-0.69295839377271,8.16781460646258e-05
-0.689367935773887,8.1983757774779e-05
-0.685777477775065,8.19882340944255e-05
-0.682187019776243,8.24217310803977e-05
-0.67859656177742,8.23332236736065e-05
-0.675006103778598,8.26994076243325e-05
-0.671415645779776,8.29914976487024e-05
-0.667825187780953,8.31465683695664e-05
-0.664234729782131,8.34735647984115e-05
-0.660644271783309,8.35422193578756e-05
-0.657053813784486,8.42003207922985e-05
-0.653463355785664,8.41914254849597e-05
-0.649872897786842,8.45878782798255e-05
-0.646282439788019,8.49293704916238e-05
-0.642691981789197,8.49502757859625e-05
-0.639101523790375,8.51486882783913e-05
-0.635511065791552,8.55348817930067e-05
-0.63192060779273,8.58426838650387e-05
-0.628330149793908,8.5994460196697e-05
-0.624739691795085,8.60370473441863e-05
-0.621149233796263,8.61630183728861e-05
-0.617558775797441,8.68985759623604e-05
-0.613968317798618,8.68763805520846e-05
-0.610377859799796,8.7039587848688e-05
-0.606787401800974,8.77503452356275e-05
-0.603196943802151,8.72313383006052e-05
-0.599606485803329,8.81487279673397e-05
-0.596016027804507,8.83818841112183e-05
-0.592425569805685,8.86083697584867e-05
-0.588835111806862,8.91329658809816e-05
-0.58524465380804,8.8704777341815e-05
-0.581654195809218,8.94214612044484e-05
-0.578063737810395,9.05015510911667e-05
-0.574473279811573,9.00541905079977e-05
-0.57088282181275,9.02446632485198e-05
-0.567292363813928,9.05842137847901e-05
-0.563701905815106,9.07619326118117e-05
-0.560111447816284,9.15849648631592e-05
-0.556520989817461,9.15980076005456e-05
-0.552930531818639,9.14164700358072e-05
-0.549340073819817,9.12639218821781e-05
-0.545749615820994,9.29789775296915e-05
-0.542159157822172,9.26396949289514e-05
-0.53856869982335,9.26255713136034e-05
-0.534978241824527,9.32573261098854e-05
-0.531387783825705,9.35287468208435e-05
-0.527797325826883,9.33975035560336e-05
-0.52420686782806,9.39332743224678e-05
-0.520616409829238,9.43968634544513e-05
-0.517025951830416,9.49645342925488e-05
-0.513435493831593,9.61598702362934e-05
-0.509845035832771,9.6158722229407e-05
-0.506254577833949,9.47603187765717e-05
-0.502664119835126,9.60536700175098e-05
-0.499073661836304,9.50911800413739e-05
-0.495483203837482,9.6544735745107e-05
-0.491892745838659,9.72942120276461e-05
-0.488302287839837,9.71002529843353e-05
-0.484711829841015,9.69258220685988e-05
-0.481121371842192,9.80185015482897e-05
-0.47753091384337,9.84975246016442e-05
-0.473940455844548,9.89136897675931e-05
-0.470349997845725,9.88864067019166e-05
-0.466759539846903,9.98764604306301e-05
-0.463169081848081,0.00010073239783301
-0.459578623849258,9.90278906407821e-05
-0.455988165850436,0.000100191952449032
-0.452397707851614,0.000101572991887954
-0.448807249852791,0.000100939510725369
-0.445216791853969,0.000101559045435228
-0.441626333855147,9.99318002906554e-05
-0.438035875856324,0.000102099728975409
-0.434445417857502,0.000104554316396084
-0.43085495985868,0.000104063791481136
-0.427264501859857,0.000101966491570039
-0.423674043861035,0.000105542815229538
-0.420083585862213,0.000105469722360752
-0.41649312786339,0.000103679089949836
-0.412902669864568,0.00010425507712723
-0.409312211865746,0.000105451368052221
-0.405721753866923,0.000107732843202162
-0.402131295868101,0.000105479763966673
-0.398540837869279,0.00010796598346023
-0.394950379870456,0.000108018589573981
-0.391359921871634,0.000108256499973342
-0.387769463872812,0.000107485965396389
-0.384179005873989,0.000108844095586329
-0.380588547875167,0.000109647799866715
-0.376998089876345,0.000111789641643134
-0.373407631877522,0.000111720168600745
-0.3698171738787,0.000112620331683629
-0.366226715879878,0.000113235209396369
-0.362636257881055,0.000117110660659345
-0.359045799882233,0.000111380008033647
-0.355455341883411,0.000114752898470777
-0.351864883884588,0.000109558931986065
-0.348274425885766,0.000111712644472813
-0.344683967886944,0.000109145855690367
-0.341093509888121,0.000115525959057835
-0.337503051889299,0.000118716287338679
-0.333912593890477,0.000118445136631578
-0.330322135891654,0.000115547486607879
-0.326731677892832,0.000119171193855286
-0.32314121989401,0.000121472997554979
-0.319550761895187,0.000116078699467118
-0.315960303896365,0.000113042220476786
-0.312369845897543,0.000113402618595764
-0.30877938789872,0.000121432159300465
-0.305188929899898,0.000124171300561072
-0.301598471901076,0.000124005275072737
-0.298008013902253,0.000120844725432741
-0.294417555903431,0.000118871229181957
-0.290827097904609,0.000124740657096197
-0.287236639905786,0.000127660459013352
-0.283646181906964,0.000126809535076204
-0.280055723908142,0.000130984469744586
-0.276465265909319,0.00012850519341687
-0.272874807910497,0.000131831790272414
-0.269284349911675,0.000123619717759729
-0.265693891912852,0.000129151404139485
-0.26210343391403,0.000125200529323523
-0.258512975915208,0.000130388694139631
-0.254922517916385,0.000132955764895281
-0.251332059917563,0.000128618376848079
-0.247741601918741,0.000128431633688571
-0.244151143919918,0.000134277952843936
-0.240560685921096,0.000122318753260479
-0.236970227922274,0.00014090397416943
-0.233379769923451,0.000148402222998244
-0.229789311924629,0.000139471284593775
-0.226198853925807,0.000144252235187651
-0.222608395926984,0.000137496801300232
-0.219017937928162,0.000153929188467571
-0.21542747992934,0.000143770446819825
-0.211837021930517,0.000158299806242552
-0.208246563931695,0.000142815321284066
-0.204656105932873,0.00015443508495512
-0.20106564793405,0.000135877317302547
-0.197475189935228,0.000140437710327463
-0.193884731936406,0.000152993643775433
-0.190294273937583,0.000135044343743499
-0.186703815938761,0.000167987946128036
-0.183113357939939,0.00016046941384142
-0.179522899941117,0.00012909096990308
-0.175932441942294,0.000157524764559551
-0.172341983943472,0.000142062696418806
-0.16875152594465,0.00018079880868381
-0.165161067945827,0.000153130805900188
-0.161570609947005,0.00017956856047394
-0.157980151948183,0.000162481224268943
-0.15438969394936,0.000178540757097546
-0.150799235950538,0.000175122831680565
-0.147208777951716,0.000185844627735375
-0.143618319952893,0.000143328536901831
-0.140027861954071,0.00015045035575902
-0.136437403955249,0.000202501545890309
-0.132846945956426,0.000201332191070091
-0.129256487957604,0.000210354691128057
-0.125666029958782,0.00018543919873074
-0.122075571959959,0.0001796700968629
-0.118485113961137,0.000169858173874654
-0.114894655962315,0.000186178740504398
-0.111304197963492,0.00020000646018885
-0.10771373996467,0.000253309939067215
-0.104123281965848,0.00026213057099341
-0.100532823967025,0.000311503105597079
-0.0969423659682029,0.00023399776855609
-0.0933519079693806,7.90468342667169e-05
-0.0897614499705583,0.000220527522890157
-0.0861709919717359,0.000189281069949992
-0.0825805339729136,0.000323118774613664
-0.0789900759740913,0.000248619961033344
-0.0753996179752689,0.000416183588786182
-0.0718091599764466,0.000287415773171583
-0.0682187019776243,0.000426650990414803
-0.0646282439788019,0.000375099025434822
-0.0610377859799796,0.000114976636404637
-0.0574473279811573,0.000534359716620511
-0.053856869982335,0.000495867436496947
-0.0502664119835126,0.000397067207734567
-0.0466759539846903,0.000468778110304571
-0.043085495985868,0.000508341737537935
-0.0394950379870456,0.000499755724868324
-0.0359045799882233,0.000602377495289859
-0.032314121989401,0.000642256261083996
-0.0287236639905786,0.000616925159141571
-0.0251332059917563,0.00154957908281688
-0.021542747992934,0.00292103654218677
-0.0179522899941117,0.00306218286302949
-0.0143618319952893,0.00369569388094418
-0.010771373996467,0.00326121421001633
-0.00718091599764466,0.00120300053295861
-0.00359045799882233,0.00758785144417338
0,0.0104356343612851
0.00359045799882233,0.00469161263677755
0.00718091599764466,0.00313339940845251
0.010771373996467,0.00230798869128249
0.0143618319952893,0.00461123929201127
0.0179522899941117,0.00406338921493715
0.021542747992934,0.00373409693269441
0.0251332059917563,0.00208224217079798
0.0287236639905786,0.000629878661376303
0.032314121989401,0.00105883684669001
0.0359045799882233,0.000493215451830771
0.0394950379870456,0.000396665134270201
0.043085495985868,0.000272265062281668
0.0466759539846903,0.000666977455879952
0.0502664119835126,0.000698690828240793
0.053856869982335,0.000116807474808257
0.0574473279811573,0.000256002279115111
0.0610377859799796,8.86966015598716e-05
0.0646282439788019,0.000242563666601167
0.0682187019776243,0.000342015557538309
0.0718091599764466,3.46229333645663e-05
0.0753996179752689,9.8140023092992e-05
0.0789900759740913,9.14407460119172e-05
0.0825805339729136,0.000107617063090647
0.0861709919717359,0.000130202463506144
0.0897614499705583,6.02205600360021e-05
0.0933519079693806,0.000253694256097627
0.0969423659682029,0.000139239377957941
0.100532823967025,0.000229096065537298
0.104123281965848,6.11728226181768e-05
0.10771373996467,0.000105049577241773
0.111304197963492,0.000123653146211267
0.114894655962315,9.9635453997523e-05
0.118485113961137,0.000103925434205263
0.122075571959959,0.000105876390362894
0.125666029958782,0.000145893117697828
0.129256487957604,0.00011445684327949
0.132846945956426,0.000109813429299518
0.136437403955249,7.27982787466693e-05
0.140027861954071,0.000120307156422682
0.143618319952893,0.000116519840750209
0.147208777951716,0.000113859771528939
0.150799235950538,0.000141704462843761
0.15438969394936,9.16652620098829e-05
0.157980151948183,0.000121158391299968
0.161570609947005,8.37042963913722e-05
0.165161067945827,9.9011031631279e-05
0.16875152594465,0.000109586041401244
0.172341983943472,0.000137659550586369
0.175932441942294,0.000114232327716436
0.179522899941117,0.000100050488540083
0.183113357939939,0.000122345570503855
0.186703815938761,0.000101902484997314
0.190294273937583,0.000108885396980288
0.193884731936406,9.85904990507728e-05
0.197475189935228,0.000103233033521347
0.20106564793405,0.000103278658654276
0.204656105932873,0.00011092716543276
0.208246563931695,0.000119592718875859
0.211837021930517,0.00011375041980007
0.21542747992934,0.000112858990412031
0.219017937928162,0.00011404947223885
0.222608395926984,0.000129998815178399
0.226198853925807,0.000114067095267016
0.229789311924629,0.000120036011803055
0.233379769923451,0.000113468853558418
0.236970227922274,0.000113133133922906
0.240560685921096,0.000127831866872697
0.244151143919918,0.000111380067149867
0.247741601918741,0.000131733903187464
0.251332059917563,0.000128584957216912
0.254922517916385,0.000124153329206262
0.258512975915208,0.000145324713256563
0.26210343391403,0.000134116273482901
0.265693891912852,0.000130157773847149
0.269284349911675,0.000139561526690942
0.272874807910497,0.000127816933122033
0.276465265909319,0.000133829940035664
0.280055723908142,0.000134073959277392
0.283646181906964,0.000122842881503271
0.287236639905786,0.000143823239500529
0.290827097904609,0.000138911294803416
0.294417555903431,0.000132638710591216
0.298008013902253,0.000133038118973781
0.301598471901076,0.000145442544620357
0.305188929899898,0.00014248704023187
0.30877938789872,0.000145315173209057
0.312369845897543,0.000143392987624077
0.315960303896365,0.000147396081287419
0.319550761895187,0.000141089524572587
0.32314121989401,0.000146421290328554
0.326731677892832,0.000151327099287083
0.330322135891654,0.000152992761006473
0.333912593890477,0.000146195020666496
0.337503051889299,0.000152057552828188
0.341093509888121,0.000155520665408405
0.344683967886944,0.000148836923819203
0.348274425885766,0.000158581696688887
0.351864883884588,0.0001583431001772
0.355455341883411,0.000156391502641056
0.359045799882233,0.000163787525356472
0.362636257881055,0.000155659755920034
0.366226715879878,0.000169327360404205
0.3698171738787,0.000155071372348643
0.373407631877522,0.000156594854405426
0.376998089876345,0.000158267226930329
0.380588547875167,0.000164678987337992
0.384179005873989,0.000167411454351248
0.387769463872812,0.000170868826367015
0.391359921871634,0.000167895577464511
0.394950379870456,0.000169429712179623
0.398540837869279,0.000167993153771949
0.402131295868101,0.000172656813413885
0.405721753866923,0.000178798989851512
0.409312211865746,0.000178819649491017
0.412902669864568,0.00017421404898545
0.41649312786339,0.000178507649238469
0.420083585862213,0.000183546410824361
0.423674043861035,0.000181332392722793
0.427264501859857,0.000183400582005036
0.43085495985868,0.000183660163832719
0.434445417857502,0.000180958118285653
0.438035875856324,0.00018576945975804
0.441626333855147,0.000193532128807188
0.445216791853969,0.000190039254240467
0.448807249852791,0.000188419081083148
0.452397707851614,0.000189394389001463
0.455988165850436,0.000192974396368339
0.459578623849258,0.000196140392735429
0.463169081848081,0.000196013630650708
0.466759539846903,0.000196031145917832
0.470349997845725,0.000199689347887185
0.473940455844548,0.000200307714534133
0.47753091384337,0.000198249081176819
0.481121371842192,0.000200546372285887
0.484711829841015,0.000205209222402329
0.488302287839837,0.000207450303123109
0.491892745838659,0.000208116666612257
0.495483203837482,0.000206789139208451
0.499073661836304,0.000211169076684736
0.502664119835126,0.00021463068276006
0.506254577833949,0.000212862163030455
0.509845035832771,0.000217404645352207
0.513435493831593,0.000215910586514888
0.517025951830416,0.000217478472448316
0.520616409829238,0.000221475602048651
0.52420686782806,0.000225505937408462
0.527797325826883,0.000219861909725293
0.531387783825705,0.000225036702973614
0.534978241824527,0.000234786056092752
0.53856869982335,0.000224071708018019
0.542159157822172,0.000229999497569712
0.545749615820994,0.000235314361253694
0.549340073819817,0.000239361699824873
0.552930531818639,0.000242798406993612
0.556520989817461,0.0002409372413757
0.560111447816284,0.000240731237822019
0.563701905815106,0.000246839465558935
0.567292363813928,0.000248599531027969
0.57088282181275,0.000250766641312688
0.574473279811573,0.000256121680306136
0.578063737810395,0.000257684038401997
0.581654195809218,0.000260270747024291
0.58524465380804,0.000262038066552195
0.588835111806862,0.00026536249095543
0.592425569805685,0.000262710752690591
0.596016027804507,0.000266383897076505
0.599606485803329,0.000271878803798182
0.603196943802151,0.00027273022222382
0.606787401800974,0.000276140883721473
0.610377859799796,0.000281921133957625
0.613968317798618,0.00028097733903361
0.617558775797441,0.00028135640344071
0.621149233796263,0.000286519655620794
0.624739691795085,0.000288835323179652
0.628330149793908,0.000295712955478319
0.63192060779273,0.000295829951448335
0.635511065791552,0.000299324327857924
0.639101523790375,0.000305012395023031
0.642691981789197,0.000305442498174823
0.646282439788019,0.000307735696481204
0.649872897786842,0.000312157079809953
0.653463355785664,0.000315688162128542
0.657053813784486,0.000322061466774577
0.660644271783309,0.000321321471752828
0.664234729782131,0.000328623389492957
0.667825187780953,0.000330820568201389
0.671415645779776,0.00033663254413689
0.675006103778598,0.000340873713257073
0.67859656177742,0.00034169040424877
0.682187019776243,0.000345318799247502
0.685777477775065,0.000348495720237637
0.689367935773887,0.000352070926634077
0.69295839377271,0.00036047571769202
0.696548851771532,0.000363466651815437
0.700139309770354,0.000368514013893817
0.703729767769177,0.000371924598924767
0.707320225767999,0.000375462648080115
0.710910683766821,0.000384568720585457
0.714501141765644,0.000386025832276643
0.718091599764466,0.000393250196273167
0.721682057763288,0.000398499390479204
0.725272515762111,0.000401192682659047
0.728862973760933,0.000409709734675485
0.732453431759755,0.000415274770707172
0.736043889758578,0.000419615003941741
0.7396343477574,0.000426576544279878
0.743224805756222,0.000432530016842277
0.746815263755045,0.000438648604472481
0.750405721753867,0.000445013204310856
0.753996179752689,0.000452842753309538
0.757586637751512,0.000458773182618799
0.761177095750334,0.000464184813462857
0.764767553749156,0.000474181089021574
0.768358011747979,0.000479094218893462
0.771948469746801,0.000488251424938725
0.775538927745623,0.000497153276392381
0.779129385744446,0.000503949519279576
0.782719843743268,0.000515428285467201
0.78631030174209,0.000521791515176198
0.789900759740913,0.000533082554428049
0.793491217739735,0.000542185531563533
0.797081675738557,0.000550043266861969
0.80067213373738,0.000563769955087909
0.804262591736202,0.000572055182514336
0.807853049735024,0.000584427452294088
0.811443507733847,0.000595345110713483
0.815033965732669,0.000607925939586884
0.818624423731491,0.000621038356931148
0.822214881730314,0.000631392247643567
0.825805339729136,0.000643899713501254
0.829395797727958,0.000660160105468449
0.832986255726781,0.000672146179337743
0.836576713725603,0.00068763448448223
0.840167171724425,0.000701730001738601
0.843757629723248,0.000722301388102988
0.84734808772207,0.000737798538590582
0.850938545720892,0.000757703600726122
0.854529003719715,0.000775061182774598
0.858119461718537,0.000794012592325206
0.861709919717359,0.000816511190722411
0.865300377716182,0.000836837794788698
0.868890835715004,0.000860629321222133
0.872481293713826,0.000886092122211243
0.876071751712649,0.000911994526605444
0.879662209711471,0.00094014195303582
0.883252667710293,0.000969638874244778
0.886843125709115,0.00100133274329926
0.890433583707938,0.0010317689869138
0.89402404170676,0.00106766193478657
0.897614499705583,0.001108000294524
0.901204957704405,0.00114792707899645
0.904795415703227,0.00119074679053124
0.90838587370205,0.00124026186722983
0.911976331700872,0.00128825953266931
0.915566789699694,0.00134292644625716
0.919157247698516,0.00140174512143739
0.922747705697339,0.00146878955082338
0.926338163696161,0.00153977166930299
0.929928621694984,0.00162058884028987
0.933519079693806,0.00171150398979743
0.937109537692628,0.00180811149703338
0.940699995691451,0.00191852368329081
0.944290453690273,0.00203964607862966
0.947880911689095,0.00217882280056533
0.951471369687917,0.00234556064936375
0.95506182768674,0.00253048865619144
0.958652285685562,0.00275241282613516
0.962242743684384,0.00302176894484214
0.965833201683207,0.00333595870997932
0.969423659682029,0.00372312540829749
0.973014117680852,0.00422404341133514
0.976604575679674,0.00487635727969113
0.980195033678496,0.00575216450447391
0.983785491677318,0.00703253602445521
0.987375949676141,0.00904716433391032
0.990966407674963,0.0126336581439916
0.994556865673785,0.0209714595019448
0.998147323672608,0.0616491660926539
1.00173778167143,0.0657198782577118
1.00532823967025,0.0214468805049388
1.00891869766907,0.0128111458491613
1.0125091556679,0.00913541398298934
1.01609961366672,0.00710533945882386
1.01969007166554,0.00581001537091219
1.02328052966436,0.00490780791426201
1.02687098766319,0.00426298362663793
1.03046144566201,0.00375821476834928
1.03405190366083,0.00335972229844222
1.03764236165965,0.00304406146560542
1.04123281965848,0.00277892448890657
1.0448232776573,0.00255632894740811
1.04841373565612,0.00236538216169408
1.05200419365494,0.00220759265585678
1.05559465165377,0.00206442112601082
1.05918510965259,0.00193705870293168
1.06277556765141,0.00182837998952705
1.06636602565023,0.00173003128399555
1.06995648364905,0.0016406892435869
1.07354694164788,0.00155978156162016
1.0771373996467,0.00148757040008958
1.08072785764552,0.0014243967518209
1.08431831564434,0.00136300836237421
1.08790877364317,0.00130856032855951
1.09149923164199,0.00125672402011737
1.09508968964081,0.00121015700057469
1.09868014763963,0.00116494126926068
1.10227060563846,0.00112398119185823
1.10586106363728,0.00108764781867973
1.1094515216361,0.00105250017121917
1.11304197963492,0.0010177824481006
1.11663243763374,0.000988011132559306
1.12022289563257,0.000959365043293308
1.12381335363139,0.000930789060898432
1.12740381163021,0.000903984699175228
1.13099426962903,0.000880479772307236
1.13458472762786,0.000856101101991756
1.13817518562668,0.000832868752531307
1.1417656436255,0.000814508450172714
1.14535610162432,0.000793618714085063
1.14894655962315,0.000774160810185322
1.15253701762197,0.000756681215900566
1.15612747562079,0.000737391286753342
1.15971793361961,0.000722410798503518
1.16330839161844,0.000707884428011276
1.16689884961726,0.000692011624174664
1.17048930761608,0.000679021235050297
1.1740797656149,0.000664032730863312
1.17767022361372,0.000651192855449951
1.18126068161255,0.000638002389748579
1.18485113961137,0.000626391805489074
1.18844159761019,0.000615171190364225
1.19203205560901,0.000601610853784087
1.19562251360784,0.000593506040689085
1.19921297160666,0.000581719265382238
1.20280342960548,0.000570236330208059
1.2063938876043,0.000561772309626293
1.20998434560313,0.000551840884310829
1.21357480360195,0.000542330270556165
1.21716526160077,0.000534243094370189
1.22075571959959,0.000524875203962062
1.22434617759841,0.00051690263808858
1.22793663559724,0.000508782402295327
1.23152709359606,0.000500697642401599
1.23511755159488,0.000493735278730983
1.2387080095937,0.000486397208839211
1.24229846759253,0.000478244837540257
1.24588892559135,0.000471493890735742
1.24947938359017,0.000466546968360994
1.25306984158899,0.000458838114664606
1.25666029958782,0.000452976470095483
1.26025075758664,0.000447442161536132
1.26384121558546,0.000440368240949115
1.26743167358428,0.000435149943627122
1.2710221315831,0.000428872765160557
1.27461258958193,0.000424229580433619
1.27820304758075,0.000417715620047045
1.28179350557957,0.000411523135295262
1.28538396357839,0.000407614496309055
1.28897442157722,0.000401693772877695
1.29256487957604,0.000397779842710731
1.29615533757486,0.000393323195368892
1.29974579557368,0.000388620166129862
1.30333625357251,0.000383817996475478
1.30692671157133,0.000378935529055113
1.31051716957015,0.000374496693043523
1.31410762756897,0.000371340041840005
1.3176980855678,0.000367030180654726
1.32128854356662,0.000362132943786557
1.32487900156544,0.000357774573420568
1.32846945956426,0.000355152863692956
1.33205991756308,0.000350457340791829
1.33565037556191,0.000347782855509208
1.33924083356073,0.000344072726672843
1.34283129155955,0.000339903676618845
1.34642174955837,0.000336076220844172
1.3500122075572,0.000333568242016905
1.35360266555602,0.000330392320611116
1.35719312355484,0.000326735869379451
1.36078358155366,0.000323336987207082
1.36437403955249,0.000320510701225901
1.36796449755131,0.000317994865683619
1.37155495555013,0.000314262935924024
1.37514541354895,0.000310923768211558
1.37873587154777,0.000307637839272184
1.3823263295466,0.000304591240983851
1.38591678754542,0.000301910399424532
1.38950724554424,0.000299539368776033
1.39309770354306,0.000297143716665747
1.39668816154189,0.000293372204345812
1.40027861954071,0.000290462191843162
1.40386907753953,0.000288927582131471
1.40745953553835,0.000286588721047499
1.41104999353718,0.000284638279223012
1.414640451536,0.000282234353618009
1.41823090953482,0.00027927620995138
1.42182136753364,0.000275907417704364
1.42541182553247,0.000274836415383538
1.42900228353129,0.00027365416254144
1.43259274153011,0.000269636168902853
1.43618319952893,0.000268757405356122
1.43977365752775,0.000265753605517469
1.44336411552658,0.000264626368320968
1.4469545735254,0.000261669726974898
1.45054503152422,0.00025900041256815
1.45413548952304,0.000257602781952665
1.45772594752187,0.000256020851920881
1.46131640552069,0.000254362569833098
1.46490686351951,0.000251501608364902
1.46849732151833,0.000250453718374028
1.47208777951716,0.000248070928819102
1.47567823751598,0.000244977765813922
1.4792686955148,0.000244394947644159
1.48285915351362,0.000242219714687674
1.48644961151244,0.000239981911343268
1.49004006951127,0.000239443212227819
1.49363052751009,0.000237510447323203
1.49722098550891,0.000235153475246465
1.50081144350773,0.000233800191137586
1.50440190150656,0.00023244561998591
1.50799235950538,0.000230257357242882
1.5115828175042,0.000228451226971345
1.51517327550302,0.000227384422431308
1.51876373350185,0.000225667504152631
1.52235419150067,0.00022478226989485
1.52594464949949,0.000222824278693366
1.52953510749831,0.000222046642364554
1.53312556549713,0.000219889122351226
1.53671602349596,0.000218857130326609
1.54030648149478,0.000216823730640536
1.5438969394936,0.000215404079071231
1.54748739749242,0.000215148918524204
1.55107785549125,0.000213223555785368
1.55466831349007,0.000211648238042214
1.55825877148889,0.000210623949202522
1.56184922948771,0.000208563962507503
1.56543968748654,0.000207158383391112
1.56903014548536,0.000205480287443759
1.57262060348418,0.000206168160888505
1.576211061483,0.000203715066772285
1.57980151948183,0.000202390662704421
1.58339197748065,0.00020218846834863
1.58698243547947,0.000200001275922666
1.59057289347829,0.00019940658142505
1.59416335147711,0.000198198937014773
1.59775380947594,0.00019622440354262
1.60134426747476,0.000195611083375973
1.60493472547358,0.000194535405683255
1.6085251834724,0.000193939221760997
1.61211564147123,0.000193092870384789
1.61570609947005,0.000191316866626432
1.61929655746887,0.000189879982919221
1.62288701546769,0.000189026728510413
1.62647747346652,0.000188102540129159
1.63006793146534,0.000186526605444247
1.63365838946416,0.000185651519572111
1.63724884746298,0.000185189213070747
1.6408393054618,0.000183836038097509
1.64442976346063,0.000182379790353005
1.64802022145945,0.00018139950314826
1.65161067945827,0.000181085048406599
1.65520113745709,0.00017952953687604
1.65879159545592,0.000178989827624888
1.66238205345474,0.000177942701136069
1.66597251145356,0.000176962676159567
1.66956296945238,0.000175888653222062
1.67315342745121,0.000174834819175184
1.67674388545003,0.000174558501335331
1.68033434344885,0.000173237962269642
1.68392480144767,0.000172672454271899
1.6875152594465,0.000171469969497384
1.69110571744532,0.000170499176311672
1.69469617544414,0.000169633654112941
1.69828663344296,0.000168733407143464
1.70187709144178,0.000168515421890468
1.70546754944061,0.00016748932437027
1.70905800743943,0.000166161103398151
1.71264846543825,0.000166204101038803
1.71623892343707,0.000164678439516661
1.7198293814359,0.000164106759106445
1.72341983943472,0.000163587756601652
1.72701029743354,0.000162124921428662
1.73060075543236,0.000161692653395102
1.73419121343119,0.000160812661220543
1.73778167143001,0.000160289397392216
1.74137212942883,0.000159334390328537
1.74496258742765,0.000158249301892746
1.74855304542647,0.000157696284212055
1.7521435034253,0.000156988764732203
1.75573396142412,0.000156919471618942
1.75932441942294,0.00015582402293809
1.76291487742176,0.000155011355051957
1.76650533542059,0.00015405746265933
1.77009579341941,0.00015386042950696
1.77368625141823,0.000152726232247454
1.77727670941705,0.000152485230516716
1.78086716741588,0.000151946462375079
1.7844576254147,0.000150754243720036
1.78804808341352,0.000150072050228784
1.79163854141234,0.000150123487994853
1.79522899941117,0.000148769578605411
1.79881945740999,0.000148135121474652
1.80240991540881,0.000147228568566841
1.80600037340763,0.000146361697848753
1.80959083140645,0.000146118033116118
1.81318128940528,0.000145456451310796
1.8167717474041,0.000144691092202416
1.82036220540292,0.000144262001004798
1.82395266340174,0.000143537932238082
1.82754312140057,0.0001433725783862
1.83113357939939,0.000142415763064361
1.83472403739821,0.000141564090656516
1.83831449539703,0.000140778180092858
1.84190495339586,0.000140903265667223
1.84549541139468,0.000140285375875426
1.8490858693935,0.000139334934073312
1.85267632739232,0.000138629066326565
1.85626678539114,0.000138601333256017
1.85985724338997,0.000138226093665975
1.86344770138879,0.000136813413113968
1.86703815938761,0.00013670316726318
1.87062861738643,0.000136261102747273
1.87421907538526,0.000135642964104725
1.87780953338408,0.000135155062178765
1.8813999913829,0.000134498079864293
1.88499044938172,0.00013403348595552
1.88858090738055,0.000133855934749246
1.89217136537937,0.000132904111991223
1.89576182337819,0.000132323470085478
1.89935228137701,0.000132139110304542
1.90294273937583,0.000131147428983878
1.90653319737466,0.00013112327336618
1.91012365537348,0.000130499588674536
1.9137141133723,0.000129081152970799
1.91730457137112,0.000129003168889387
1.92089502936995,0.000128420384946802
1.92448548736877,0.000127927019050196
1.92807594536759,0.00012709752065778
1.93166640336641,0.0001274446543761
1.93525686136524,0.000127220111483255
1.93884731936406,0.000126307114999322
1.94243777736288,0.000126208851839923
1.9460282353617,0.000125755706477826
1.94961869336053,0.000124886562404433
1.95320915135935,0.000124549261632272
1.95679960935817,0.000124082126353357
1.96039006735699,0.00012316264029799
1.96398052535581,0.000123239138272368
1.96757098335464,0.000123195844742498
1.97116144135346,0.000122403068142802
1.97475189935228,0.000121572952748488
1.9783423573511,0.000121468882809801
1.98193281534993,0.000120845190622932
1.98552327334875,0.000120208409017687
1.98911373134757,0.000119865255344271
1.99270418934639,0.000119886684727127
1.99629464734522,0.000119411462544609
1.99988510534404,0.000119727040737168
2.00347556334286,0.000118030374501789
2.00706602134168,0.000118399229717253
2.01065647934051,0.000117243583164941
2.01424693733933,0.000116892365173559
2.01783739533815,0.000117181175430088
2.02142785333697,0.000116657427158404
2.02501831133579,0.00011644823756821
2.02860876933462,0.000115209569343085
2.03219922733344,0.000115052391047017
2.03578968533226,0.000115000301377105
2.03938014333108,0.000114433519984757
2.04297060132991,0.000114344780154426
2.04656105932873,0.000113697785680114
2.05015151732755,0.000113517189988941
2.05374197532637,0.000112804238875108
2.05733243332519,0.000112899112996807
2.06092289132402,0.000111873715135226
2.06451334932284,0.000112042249284278
2.06810380732166,0.000111604951463713
2.07169426532048,0.000111242117093253
2.07528472331931,0.00011132916928831
2.07887518131813,0.000110303709069931
2.08246563931695,0.000109695093155434
2.08605609731577,0.000109843798817615
2.0896465553146,0.000109180681712723
2.09323701331342,0.000108868675278413
2.09682747131224,0.000108274745475406
2.10041792931106,0.000108447078660203
2.10400838730989,0.00010792225240155
2.10759884530871,0.000107246518851967
2.11118930330753,0.000107048311024229
2.11477976130635,0.000107273519162322
2.11837021930517,0.000106600883503115
2.121960677304,0.000106337271551882
2.12555113530282,0.000105817782106781
2.12914159330164,0.000105381088597605
2.13273205130046,0.000105269147215556
2.13632250929929,0.00010502088987406
2.13991296729811,0.000105034762137472
2.14350342529693,0.000104040536557227
2.14709388329575,0.000103908814896274
2.15068434129458,0.000103629635973106
2.1542747992934,0.0001030615715971
2.15786525729222,0.000102656186076318
2.16145571529104,0.000103159832636471
2.16504617328986,0.000102061525033022
2.16863663128869,0.000101417993261364
2.17222708928751,0.000101371465901534
2.17581754728633,0.00010117873024262
2.17940800528515,0.000101489375038509
2.18299846328398,0.000100831502236915
2.1865889212828,0.000100483893328244
2.19017937928162,0.000100052283417322
2.19376983728044,9.95401162261071e-05
2.19736029527927,9.99493151220466e-05
2.20095075327809,9.92581669703585e-05
2.20454121127691,9.86869507781031e-05
2.20813166927573,9.83476340096169e-05
2.21172212727456,9.81760243206654e-05
2.21531258527338,9.80656600898047e-05
2.2189030432722,9.76833933848862e-05
2.22249350127102,9.74383844267284e-05
2.22608395926984,9.72704856507595e-05
2.22967441726867,9.68425875533858e-05
2.23326487526749,9.67874745984735e-05
2.23685533326631,9.6509747222813e-05
2.24044579126513,9.62816923062183e-05
2.24403624926396,9.61382231364373e-05
2.24762670726278,9.57908669389696e-05
2.2512171652616,9.54868086678247e-05
2.25480762326042,9.54376375760846e-05
2.25839808125925,9.47189974321828e-05
2.26198853925807,9.49474999555927e-05
2.26557899725689,9.37579419174655e-05
2.26916945525571,9.41338967808651e-05
2.27275991325454,9.34270137486215e-05
2.27635037125336,9.35857642055763e-05
2.27994082925218,9.30636804684848e-05
2.283531287251,9.29497509672652e-05
2.28712174524982,9.21463196725273e-05
2.29071220324865,9.28757406807399e-05
2.29430266124747,9.18712256516417e-05
2.29789311924629,9.22906105987283e-05
2.30148357724511,9.12164439905476e-05
2.30507403524394,9.17095314648896e-05
2.30866449324276,9.09607744873352e-05
2.31225495124158,9.12025448215693e-05
2.3158454092404,9.09123948269851e-05
2.31943586723923,9.0672968263071e-05
2.32302632523805,9.02679097148049e-05
2.32661678323687,8.91859621867137e-05
2.33020724123569,8.93928317942498e-05
2.33379769923451,8.88860140590201e-05
2.33738815723334,8.92294312972704e-05
2.34097861523216,8.92760520373165e-05
2.34456907323098,8.94114279217986e-05
2.3481595312298,8.86354164647747e-05
2.35174998922863,8.85089597582343e-05
2.35534044722745,8.79602264603517e-05
2.35893090522627,8.80041481798123e-05
2.36252136322509,8.80368337419808e-05
2.36611182122392,8.70808605449727e-05
2.36970227922274,8.70591800983611e-05
2.37329273722156,8.69192380507854e-05
2.37688319522038,8.68918084021526e-05
2.38047365321921,8.64571588558625e-05
2.38406411121803,8.61952195734709e-05
2.38765456921685,8.61680274409397e-05
2.39124502721567,8.5864351939414e-05
2.39483548521449,8.55169767630838e-05
2.39842594321332,8.53810692490096e-05
2.40201640121214,8.50193227345298e-05
2.40560685921096,8.46636368729453e-05
2.40919731720978,8.49161413785706e-05
2.41278777520861,8.47161053271314e-05
2.41637823320743,8.45785654868807e-05
2.41996869120625,8.39625341356784e-05
2.42355914920507,8.37735774129199e-05
2.4271496072039,8.39053651518783e-05
2.43074006520272,8.36593422603053e-05
2.43433052320154,8.30707884544686e-05
2.43792098120036,8.32377464471773e-05
2.44151143919918,8.31419525058325e-05
2.44510189719801,8.25932885017673e-05
2.44869235519683,8.28117211757046e-05
2.45228281319565,8.2590101632545e-05
2.45587327119447,8.23957902782126e-05
2.4594637291933,8.20273777954351e-05
2.46305418719212,8.17290755269802e-05
2.46664464519094,8.16389090433714e-05
2.47023510318976,8.1610678526064e-05
2.47382556118859,8.12365737789035e-05
2.47741601918741,8.10739121929334e-05
2.48100647718623,8.10025971793555e-05
2.48459693518505,8.05716259787386e-05
2.48818739318387,8.04675349238594e-05
2.4917778511827,8.02087819091664e-05
2.49536830918152,8.01504052712627e-05
2.49895876718034,8.02067341605828e-05
2.50254922517916,7.97699801454382e-05
2.50613968317799,7.97690945996718e-05
2.50973014117681,7.96031630164677e-05
2.51332059917563,7.90127098749976e-05
2.51691105717445,7.88471272906326e-05
2.52050151517328,7.90926425582618e-05
2.5240919731721,7.84813544320735e-05
2.52768243117092,7.84937634401846e-05
2.53127288916974,7.82127239541241e-05
2.53486334716857,7.79800190023651e-05
2.53845380516739,7.80211646326143e-05
2.54204426316621,7.760211124948e-05
2.54563472116503,7.74776535452842e-05
2.54922517916385,7.74340993894354e-05
2.55281563716268,7.71680523647032e-05
2.5564060951615,7.71365357248597e-05
2.55999655316032,7.67304286615984e-05
2.56358701115914,7.67419088461761e-05
2.56717746915797,7.65531587453581e-05
2.57076792715679,7.64126663292088e-05
2.57435838515561,7.63039588145126e-05
2.57794884315443,7.57859011777756e-05
2.58153930115326,7.57406842990182e-05
2.58512975915208,7.56871338691822e-05
2.5887202171509,7.53290640694397e-05
2.59231067514972,7.5510117082049e-05
2.59590113314854,7.50253355912437e-05
2.59949159114737,7.46356520258907e-05
2.60308204914619,7.48084795364963e-05
2.60667250714501,7.45095094684912e-05
2.61026296514383,7.46623575749163e-05
2.61385342314266,7.43858224584845e-05
2.61744388114148,7.42987578865095e-05
2.6210343391403,7.40158139456652e-05
2.62462479713912,7.43263574163857e-05
2.62821525513795,7.36404063740428e-05
2.63180571313677,7.3605521026801e-05
2.63539617113559,7.35063236360723e-05
2.63898662913441,7.31062177887484e-05
2.64257708713324,7.2959170884959e-05
2.64616754513206,7.29797131988489e-05
2.64975800313088,7.24112363089396e-05
2.6533484611297,7.26904765808561e-05
2.65693891912852,7.23261154910375e-05
2.66052937712735,7.24947825323295e-05
2.66411983512617,7.22820228180474e-05
2.66771029312499,7.19368569125388e-05
2.67130075112381,7.18073001276584e-05
2.67489120912264,7.16465058093128e-05
2.67848166712146,7.14934204379419e-05
2.68207212512028,7.1463045898527e-05
2.6856625831191,7.11305025171151e-05
2.68925304111792,7.12598984286847e-05
2.69284349911675,7.08744606094137e-05
2.69643395711557,7.07809483497689e-05
2.70002441511439,7.0526997002839e-05
2.70361487311321,7.0531530642613e-05
2.70720533111204,7.04919729116189e-05
2.71079578911086,7.01274734197382e-05
2.71438624710968,7.01364073661625e-05
2.7179767051085,6.98840910398433e-05
2.72156716310733,6.96006490138922e-05
2.72515762110615,6.96702065511519e-05
2.72874807910497,6.94002766397135e-05
2.73233853710379,6.93200141947322e-05
2.73592899510262,6.91819456316583e-05
2.73951945310144,6.89962551082466e-05
2.74310991110026,6.88541754322449e-05
2.74670036909908,6.87578951771009e-05
2.7502908270979,6.86676089705076e-05
2.75388128509673,6.85125777926612e-05
2.75747174309555,6.8290401839426e-05
2.76106220109437,6.83128322702674e-05
2.76465265909319,6.82970258311285e-05
2.76824311709202,6.80378332940932e-05
2.77183357509084,6.78399991752687e-05
2.77542403308966,6.76713547016293e-05
2.77901449108848,6.75988191561794e-05
2.78260494908731,6.74321510794676e-05
2.78619540708613,6.72837195475559e-05
2.78978586508495,6.70688300243904e-05
2.79337632308377,6.71697244332128e-05
2.7969667810826,6.67713070298332e-05
2.80055723908142,6.67964929249526e-05
2.80414769708024,6.68559769061992e-05
2.80773815507906,6.6491138777791e-05
2.81132861307788,6.64133086982153e-05
2.81491907107671,6.64493701725348e-05
2.81850952907553,6.58398180467163e-05
2.82209998707435,6.59255561476152e-05
2.82569044507317,6.58096063573037e-05
2.829280903072,6.55087760455248e-05
2.83287136107082,6.55291050962864e-05
2.83646181906964,6.5427685759975e-05
2.84005227706846,6.54328130853002e-05
2.84364273506729,6.52265026254201e-05
2.84723319306611,6.50445253658073e-05
2.85082365106493,6.47214407981451e-05
2.85441410906375,6.4792717259506e-05
2.85800456706257,6.47584443942904e-05
2.8615950250614,6.44469775577758e-05
2.86518548306022,6.44327977721004e-05
2.86877594105904,6.4553154655417e-05
2.87236639905786,6.40329955236432e-05
2.87595685705669,6.41469984958015e-05
2.87954731505551,6.39921391727997e-05
2.88313777305433,6.3658946545707e-05
2.88672823105315,6.38475856941596e-05
2.89031868905198,6.37736292190709e-05
2.8939091470508,6.33541638985469e-05
2.89749960504962,6.3296814677336e-05
2.90109006304844,6.30878710938952e-05
2.90468052104727,6.30329923081836e-05
2.90827097904609,6.28151450736786e-05
2.91186143704491,6.28365084954349e-05
2.91545189504373,6.27524245009655e-05
2.91904235304255,6.26874684024344e-05
2.92263281104138,6.26927829689239e-05
2.9262232690402,6.24340282318627e-05
2.92981372703902,6.23327885510991e-05
2.93340418503784,6.20346690983458e-05
2.93699464303667,6.21671650390583e-05
2.94058510103549,6.20018915997271e-05
2.94417555903431,6.18836721488486e-05
2.94776601703313,6.18258524514211e-05
2.95135647503196,6.1725771325323e-05
2.95494693303078,6.14459069382364e-05
2.9585373910296,6.13936980671656e-05
2.96212784902842,6.12747733644784e-05
2.96571830702724,6.12807875835387e-05
2.96930876502607,6.11775031619194e-05
2.97289922302489,6.12992138254437e-05
2.97648968102371,6.09600282071097e-05
2.98008013902253,6.06993795808952e-05
2.98367059702136,6.06906928384273e-05
2.98726105502018,6.03878129953681e-05
2.990851513019,6.03296953480421e-05
2.99444197101782,6.02000075936039e-05
2.99803242901665,6.00323522285822e-05
