xt,yt,i
-0.099875457649488,-0.000934159569024673,3
-0.0999130792775039,-0.000974075964766428,3
-0.0999627135041912,-0.00100631548317283,3
-0.100022444176287,-0.00102631849161479,3
-0.100088688339396,-0.00103097322924667,3
-0.100156909680545,-0.00101835852271744,3
-0.100222121667595,-0.000987564442252089,3
-0.100278956502787,-0.000939079549530333,3
-0.100322219895348,-0.000875218601321469,3
-0.100342501421139,-0.00078893878316328,3
-0.100325468205463,-0.000705283643319177,3
-0.100295465996315,-0.000634203640583619,3
-0.10024764476777,-0.00056592579801043,3
-0.100183877586885,-0.000513780053312457,3
-0.100110783317239,-0.000484147522658247,3
-0.10003350203025,-0.000476531179915002,3
-0.099956349814235,-0.000489772657146862,3
-0.0998855010529888,-0.000522833836925481,3
-0.0998256400675283,-0.000574669687400109,3
-0.0997833669076617,-0.000640100288094705,3
-0.0997611579608429,-0.000713689652790075,3
-0.0997599579298449,-0.000789723468203427,3
-0.0997793666346707,-0.00086226800828501,3
-0.0998173986866008,-0.000925700868328529,3
-0.0998706177033517,-0.000975393857417163,3
-0.0999419293779723,-0.00101959467882489,3
-0.100014106697117,-0.00104518689235472,3
-0.100077084375463,-0.00103864930294362,3
-0.100135527800396,-0.00101031715855682,3
-0.100184572870263,-0.000971022399430921,3
-0.100223705845857,-0.000926649365274708,3
-0.100251201873032,-0.000877940371787102,3
-0.10026512411641,-0.00082642445690213,3
-0.100266308528789,-0.000775137105537706,3
-0.100256627266942,-0.00072602284553392,3
-0.100238043619408,-0.000681597149285104,3
-0.100211888414375,-0.000643084003979416,3
-0.100179413233745,-0.000611375321889141,3
-0.100141977411497,-0.000586918995443924,3
-0.100100893307883,-0.000569972352645016,3
-0.100057435642362,-0.000560860668966955,3
-0.0999943899058108,-0.000567778844933857,3
-0.0999267313284193,-0.000598015297226081,3
-0.0998822152270236,-0.000625867560881919,3
-0.0998442953650682,-0.000657060398611697,3
-0.0998141389332425,-0.000699035115077892,3
-0.099796365611319,-0.000752759219450179,3
-0.0997928027133093,-0.000812995874719787,3
-0.0998033823951699,-0.000874851193875262,3
-0.0998293094856551,-0.000934662942280076,3
-0.0998720825059466,-0.000988769959169265,3
-0.0999304469438144,-0.00103153399628258,3
-0.100001034674892,-0.00105869270506904,3
-0.100079298717825,-0.0010669267245539,3
-0.100159750707618,-0.00105383766491008,3
-0.100236052101495,-0.00101862622251251,3
-0.100301713284555,-0.000962618729849055,3
-0.100351100077955,-0.000877329335313828,3
-0.100361593155011,-0.000785426701363522,3
-0.100350167829253,-0.000701747300124382,3
-0.100316543697258,-0.000616871566158788,3
-0.100261904372973,-0.000545600830799617,3
-0.100192611126461,-0.000495748962757621,3
-0.100113828480455,-0.000468216034659866,3
-0.100030311737659,-0.000463203865973866,3
-0.0999491590578818,-0.000480740647067646,3
-0.0998760403187011,-0.000519949637508038,3
-0.0998185528022908,-0.000576359989211184,3
-0.0997799830629504,-0.000644699321623254,3
-0.0997620977414991,-0.000719296360982977,3
-0.09976524669371,-0.000794036549320212,3
-0.0997880257628404,-0.000863043241534252,3
-0.0998275534143288,-0.000921481908078559,3
-0.0998852072515574,-0.000980342248675201,3
-0.0999482918425002,-0.00102400034559608,3
-0.100008050604629,-0.00103345687580784,3
-0.100067120490228,-0.00102153536120607,3
-0.100120752949036,-0.000998105007516001,3
-0.100168276421609,-0.00096798551236154,3
-0.100207421451049,-0.000930975536400397,3
-0.100235437514337,-0.00088795923988955,3
-0.100252259500371,-0.00084156248689761,3
-0.100259012887632,-0.000793406867385021,3
-0.100256355395244,-0.000746017747035616,3
-0.10024467211923,-0.000700938566498437,3
-0.100224491267342,-0.000659683864970478,3
-0.100196715175181,-0.000623387823459689,3
-0.100162321922604,-0.000592910323833802,3
-0.100122286544827,-0.000569167850056854,3
-0.100058901070928,-0.000557568152005077,3
-0.0999856601992652,-0.000569838096957147,3
-0.0999333328745244,-0.000584299721997125,3
-0.0998848091291897,-0.000603817656165684,3
-0.0998415294996552,-0.000636529409123732,3
-0.0998085038529811,-0.000684223054840977,3
-0.0997883218772353,-0.000742319128960049,3
-0.0997819140440928,-0.000806156766230474,3
-0.099791481263329,-0.000872047543522225,3
-0.0998194439646351,-0.000936645898400333,3
-0.0998658344644286,-0.000993571614686758,3
-0.0999282937344892,-0.00103765881831853,3
-0.100002887199087,-0.00106441178228228,3
-0.100084410724426,-0.001070259301166,3
-0.100166564569366,-0.00105325188070057,3
-0.100242587677172,-0.00101358722748708,3
-0.100310022151679,-0.000944279432477227,3
-0.100342981990673,-0.000862490888799111,3
-0.100351357033434,-0.000781822857350651,3
-0.100337999150691,-0.000695070806389,3
-0.100302757717467,-0.00061679965031828,3
-0.100250587259688,-0.000555076672637829,3
-0.100185403991625,-0.000511509314216958,3
-0.100110920606742,-0.000487328445654285,3
-0.100033439445753,-0.000483877820826355,3
-0.099958572137999,-0.000501208528999597,3
-0.0998936517670378,-0.000536856631701638,3
-0.0998425868610151,-0.000587048895996138,3
-0.0998080365796636,-0.000647334478701612,3
-0.0997914656206187,-0.000712546847190028,3
-0.0997928244395748,-0.000777399315756169,3
-0.0998106770583134,-0.00083719821508603,3
-0.0998433696305928,-0.000905089151365286,3
-0.0998852721806549,-0.000964819119870723,3
-0.0999321552416948,-0.000991363202654906,3
-0.0999827198019773,-0.000999208193917231,3
-0.1000329570261,-0.000997206671631362,3
-0.100082676055714,-0.000988840234095976,3
-0.100129554325793,-0.000972448128741678,3
-0.10017037354372,-0.000947598380993613,3
-0.100204361183159,-0.000915705822740896,3
-0.100231985901944,-0.000877416433280237,3
-0.100252155327654,-0.000834065357096278,3
-0.100263498103102,-0.000786865879237021,3
-0.100264851843783,-0.000737529360421631,3
-0.100255529288976,-0.000687805117821755,3
-0.100235078830027,-0.000639654485231907,3
-0.100203475583796,-0.00059554314427316,3
-0.100142541155724,-0.000557783975382829,3
-0.100063331556529,-0.000545267636595737,3
-0.100001248946349,-0.00054246932863232,3
-0.0999393822895214,-0.00054815061006579,3
-0.0998804204684055,-0.00057098792646177,3
-0.0998305079992513,-0.000612790422397751,3
-0.0997930777902426,-0.000668854913082502,3
-0.099769778834036,-0.000734429657175616,3
-0.0997635290771947,-0.000805614274986551,3
-0.099777177279411,-0.000879431932190373,3
-0.0998116926424375,-0.000948367477189425,3
-0.0998651706357646,-0.00100663086674931,3
-0.0999341381625158,-0.00104919429932188,3
-0.100013920275001,-0.00107180934615377,3
-0.100098547615547,-0.00107152237507848,3
-0.100181138626246,-0.00104738963936328,3
-0.100261169031687,-0.000994386595477084,3
-0.100311128231757,-0.000924315232945904,3
-0.100335204283776,-0.00084923860232771,3
-0.100338702494237,-0.000764043034154727,3
-0.100320264033699,-0.00068323267544608,3
-0.100283708204006,-0.000615259403088708,3
-0.100232165609839,-0.000562239249907462,3
-0.100168751897814,-0.000525826381216192,3
-0.100099198217925,-0.00050792744279856,3
-0.100028395821207,-0.000509228921678748,3
-0.0999638552885184,-0.000528495497880581,3
-0.0999096798720922,-0.000562492593837588,3
-0.0998684853354104,-0.000607249656470205,3
-0.0998416565718071,-0.000658382696019242,3
-0.099829369049989,-0.000711579297036555,3
-0.0998307370055921,-0.000763043378573053,3
-0.0998404463696759,-0.000826487309124505,3
-0.0998581933340164,-0.000889025936529536,3
-0.09988651575818,-0.000923646455423941,3
-0.0999207173232162,-0.000944206127251865,3
-0.0999580321681051,-0.00095878494244718,3
-0.0999993121140675,-0.000969863190970637,3
-0.100042992867476,-0.000974561781638128,3
-0.100086172554841,-0.00097107252882072,3
-0.100127924826078,-0.000959430484062395,3
-0.100168355600152,-0.000939362065464411,3
-0.1002058630537,-0.000910540354237384,3
-0.100238029362934,-0.000873293532631658,3
-0.100262487995354,-0.000828585390390487,3
-0.100277138457464,-0.00077760782013513,3
-0.100279980271667,-0.000722107309378328,3
-0.100269397304875,-0.000664735395534209,3
-0.100228525484939,-0.000603348686606615,3
-0.100160674713582,-0.000561617750820885,3
-0.10009987089873,-0.000533490883963133,3
-0.100032198826223,-0.000514314638669373,3
-0.0999609046751643,-0.000514746475098402,3
-0.0998932838648823,-0.000538199737116163,3
-0.0998341211703379,-0.000581154372071145,3
-0.0997865657928226,-0.000639741210692617,3
-0.09975525251823,-0.000710508693232182,3
-0.0997443093729003,-0.00079028592193324,3
-0.0997567709737532,-0.000871227253233006,3
-0.0997920790663371,-0.000946652259064762,3
-0.0998479302002741,-0.00101036897951558,3
-0.0999205086789479,-0.00105667643280547,3
-0.100004317514155,-0.0010810423776853,3
-0.100092594380982,-0.00108090264460491,3
-0.100187812898094,-0.00105390989046378,3
-0.100260757756088,-0.00100362100367971,3
-0.100306959256332,-0.000938605162357096,3
-0.100334464866234,-0.000857688468783424,3
-0.100340365892711,-0.000775001498047427,3
-0.100326869955429,-0.000698911670740508,3
-0.100295448528953,-0.000631981261281021,3
-0.100247720911292,-0.000576920057650098,3
-0.100188307102456,-0.000537080002988445,3
-0.100121202760386,-0.000514233536010177,3
-0.100053603118141,-0.000509543491243575,3
-0.0999900276242881,-0.000521605018128153,3
-0.0999341822040787,-0.000548112571687978,3
-0.0998889999620091,-0.000585820070276978,3
-0.0998562296246024,-0.000630937138783056,3
-0.0998363886195527,-0.000679771710750274,3
-0.0998207634135628,-0.000747316518555419,3
-0.0998161855363972,-0.000821060390573357,3
-0.0998299258457393,-0.00086862406538019,3
-0.0998532383929845,-0.000904591396843683,3
-0.0998835802101182,-0.000936276203977321,3
-0.0999219785006939,-0.000965570968519805,3
-0.0999671394229276,-0.000988805378122466,3
-0.100016278759158,-0.00100302205849897,3
-0.100068190137401,-0.00100707434219064,3
-0.100122577619276,-0.000999849177508907,3
-0.100176857662709,-0.000980115361124675,3
-0.100227621341926,-0.000947486698149966,3
-0.100271131752311,-0.000902459255441117,3
-0.100303797751937,-0.000846319730878739,3
-0.100322360855855,-0.000781410708135186,3
-0.100324259236132,-0.000711257870799918,3
-0.100293590011061,-0.00063128052590105,3
-0.100229813344081,-0.000569426969584931,3
-0.100168071670241,-0.000525468677570471,3
-0.10009610590499,-0.000491565722256938,3
-0.100045698921357,-0.000479311811352599,3
