t,thetadot
4950.17860445265,1.39999969615091
4950.38212748148,1.3999998105025
4950.58918890143,1.39999943832074
4950.79625032139,1.39999986399793
4951.00331174134,1.39999982550616
4951.2103731613,1.39999982319195
4951.41743458125,1.3999997917637
4951.62449600121,1.39999977485116
4951.83155742117,1.39999969959459
4952.08455509482,1.39999943729692
4952.33755276847,1.39999975521096
4952.53889464436,1.39999943936735
4952.74023652026,1.3999995319416
4952.94157839615,1.39999954770716
4953.14292027205,1.39999953098311
4953.34426214794,1.39999941098262
4953.54560402383,1.39999948516926
4953.74694589973,1.39999956873372
4953.95312971624,1.39999943826853
4954.15931353275,1.39999966142861
4954.36549734927,1.39999967433726
4954.57168116578,1.39999974019226
4954.77786498229,1.39999979553955
4954.9840487988,1.39999982525254
4955.19023261532,1.39999983763078
4955.44315978723,1.39999943675804
4955.69608695914,1.40000031006048
4955.89819056348,1.3999994365172
4956.10029416783,1.39999974870086
4956.30239777217,1.39999963612063
4956.50450137651,1.39999968509233
4956.70660498085,1.39999950556033
4956.90870858519,1.39999958398337
4957.11081218953,1.39999951375875
4957.31614423449,1.39999943630212
4957.52147627944,1.39999949324456
4957.7268083244,1.39999948931446
4957.93214036936,1.39999950460787
4958.13747241431,1.39999953589964
4958.34280445927,1.39999957815945
4958.54813650423,1.39999962444965
4958.80132426572,1.39999943815344
4959.05451202721,1.40000001882793
4959.25854304197,1.39999943786554
4959.46257405673,1.39999984331755
4959.66660507149,1.39999983260006
4959.87063608625,1.39999982295836
4960.07466710101,1.39999976268146
4960.27869811577,1.3999997768756
4960.48272913052,1.39999977096961
4960.68902548496,1.39999943944143
4960.8953218394,1.39999969071198
4961.10161819384,1.399999623003
4961.30791454828,1.39999959424718
4961.51421090272,1.39999952714231
4961.72050725716,1.39999953226734
4961.92680361159,1.39999948055302
4962.17981682487,1.39999943566663
4962.43283003815,1.39999947155892
4962.63455297854,1.39999943559104
4962.83627591893,1.39999962985051
4963.03799885932,1.3999997266207
4963.2397217997,1.39999967543995
4963.44144474009,1.39999960844371
4963.64316768048,1.39999968459243
4963.84489062087,1.39999980338721
4964.05095313566,1.39999943878633
4964.25701565044,1.39999985571839
4964.46307816523,1.39999981279463
4964.66914068002,1.39999981416322
4964.8752031948,1.39999978948603
4965.08126570959,1.39999977355982
4965.28732822437,1.39999969729757
4965.54033260417,1.39999943974417
4965.79333698396,1.39999975877817
4965.99556944537,1.39999944040198
4966.19780190678,1.39999953544431
4966.40003436819,1.39999954903771
4966.6022668296,1.3999995284459
4966.80449929101,1.3999994076204
4967.00673175241,1.39999948339296
4967.20896421382,1.39999956698709
4967.41491805931,1.39999943734538
4967.6208719048,1.39999965587389
4967.82682575029,1.39999968389235
4968.03277959578,1.39999973936683
4968.23873344127,1.39999978750757
4968.44468728676,1.39999981992629
4968.65064113225,1.3999998372656
4968.90376314594,1.39999943545683
4969.15688515963,1.40000031493165
4969.36001512582,1.39999943794788
4969.56314509201,1.39999975818568
4969.7662750582,1.39999964414023
4969.96940502439,1.3999996913625
4970.17253499057,1.39999951082476
4970.37566495676,1.39999958684824
4970.57879492295,1.3999995141137
4970.78502451533,1.39999943752225
4970.9912541077,1.39999949803739
4971.19748370007,1.39999948538362
4971.40371329245,1.3999995050854
4971.60994288482,1.39999954227712
4971.8161724772,1.39999958377818
4972.02240206957,1.39999962305303
4972.27540576899,1.39999943695749
4972.52840946842,1.40000001543815
4972.73045590209,1.39999943614402
4972.93250233576,1.39999982301986
4973.13454876943,1.39999982063469
4973.33659520311,1.39999980796103
4973.53864163678,1.39999974377462
4973.74068807045,1.3999997606717
4973.94273450413,1.39999976022416
4974.14832746419,1.39999943918358
4974.35392042426,1.39999968908621
4974.55951338432,1.39999962227867
4974.76510634438,1.3999995931777
4974.97069930445,1.39999952686887
4975.17629226451,1.39999953416953
4975.38188522458,1.39999948479055
4975.63493304573,1.39999943650214
4975.88798086688,1.39999947855472
4976.0908319539,1.39999943613738
4976.29368304091,1.39999964333856
4976.49653412793,1.3999997235699
4976.69938521495,1.39999967728
4976.90223630196,1.39999961213538
4977.10508738898,1.39999968807864
4977.307938476,1.39999980680338
4977.51433439661,1.39999943707789
4977.72073031721,1.39999985580521
4977.92712623782,1.39999981947959
4978.13352215843,1.39999981957824
4978.33991807903,1.39999978981211
4978.54631399964,1.39999977299195
4978.75270992025,1.39999969854431
4979.00588408384,1.39999943805524
4979.25905824743,1.39999976034562
4979.46166440682,1.39999944044075
4979.66427056621,1.39999953385482
4979.8668767256,1.39999954972225
4980.06948288499,1.39999953500161
4980.27208904438,1.39999941220742
4980.47469520377,1.39999948322699
4980.67730136316,1.39999956536695
4980.88441869396,1.39999943836084
4981.09153602477,1.39999966917599
4981.29865335557,1.39999968580693
4981.50577068637,1.39999974807884
4981.71288801717,1.39999979990929
4981.92000534797,1.39999983326785
4982.12712267878,1.39999984460205
4982.37999519442,1.39999943463873
4982.63286771006,1.40000030198118
4982.83364106591,1.39999943569768
4983.03441442176,1.39999973925208
4983.23518777761,1.39999962833928
4983.43596113346,1.3999996791816
4983.63673448931,1.39999950133711
4983.83750784515,1.39999958115561
4984.038281201,1.39999951308678
4984.24348485591,1.39999943713882
4984.44868851081,1.39999949452928
4984.65389216571,1.39999948885352
4984.85909582062,1.39999950938802
4985.06429947552,1.39999953645608
4985.26950313042,1.39999957441871
4985.47470678532,1.39999962115649
4985.72786257926,1.39999943803332
4985.98101837319,1.40000002239141
4986.18484718899,1.39999943786983
4986.38867600479,1.39999984351402
4986.59250482059,1.3999998343834
4986.79633363639,1.39999982163831
4987.00016245219,1.39999975889139
4987.20399126799,1.39999977338777
4987.40782008379,1.39999976863196
4987.61331966453,1.39999943763935
4987.81881924526,1.39999968762261
4988.02431882599,1.3999996205679
4988.22981840673,1.39999959223401
4988.43531798746,1.39999952504627
4988.6408175682,1.39999953346977
4988.84631714893,1.39999948389014
4989.09950891854,1.39999943616905
4989.35270068816,1.39999947301382
4989.55609965213,1.39999943645378
4989.75949861611,1.39999963074167
4989.96289758009,1.39999973203472
4990.16629654406,1.39999968418046
4990.36969550804,1.39999962374709
4990.57309447202,1.39999969305685
4990.77649343599,1.39999980645658
4990.98386431072,1.39999943917745
4991.19123518544,1.39999986815048
4991.39860606016,1.39999982882188
4991.60597693489,1.3999998279536
4991.81334780961,1.39999979693336
4992.02071868433,1.39999977864839
4992.22808955906,1.39999970068245
4992.48082534813,1.39999943787032
4992.7335611372,1.39999974820424
4992.9337268507,1.39999943930744
4993.1338925642,1.39999952976166
4993.3340582777,1.39999954621343
4993.5342239912,1.39999952853907
4993.73438970469,1.39999940956401
4993.93455541819,1.39999948350471
4994.13472113169,1.39999956552448
4994.33985259078,1.39999943793504
4994.54498404986,1.39999965327706
4994.75011550894,1.39999968007461
4994.95524696803,1.39999973469018
4995.16037842711,1.39999978468747
4995.3655098862,1.39999981424624
4995.57064134528,1.39999982682361
4995.82404106419,1.39999943747105
4996.07744078309,1.40000031369036
4996.28135241104,1.39999943822084
4996.48526403899,1.39999976631253
4996.68917566695,1.3999996514378
4996.8930872949,1.39999969448459
4997.09699892285,1.3999995138652
4997.3009105508,1.39999958906242
4997.50482217875,1.39999951579768
4997.7108553368,1.39999943678579
4997.91688849485,1.39999949209255
4998.1229216529,1.39999948877217
4998.32895481095,1.39999950441809
4998.534987969,1.39999953566457
4998.74102112705,1.39999957858762
4998.9470542851,1.39999962668636
4999.20008635726,1.3999994370693
4999.45311842942,1.40000002097647
4999.65612622907,1.39999943680025
4999.85913402873,1.39999983038878
5000,1.39999943972188
