we1,we2,we3,we4,we5,we6,it
-0.100333937926533,-0.00123074118783171,6302.03486310113,0.00114467963986267,-0.140114891762238,1.39999956831449,1
-0.0998946300579259,-0.00138179062895933,6308.31804840831,0.00111185229726016,-0.140040213308943,1.39999959218601,1
-0.0995949941727586,-0.001093410767525,6314.60123371557,0.00112074242705391,-0.13990647249579,1.39999960042296,1
-0.0994588804120577,-0.000618390547429109,6320.88441902266,0.00103925241729526,-0.139951695189737,1.39999956011787,1
-0.0997190519305721,-0.000344569989518998,6327.16760432984,0.000923707882701259,-0.13999933760654,1.39999956966567,1
-0.100237295051355,-0.000220644743961629,6333.45078963702,0.000976360921776151,-0.140027498697747,1.3999996983291,1
-0.10052836585009,-0.00041688401409036,6339.73397494428,0.0010231842342879,-0.140143998005698,1.39999956438988,1
-0.100611051739651,-0.000947727880752768,6346.01716025146,0.00103799364027722,-0.140160069525943,1.39999959052764,1
-0.100398513670453,-0.00126595705297206,6352.30034555856,0.00113719330832731,-0.140056192173713,1.39999968548771,1
-0.0998788128167045,-0.00129411500175407,6358.58353086574,0.00116639111095709,-0.140037296349075,1.39999956817223,1
-0.0995321268332939,-0.00112246950839987,6364.866716173,0.00106964004750934,-0.139967679001998,1.39999958642543,1
-0.0995338647172248,-0.000670113921497784,6371.1499014801,0.00103682698104288,-0.139891346033441,1.39999960473874,1
-0.0997237295581786,-0.000258096966559703,6377.43308678728,0.000974919445330607,-0.140003643966312,1.39999956457307,1
-0.100168239168485,-0.000264820228564018,6383.71627209454,0.000926470906869815,-0.140083726250669,1.39999957101212,1
-0.100617564242459,-0.000477319909233233,6389.99945740172,0.00101939796832393,-0.14008979555919,1.39999972499152,1
-0.100610977739584,-0.00086861323844388,6396.2826427089,0.00108970158348839,-0.140154751582304,1.39999956817051,1
-0.100338948393939,-0.00131802328727622,6402.565828016,0.0010952675506546,-0.140119680192884,1.39999959824538,1
-0.0999322097896162,-0.00134801974818868,6408.84901332326,0.00116032931562254,-0.13997764537166,1.3999996159829,1
-0.0995071523059578,-0.00103742211000521,6415.13219863036,0.00112378155396224,-0.139962873348331,1.39999956724646,1
-0.0994485355236861,-0.000671903638201844,6421.41538393762,0.000983368293913494,-0.139946009839367,1.39999956460358,1
-0.0998034066556943,-0.000279590569647803,6427.6985692448,0.000968155784996792,-0.139947948666523,1.3999996609616,1
-0.100200927509172,-0.000157753537960239,6433.9817545519,0.000972343632835538,-0.140089653219933,1.39999956303553,1
-0.100584361176127,-0.00052559713922632,6440.26493985916,0.000977236533478509,-0.140153369834707,1.39999958408321,1
-0.100689073855877,-0.00093905033756648,6446.54812516626,0.00109053536383997,-0.140103510521219,1.39999969466628,1
-0.100303937014195,-0.00125996647398107,6452.83131047352,0.00115112313665387,-0.140111746962179,1.39999956998998,1
-0.0998476385270029,-0.00138708304448987,6459.1144957807,0.00111396609460923,-0.140033859163977,1.39999959142391,1
-0.0995598101388305,-0.00107544547703675,6465.39768108787,0.00111543643763281,-0.139901850276037,1.3999996021281,1
-0.0994534433224754,-0.000589497251470384,6471.68086639505,0.00103112040835793,-0.139951466760405,1.39999955940552,1
-0.0997445797221452,-0.000322575333609787,6477.96405170224,0.000918379131280943,-0.140003612138543,1.39999957018241,1
-0.100280137949336,-0.00021740759486941,6484.24723700933,0.000976347979224334,-0.140032813281884,1.39999970023276,1
-0.10056301371789,-0.000434170885858193,6490.53042231651,0.00102728578182669,-0.140147813069552,1.39999956457717,1
-0.100618347476919,-0.000975399946117096,6496.81360762369,0.00104401422784418,-0.140161393411022,1.39999959037805,1
-0.100375554518651,-0.00128883197511319,6503.09679293095,0.00114253286617176,-0.140053894279631,1.39999968338949,1
-0.0998404206877173,-0.00129975833482573,6509.37997823813,0.00116906244424692,-0.140032633876942,1.39999956823066,1
-0.0994973946702168,-0.00110815738253077,6515.66316354523,0.00106604516014613,-0.139963465243745,1.39999958543332,1
-0.0995229123378593,-0.000644268581890522,6521.94634885249,0.00102973540729898,-0.139890593857733,1.39999960511614,1
-0.0997421962523387,-0.000233688274044654,6528.22953415967,0.000969179338608718,-0.140006627627735,1.39999956421275,1
-0.10020645676452,-0.000256019367358857,6534.51271946685,0.000925850207058965,-0.140088953469483,1.39999957128749,1
-0.100652101164171,-0.000488862873937949,6540.79590477395,0.00102236632866108,-0.140094229756096,1.39999972712184,1
-0.100622021043897,-0.000893331270373193,6547.07909008121,0.00109563276956623,-0.140156071705435,1.39999956876642,1
-0.100319782653718,-0.00133843910851201,6553.36227538839,0.00110095558214867,-0.140117744815843,1.39999959897524,1
-0.0998948985634156,-0.00135311965978247,6559.64546069557,0.00116336025673054,-0.139973348066108,1.39999960737997,1
-0.0994729290187301,-0.00102368400701954,6565.92864600275,0.00112057192016849,-0.139958982218083,1.39999956705259,1
-0.0994349804876211,-0.000645217735439592,6572.21183130993,0.000976738794960095,-0.139944699319376,1.39999956183354,1
-0.0998185918737602,-0.000253992648471714,6578.49501661703,0.000963020113011487,-0.139951429669611,1.39999966338722,1
-0.100235186168742,-0.000148573807971255,6584.77820192421,0.000971006349624041,-0.140094711874316,1.39999956306545,1
-0.100619596584769,-0.000537601666413457,6591.06138723147,0.000979368358205193,-0.140157977179708,1.39999958456632,1
-0.100704629410459,-0.000962913696209054,6597.34457253865,0.0010951570860578,-0.140105206364132,1.39999969298942,1
-0.100293382335512,-0.00128117095800841,6603.62775784583,0.00115615482611122,-0.140110215328661,1.39999957089642,1
-0.0998200711728414,-0.00139386159979248,6609.91094315293,0.00111673272413355,-0.140029977614456,1.3999995911395,1
-0.0995328485808568,-0.00106669148729112,6616.19412846019,0.00111355775910356,-0.139898606561926,1.39999960210957,1
-0.0994408861636717,-0.00057142721932275,6622.47731376728,0.00102647311840707,-0.139950795437619,1.39999955898932,1
-0.0997518092634648,-0.000306503629683351,6628.76049907454,0.000914500691480899,-0.14000597156617,1.399999570127,1
-0.100301910866907,-0.000212414483148046,6635.04368438173,0.000975003819017382,-0.140036219766779,1.39999970126766,1
-0.100586347333087,-0.000442798148298038,6641.3268696889,0.00102845590406237,-0.140150615617393,1.39999956467778,1
-0.100630220579681,-0.000992257855572655,6647.61005499608,0.00104697279921382,-0.14016284265197,1.39999959034362,1
-0.100369966435782,-0.0013047920522167,6653.89324030318,0.00114596497956684,-0.140053031159915,1.39999968194421,1
-0.0998217741062002,-0.0013062097023507,6660.17642561044,0.00117163296692043,-0.140029996838531,1.39999956828606,1
-0.099475277345912,-0.00110203591218782,6666.45961091762,0.00106525187735741,-0.139960742570062,1.39999958490616,1
-0.0995098613951352,-0.000629241782771585,6672.74279622472,0.00102638401153656,-0.139889639687538,1.39999960441854,1
-0.0997451269743541,-0.000216840708021918,6679.0259815319,0.000965461980212263,-0.14000785813801,1.3999995640753,1
-0.100223889606029,-0.00024652639180476,6685.30916683916,0.000924246513024367,-0.140091914936718,1.39999957118448,1
-0.100673853211779,-0.00049162646980727,6691.59235214626,0.00102277422807808,-0.140097311886932,1.39999972826604,1
-0.100635848509236,-0.000906586741232365,6697.87553745344,0.00109817412901374,-0.140157937968538,1.3999995689468,1
-0.100318081599047,-0.00135370089093817,6704.1587227607,0.00110424868141265,-0.140117747621641,1.39999959937854,1
-0.0998792729559041,-0.00136234391353788,6710.4419080678,0.00116605441426504,-0.139971438896572,1.39999960302923,1
-0.0994527503711394,-0.00102209395865977,6716.72509337506,0.0011203179842642,-0.139956589694228,1.39999956703776,1
-0.0994208164311057,-0.000633809314715742,6723.00827868216,0.00097406696720605,-0.139943259909625,1.39999956062107,1
-0.0998183451573934,-0.000238722382971924,6729.29146398942,0.000959724665972877,-0.139952068310906,1.39999966348063,1
-0.100248755624299,-0.000137448740571509,6735.57464929652,0.000969033395349303,-0.140096864097239,1.39999956309191,1
-0.100640089196272,-0.000536510552056354,6741.85783460378,0.000979161604627046,-0.140160885755064,1.39999958464292,1
-0.10072099274405,-0.000971513987703218,6748.14101991096,0.00109676804274141,-0.140107398790566,1.39999969205776,1
-0.100297775222435,-0.00129415851017009,6754.42420521806,0.00115889295466012,-0.140110861000488,1.39999957115558,1
-0.0998113889618122,-0.00140419548174071,6760.70739052532,0.00111940736072431,-0.140029017091953,1.39999959109975,1
-0.0995168107765681,-0.00106994611122343,6766.99057583241,0.00111441281613391,-0.139896813947363,1.39999960091915,1
-0.0994258574436975,-0.000566384150795022,6773.27376113968,0.00102518468906189,-0.139949291665703,1.39999955893988,1
-0.0997451797667733,-0.000296419751180599,6779.55694644677,0.000911958427646904,-0.140005672442138,1.39999957008962,1
-0.100306883248141,-0.000202453975284173,6785.84013175403,0.000972781965957183,-0.140037264629806,1.39999970131443,1
-0.100600139659637,-0.000437922261819396,6792.12331706121,0.00102745322130458,-0.140152457153544,1.39999956471342,1
-0.100645521717102,-0.000994815402532576,6798.40650236839,0.00104752485999912,-0.140164903659255,1.39999959040988,1
-0.100378619625123,-0.00131357673649611,6804.68968767557,0.00114777084707564,-0.140054352066913,1.39999968155942,1
-0.0998196356651174,-0.00131656060828595,6810.97287298267,0.00117407010241253,-0.140030063132819,1.39999956833769,1
-0.0994639531493697,-0.00110862306529778,6817.25605828985,0.00106686111144122,-0.139959585167731,1.39999958482085,1
-0.0994953161154462,-0.000628852936633506,6823.53924359711,0.00102624870458208,-0.13988805948067,1.39999960229653,1
-0.0997346992850539,-0.00020960426674246,6829.82242890429,0.000963593978240074,-0.140006781965531,1.39999956416475,1
-0.100222962090878,-0.000235740778928922,6836.10561421139,0.000921855897403315,-0.140092034609318,1.39999957071126,1
-0.100684055631955,-0.00048267177707804,6842.38879951857,0.00102103069488481,-0.140098763828854,1.39999972867238,1
-0.100651849702743,-0.000904403057236328,6848.67198482583,0.00109789746431581,-0.140160066984417,1.39999956905921,1
-0.100331276679776,-0.00136016810780843,6854.95517013301,0.00110550871475289,-0.140119855255562,1.39999959939165,1
-0.0998825111256692,-0.00137416760209413,6861.23835544011,0.00116840562827046,-0.139972453958899,1.39999960362522,1
-0.0994445794809196,-0.00103336792248961,6867.52154074737,0.0011229257279998,-0.139955914867246,1.39999956711783,1
-0.0994050157792517,-0.00063791602846232,6873.80472605455,0.000974857717480444,-0.139941187255734,1.39999956017816,1
-0.0998038227253097,-0.000233257285716516,6880.08791136173,0.000957826590373887,-0.139949930038394,1.3999996615128,1
-0.100244291363926,-0.000124174602378811,6886.37109666883,0.000966332427591574,-0.140096235933577,1.39999956310517,1
-0.100647937424525,-0.00052232056249086,6892.65428197601,0.000977134080903853,-0.140162035134218,1.39999958442755,1
-0.10073734714618,-0.000964383693186097,6898.93746728327,0.00109601686159398,-0.140109967581989,1.39999969179088,1
-0.100313825188933,-0.00129815804916508,6905.22065259037,0.00115972731502425,-0.140113585488609,1.39999957081408,1
-0.0998180385330923,-0.0014172382330153,6911.50383789755,0.00112190909751067,-0.140030945063205,1.39999959126413,1
-0.0995100121799593,-0.00108486764888136,6917.78702320481,0.0011174220696892,-0.139896629871524,1.39999959866923,1
-0.0994093332142897,-0.000574755750360565,6924.07020851199,0.00102666383226082,-0.13994710259714,1.39999955926114,1
-0.0997276949049823,-0.000293258962474835,6930.35339381908,0.000910509174037238,-0.140002794916787,1.39999957005147,1
-0.100298494367342,-0.000188561341700953,6936.63657912635,0.000969907409159497,-0.140035915851418,1.39999970055959,1
-0.100606178231235,-0.000420254263885228,6942.91976443352,0.00102478309141889,-0.140153218238694,1.39999956470335,1
-0.100663427685257,-0.000983095059148957,6949.20294974062,0.00104621144864993,-0.140167403007984,1.39999959057889,1
-0.100398622174506,-0.00131456000879564,6955.4861350478,0.00114828281365488,-0.140057680970177,1.3999996822657,1
-0.0998308613583055,-0.00132981311893623,6961.76932035506,0.00117634759102471,-0.140032746861221,1.39999956837908,1
-0.099461571049124,-0.00112702380796061,6968.05250566224,0.00107038730415363,-0.139960061620461,1.3999995850883,1
-0.0994798465838353,-0.000642709404711975,6974.33569096942,0.00102874263526747,-0.139886016297042,1.39999959888704,1
-0.0997135902154876,-0.00021232245247824,6980.6188762766,0.000963261852706829,-0.140003571075319,1.39999956444696,1
-0.100207070811645,-0.0002246575632796,6986.9020615837,0.000918863928215178,-0.140089429441845,1.39999956992935,1
-0.100684637941587,-0.000463170568859207,6993.18524689088,0.00101758644151236,-0.140098551385094,1.39999972846862,1
-0.10066937987615,-0.000887525932212974,6999.46843219806,0.00109536363211788,-0.14016230963068,1.39999956910558,1
