freqs,specs
0,7.26158952096738e-09
0.00359045799882233,8.01773392038425e-10
0.00718091599764466,8.18146577440341e-10
0.010771373996467,8.3830055503146e-10
0.0143618319952893,8.26564548084012e-10
0.0179522899941117,8.44112049009225e-10
0.021542747992934,8.08887888612388e-10
0.0251332059917563,8.3100237508008e-10
0.0287236639905786,9.51994103381941e-10
0.032314121989401,8.19790959226548e-10
0.0359045799882233,8.45938096785753e-10
0.0394950379870456,8.46877893681377e-10
0.043085495985868,7.63420166014434e-10
0.0466759539846903,7.91355844121072e-10
0.0502664119835126,8.52384482150012e-10
0.053856869982335,8.21249407185134e-10
0.0574473279811573,8.16446786410492e-10
0.0610377859799796,8.09460178179119e-10
0.0646282439788019,8.11012069262594e-10
0.0682187019776243,7.95998947029763e-10
0.0718091599764466,8.52306632011888e-10
0.0753996179752689,8.6810602958888e-10
0.0789900759740913,7.18289991965825e-10
0.0825805339729136,8.06786973847492e-10
0.0861709919717359,8.23784873192709e-10
0.0897614499705583,8.40354863291896e-10
0.0933519079693806,8.3844772782174e-10
0.0969423659682029,8.76471104419933e-10
0.100532823967025,8.16014454728099e-10
0.104123281965848,8.42353497106561e-10
0.10771373996467,7.77315724436433e-10
0.111304197963492,8.7471123273321e-10
0.114894655962315,8.83374249647042e-10
0.118485113961137,8.52175949712756e-10
0.122075571959959,1.09256961111688e-09
0.125666029958782,1.8591545767531e-09
0.129256487957604,1.56228825129807e-09
0.132846945956426,8.16148628500417e-10
0.136437403955249,7.89681328148806e-10
0.140027861954071,7.79374602955681e-10
0.143618319952893,7.89886836890628e-10
0.147208777951716,7.94804538721321e-10
0.150799235950538,7.99141797822294e-10
0.15438969394936,8.22664983226956e-10
0.157980151948183,7.2302091622466e-10
0.161570609947005,7.86757921059988e-10
0.165161067945827,7.38460787493549e-10
0.16875152594465,9.3438784247195e-10
0.172341983943472,7.89117405426407e-10
0.175932441942294,8.55802718369634e-10
0.179522899941117,8.17532869160361e-10
0.183113357939939,8.16782620083848e-10
0.186703815938761,8.64418628594168e-10
0.190294273937583,8.43903985224054e-10
0.193884731936406,8.22984547647361e-10
0.197475189935228,8.45800931114164e-10
0.20106564793405,8.38532133661538e-10
0.204656105932873,9.13126972958383e-10
0.208246563931695,9.25047145671121e-10
0.211837021930517,8.66063975740094e-10
0.21542747992934,8.54147528376245e-10
0.219017937928162,8.3984821717522e-10
0.222608395926984,8.59610203643346e-10
0.226198853925807,7.70788744747098e-10
0.229789311924629,8.29875331595698e-10
0.233379769923451,7.82832064636781e-10
0.236970227922274,9.33259961056851e-10
0.240560685921096,9.02510494808642e-10
0.244151143919918,9.02976064871954e-10
0.247741601918741,8.85472404325152e-10
0.251332059917563,9.11782892792342e-10
0.254922517916385,9.03492621119491e-10
0.258512975915208,9.16195124137024e-10
0.26210343391403,9.2704982082674e-10
0.265693891912852,8.88099627291889e-10
0.269284349911675,9.22504436706759e-10
0.272874807910497,9.39396096704234e-10
0.276465265909319,9.02428174368696e-10
0.280055723908142,9.36915398683747e-10
0.283646181906964,1.02163487687937e-09
0.287236639905786,9.81734256790177e-10
0.290827097904609,1.10608698169644e-09
0.294417555903431,7.82175391553501e-10
0.298008013902253,8.87995646983195e-10
0.301598471901076,9.31953836566624e-10
0.305188929899898,9.74103109424211e-10
0.30877938789872,9.89242519913562e-10
0.312369845897543,1.0250817619966e-09
0.315960303896365,1.03386369721077e-09
0.319550761895187,1.09947841742026e-09
0.32314121989401,1.171145337108e-09
0.326731677892832,1.35396639325091e-09
0.330322135891654,1.92897751397187e-09
0.333912593890477,4.51575668717813e-09
0.337503051889299,1.3988056259708e-10
0.341093509888121,5.1660737671858e-10
0.344683967886944,5.92353196162362e-10
0.348274425885766,6.76331240487627e-10
0.351864883884588,6.93771123526184e-10
0.355455341883411,7.68103247373395e-10
0.359045799882233,7.98384692111917e-10
0.362636257881055,8.1086067650647e-10
0.366226715879878,8.17948080107469e-10
0.3698171738787,8.49137135242562e-10
0.373407631877522,9.69842484849876e-10
0.376998089876345,8.06516864967725e-10
0.380588547875167,8.532792712216e-10
0.384179005873989,8.454551914773e-10
0.387769463872812,8.57654565822071e-10
0.391359921871634,7.91611526647306e-10
0.394950379870456,8.7120491600274e-10
0.398540837869279,8.90685177553575e-10
0.402131295868101,8.76542456310042e-10
0.405721753866923,9.097298291344e-10
0.409312211865746,9.03884033075817e-10
0.412902669864568,9.31169345863234e-10
0.41649312786339,9.16809929195368e-10
0.420083585862213,9.49776901990222e-10
0.423674043861035,9.6824700992337e-10
0.427264501859857,9.62885631348913e-10
0.43085495985868,1.02554665332169e-09
0.434445417857502,9.45910398943663e-10
0.438035875856324,9.77556131171141e-10
0.441626333855147,8.59135184664898e-10
0.445216791853969,9.44469824600869e-10
0.448807249852791,9.84223717443313e-10
0.452397707851614,9.83987233106428e-10
0.455988165850436,1.0017971268087e-09
0.459578623849258,1.11839131978353e-09
0.463169081848081,8.99255589070669e-10
0.466759539846903,9.54282717900217e-10
0.470349997845725,9.87929590740861e-10
0.473940455844548,9.80265919244956e-10
0.47753091384337,1.00033229007383e-09
0.481121371842192,9.5296703482725e-10
0.484711829841015,1.03558582833371e-09
0.488302287839837,1.08023094870643e-09
0.491892745838659,1.01449590257158e-09
0.495483203837482,1.01867792769048e-09
0.499073661836304,9.399276240335e-10
0.502664119835126,1.01951663405702e-09
0.506254577833949,1.02478900525332e-09
0.509845035832771,9.79205294719958e-10
0.513435493831593,1.03794861416375e-09
0.517025951830416,1.03617834262894e-09
0.520616409829238,1.06212233207673e-09
0.52420686782806,1.05794594136833e-09
0.527797325826883,1.05294555537185e-09
0.531387783825705,1.09866332403233e-09
0.534978241824527,1.06539858354618e-09
0.53856869982335,2.04827576018187e-09
0.542159157822172,1.18460915183095e-09
0.545749615820994,1.11359867988855e-09
0.549340073819817,1.16160905986801e-09
0.552930531818639,1.14768230043431e-09
0.556520989817461,1.1643359879415e-09
0.560111447816284,1.14063053248506e-09
0.563701905815106,1.15063311585214e-09
0.567292363813928,1.12728852016555e-09
0.57088282181275,1.17565653920439e-09
0.574473279811573,1.16234416281422e-09
0.578063737810395,1.14485087328861e-09
0.581654195809218,1.3076924013409e-09
0.58524465380804,1.24718900373596e-09
0.588835111806862,1.15985201153186e-09
0.592425569805685,1.23007914437758e-09
0.596016027804507,1.25851259374379e-09
0.599606485803329,1.24384069665198e-09
0.603196943802151,1.26317778740697e-09
0.606787401800974,1.26486525073476e-09
0.610377859799796,1.29242487239899e-09
0.613968317798618,1.28653913343756e-09
0.617558775797441,1.31465039068508e-09
0.621149233796263,1.33278307297402e-09
0.624739691795085,1.31896478027448e-09
0.628330149793908,1.40687387918756e-09
0.63192060779273,1.35248067866256e-09
0.635511065791552,1.38162661743685e-09
0.639101523790375,1.33881909082576e-09
0.642691981789197,1.37578321642829e-09
0.646282439788019,1.40571070233155e-09
0.649872897786842,1.41906037195428e-09
0.653463355785664,1.4404187976578e-09
0.657053813784486,1.4877870199426e-09
0.660644271783309,1.55034281749653e-09
0.664234729782131,1.8604369121432e-09
0.667825187780953,1.21829485582138e-09
0.671415645779776,1.29537293104652e-09
0.675006103778598,1.36306004538939e-09
0.67859656177742,1.38761399060543e-09
0.682187019776243,1.45517472430766e-09
0.685777477775065,1.49809038323097e-09
0.689367935773887,1.48026452846107e-09
0.69295839377271,1.515692345629e-09
0.696548851771532,1.46344940195505e-09
0.700139309770354,1.52786632928908e-09
0.703729767769177,1.51174388799522e-09
0.707320225767999,1.65174891963312e-09
0.710910683766821,1.58591152041504e-09
0.714501141765644,1.5894006936996e-09
0.718091599764466,1.64104999985854e-09
0.721682057763288,1.64311090735706e-09
0.725272515762111,1.64802071243152e-09
0.728862973760933,1.67528534388408e-09
0.732453431759755,1.68749615886678e-09
0.736043889758578,1.6972573593054e-09
0.7396343477574,1.65321955350592e-09
0.743224805756222,1.43528417873055e-09
0.746815263755045,2.16936570839503e-09
0.750405721753867,1.98318818432716e-09
0.753996179752689,1.7668780456178e-09
0.757586637751512,1.91724909470384e-09
0.761177095750334,1.94785647565216e-09
0.764767553749156,1.93984020117696e-09
0.768358011747979,1.97065138905233e-09
0.771948469746801,1.98759029247643e-09
0.775538927745623,2.03388479018361e-09
0.779129385744446,2.04379443436168e-09
0.782719843743268,2.06310125930864e-09
0.78631030174209,2.00163041852352e-09
0.789900759740913,1.98758238921081e-09
0.793491217739735,1.20315894968578e-09
0.797081675738557,2.52123070650486e-09
0.80067213373738,2.41040900379365e-09
0.804262591736202,2.41942702526085e-09
0.807853049735024,2.41876826026812e-09
0.811443507733847,2.44401733573981e-09
0.815033965732669,2.49473101910977e-09
0.818624423731491,2.54116872468178e-09
0.822214881730314,2.56484333646436e-09
0.825805339729136,2.62819404078693e-09
0.829395797727958,2.67100566409084e-09
0.832986255726781,2.782240456188e-09
0.836576713725603,2.71150280887608e-09
0.840167171724425,2.79365445945818e-09
0.843757629723248,3.04411861961792e-09
0.84734808772207,2.95395051535672e-09
0.850938545720892,2.99898325774939e-09
0.854529003719715,3.08895754389616e-09
0.858119461718537,3.16201159711396e-09
0.861709919717359,3.23509264791441e-09
0.865300377716182,3.3085503330926e-09
0.868890835715004,3.3915730035514e-09
0.872481293713826,3.74250769796115e-09
0.876071751712649,3.55345802100626e-09
0.879662209711471,3.67379607674703e-09
0.883252667710293,3.77754647540357e-09
0.886843125709115,3.90367983568236e-09
0.890433583707938,4.01375949336638e-09
0.89402404170676,4.20649809424806e-09
0.897614499705583,4.31242392408323e-09
0.901204957704405,4.4160707150138e-09
0.904795415703227,4.62089628351551e-09
0.90838587370205,4.78367112438603e-09
0.911976331700872,4.95127303295832e-09
0.915566789699694,5.1997111447758e-09
0.919157247698516,5.39075775093241e-09
0.922747705697339,5.65721974150319e-09
0.926338163696161,5.91497387245364e-09
0.929928621694984,6.21075314826354e-09
0.933519079693806,6.52319081703992e-09
0.937109537692628,6.89379060575347e-09
0.940699995691451,7.27300182941038e-09
0.944290453690273,7.77330137984141e-09
0.947880911689095,8.26836592284139e-09
0.951471369687917,8.98366735284212e-09
0.95506182768674,9.60367205103493e-09
0.958652285685562,1.03835661940275e-08
0.962242743684384,1.13651489648436e-08
0.965833201683207,1.25670593268282e-08
0.969423659682029,1.40136346530779e-08
0.973014117680852,1.58603065308716e-08
0.976604575679674,1.82668550268582e-08
0.980195033678496,2.15444149847772e-08
0.983785491677318,2.62778799847926e-08
0.987375949676141,3.36975434522074e-08
0.990966407674963,4.70179094822416e-08
0.994556865673785,7.79551898563536e-08
0.998147323672608,2.28702088766904e-07
1.00173778167143,2.4349130365602e-07
1.00532823967025,7.93080811118027e-08
1.00891869766907,4.73256061035181e-08
1.0125091556679,3.36773142347261e-08
1.01609961366672,2.61310631188453e-08
1.01969007166554,2.13282742663301e-08
1.02328052966436,1.80233095259078e-08
1.02687098766319,1.559385031042e-08
1.03046144566201,1.37208177245588e-08
1.03405190366083,1.22569096148057e-08
1.03764236165965,1.10224564453202e-08
1.04123281965848,1.06143049019038e-08
1.0448232776573,9.3411964827476e-09
1.04841373565612,8.62080401448884e-09
1.05200419365494,8.00416987728708e-09
1.05559465165377,7.46735653186164e-09
1.05918510965259,7.03075096817983e-09
1.06277556765141,6.60177892431135e-09
1.06636602565023,6.22428763066442e-09
1.06995648364905,5.89376767715751e-09
1.07354694164788,5.61429856689398e-09
1.0771373996467,5.30992722380795e-09
1.08072785764552,5.1072807857052e-09
1.08431831564434,4.90511762683701e-09
1.08790877364317,4.62288594144207e-09
1.09149923164199,4.49329618323784e-09
1.09508968964081,4.31169469099258e-09
1.09868014763963,4.17233172491776e-09
1.10227060563846,4.00566217932318e-09
1.10586106363728,3.88924422083981e-09
1.1094515216361,3.68514440041436e-09
1.11304197963492,3.58181086391119e-09
1.11663243763374,3.44613386363346e-09
1.12022289563257,3.39305183015216e-09
1.12381335363139,3.28250049824036e-09
1.12740381163021,3.01273770035916e-09
1.13099426962903,3.07275957944297e-09
1.13458472762786,2.9892596690633e-09
1.13817518562668,2.92292304787406e-09
1.1417656436255,2.8377626407986e-09
1.14535610162432,2.75498310066369e-09
1.14894655962315,2.68866710118474e-09
1.15253701762197,2.62990368797175e-09
1.15612747562079,2.57601940630549e-09
1.15971793361961,2.47631036039758e-09
1.16330839161844,2.37472597997832e-09
1.16689884961726,2.42268789800507e-09
1.17048930761608,2.34873537043336e-09
1.1740797656149,2.31308302351664e-09
1.17767022361372,2.24151985377704e-09
1.18126068161255,2.19126438033727e-09
1.18485113961137,2.12761271193593e-09
1.18844159761019,2.09284907362997e-09
1.19203205560901,2.03596684364426e-09
1.19562251360784,1.99119985532926e-09
1.19921297160666,1.94042515699406e-09
1.20280342960548,1.82748815273541e-09
1.2063938876043,2.58093365660285e-09
1.20998434560313,1.94502517252676e-09
1.21357480360195,1.80851129138367e-09
1.21716526160077,1.86251416016146e-09
1.22075571959959,1.81169568585361e-09
1.22434617759841,1.75560058557942e-09
1.22793663559724,1.74404807284522e-09
1.23152709359606,1.7021829726106e-09
1.23511755159488,1.67556400535082e-09
1.2387080095937,1.63054992894261e-09
1.24229846759253,1.59872257778043e-09
1.24588892559135,1.45617580233707e-09
1.24947938359017,1.61347407485265e-09
1.25306984158899,1.54162861053718e-09
1.25666029958782,1.54480660549622e-09
1.26025075758664,1.50429877828221e-09
1.26384121558546,1.50085982646677e-09
1.26743167358428,1.46215183490782e-09
1.2710221315831,1.43934435922663e-09
1.27461258958193,1.41649880806164e-09
1.27820304758075,1.39484576981173e-09
1.28179350557957,1.37817721465552e-09
1.28538396357839,1.35059133549288e-09
1.28897442157722,1.34477184985998e-09
1.29256487957604,1.39069556697778e-09
1.29615533757486,1.26515647921057e-09
1.29974579557368,1.29983277895363e-09
1.30333625357251,1.30836320980424e-09
1.30692671157133,1.23235530023219e-09
1.31051716957015,1.21462415348135e-09
1.31410762756897,1.22570499168284e-09
1.3176980855678,1.19296395395441e-09
1.32128854356662,1.17025414226206e-09
1.32487900156544,1.1420501674307e-09
1.32846945956426,1.1114864206796e-09
1.33205991756308,1.0352769154282e-09
1.33565037556191,1.19681585410689e-09
1.33924083356073,1.14156887137589e-09
1.34283129155955,1.11907729363142e-09
1.34642174955837,1.09028406402381e-09
1.3500122075572,1.08224094944665e-09
1.35360266555602,1.07829319675373e-09
1.35719312355484,1.05750370079652e-09
1.36078358155366,1.01830455904061e-09
1.36437403955249,1.06477438097732e-09
1.36796449755131,1.03865371528366e-09
1.37155495555013,1.00611061562123e-09
1.37514541354895,9.82738801907532e-10
1.37873587154777,1.00180720540922e-09
1.3823263295466,9.7919335637667e-10
1.38591678754542,9.65076627279724e-10
1.38950724554424,9.52240005661323e-10
1.39309770354306,9.44865888324471e-10
1.39668816154189,9.32207503520382e-10
1.40027861954071,9.12643297020551e-10
1.40386907753953,9.63281560735063e-10
1.40745953553835,9.14418392935689e-10
1.41104999353718,8.48279702375905e-10
1.414640451536,9.117470258545e-10
1.41823090953482,9.31649138046329e-10
1.42182136753364,8.37717312250079e-10
1.42541182553247,8.56988986144983e-10
1.42900228353129,8.54695295591759e-10
1.43259274153011,8.34456992721753e-10
1.43618319952893,8.35026526533104e-10
1.43977365752775,8.15339977860033e-10
1.44336411552658,8.50571670316908e-10
1.4469545735254,8.3873453092879e-10
1.45054503152422,8.79722631382235e-10
1.45413548952304,7.35608081511912e-10
1.45772594752187,8.09759259255002e-10
1.46131640552069,1.98313159229035e-09
1.46490686351951,7.44763416423745e-10
1.46849732151833,7.54573493270703e-10
1.47208777951716,7.31599843693377e-10
1.47567823751598,7.19081441056401e-10
1.4792686955148,7.15558962360394e-10
1.48285915351362,7.1062956479271e-10
1.48644961151244,7.09379870333887e-10
1.49004006951127,6.73116077622102e-10
1.49363052751009,7.06422798971194e-10
1.49722098550891,7.03197983837092e-10
1.50081144350773,7.97199123906084e-10
1.50440190150656,6.59661839194551e-10
1.50799235950538,6.59547740135761e-10
1.5115828175042,7.39918716190672e-10
1.51517327550302,6.83067315323274e-10
1.51876373350185,6.63112104169094e-10
1.52235419150067,6.46851339945803e-10
1.52594464949949,6.30197235974908e-10
1.52953510749831,6.53891542827364e-10
1.53312556549713,6.20048288032292e-10
1.53671602349596,6.09209721152105e-10
1.54030648149478,6.38913626857554e-10
1.5438969394936,5.99087783136574e-10
1.54748739749242,5.927021412968e-10
1.55107785549125,5.64351416499979e-10
1.55466831349007,5.55422205323224e-10
1.55825877148889,4.86874648551405e-10
1.56184922948771,5.89482690034896e-10
1.56543968748654,5.60356691960129e-10
1.56903014548536,6.27625193678238e-10
1.57262060348418,5.65082150054409e-10
1.576211061483,5.6745797869198e-10
1.57980151948183,4.67944492206378e-10
1.58339197748065,5.357703430685e-10
1.58698243547947,5.18600046937637e-10
1.59057289347829,4.9794946476834e-10
1.59416335147711,4.96450552294351e-10
1.59775380947594,4.65589008660063e-10
1.60134426747476,4.59503163164181e-10
1.60493472547358,4.53264683487782e-10
1.6085251834724,3.68595824404826e-10
1.61211564147123,4.28115175686941e-10
1.61570609947005,4.48297675882317e-10
1.61929655746887,4.31999103202574e-10
1.62288701546769,3.95852107005501e-10
1.62647747346652,4.98273911513433e-10
1.63006793146534,3.96693874952198e-10
1.63365838946416,3.90227460496077e-10
1.63724884746298,4.0909157209565e-10
1.6408393054618,4.15277357558129e-10
1.64442976346063,4.4633904887372e-10
1.64802022145945,5.53276791479815e-10
1.65161067945827,6.81100711908633e-10
1.65520113745709,9.58275139048793e-10
1.65879159545592,1.46480005166192e-09
1.66238205345474,3.02444240040319e-09
1.66597251145356,2.07736399238096e-08
1.66956296945238,5.48957538693671e-09
1.67315342745121,2.6800089259833e-09
1.67674388545003,1.89387214878994e-09
1.68033434344885,1.52555364006508e-09
1.68392480144767,1.28409761859171e-09
1.6875152594465,1.14878150654167e-09
1.69110571744532,1.04047148784615e-09
1.69469617544414,9.63159670706173e-10
1.69828663344296,8.84851181432689e-10
1.70187709144178,8.05118269296539e-10
1.70546754944061,6.76520402918847e-10
1.70905800743943,1.03512315276323e-09
1.71264846543825,8.57368335428707e-10
1.71623892343707,7.44690923517432e-10
1.7198293814359,7.4678542239847e-10
1.72341983943472,6.8452133959307e-10
1.72701029743354,7.56995833146764e-10
1.73060075543236,7.1498507465266e-10
1.73419121343119,6.81787802916955e-10
1.73778167143001,7.05767755361157e-10
1.74137212942883,6.82200456732427e-10
1.74496258742765,6.71779684661662e-10
1.74855304542647,6.56733303855474e-10
1.7521435034253,6.40665586922833e-10
1.75573396142412,6.32784376049706e-10
1.75932441942294,6.33209937826014e-10
1.76291487742176,6.28103855439626e-10
1.76650533542059,5.64789254561284e-10
1.77009579341941,5.6560574514251e-10
1.77368625141823,4.95655577560128e-10
1.77727670941705,5.78183929553308e-10
1.78086716741588,5.70549960284925e-10
1.7844576254147,5.62665216032633e-10
1.78804808341352,5.69114181544243e-10
1.79163854141234,6.02888941728415e-10
1.79522899941117,6.02767822244199e-10
1.79881945740999,5.44656194568736e-10
1.80240991540881,5.43498178318603e-10
1.80600037340763,5.27780696759355e-10
1.80959083140645,5.3451817678634e-10
1.81318128940528,5.24872271808592e-10
1.8167717474041,5.26359463621465e-10
1.82036220540292,5.22204869003285e-10
1.82395266340174,4.97966694399921e-10
1.82754312140057,4.48105443283048e-10
1.83113357939939,4.87815936550937e-10
1.83472403739821,4.1140487199994e-10
1.83831449539703,4.69538732114383e-10
1.84190495339586,4.09743285079367e-10
1.84549541139468,4.81964538201261e-10
1.8490858693935,4.5229822589199e-10
1.85267632739232,4.55871052135899e-10
1.85626678539114,4.38177325721622e-10
1.85985724338997,4.25788180095251e-10
1.86344770138879,4.28067736347389e-10
1.86703815938761,4.61861779977784e-10
1.87062861738643,1.22749097997301e-09
1.87421907538526,1.74246792593909e-09
1.87780953338408,8.21726443661692e-10
1.8813999913829,6.38566157814932e-10
1.88499044938172,5.94181118911732e-10
1.88858090738055,5.65787098756914e-10
1.89217136537937,4.83565787294147e-10
1.89576182337819,5.24187496219551e-10
1.89935228137701,4.92891717169116e-10
1.90294273937583,5.43525444362007e-10
1.90653319737466,4.93743636842261e-10
1.91012365537348,4.7207060165387e-10
1.9137141133723,6.49040026268179e-10
1.91730457137112,4.78068478004707e-10
1.92089502936995,3.82288792340426e-10
1.92448548736877,5.34616713864475e-10
1.92807594536759,5.0887309738456e-10
1.93166640336641,4.71084097906711e-10
1.93525686136524,4.68846438735496e-10
1.93884731936406,4.59185877786841e-10
1.94243777736288,4.81731022696004e-10
1.9460282353617,4.82930081967851e-10
1.94961869336053,4.87888366382945e-10
1.95320915135935,4.50128925252109e-10
1.95679960935817,4.33003149884321e-10
1.96039006735699,3.98693269002097e-10
1.96398052535581,5.42633544907966e-10
1.96757098335464,4.82462326863032e-10
1.97116144135346,6.23094991945514e-10
1.97475189935228,4.81197100300955e-10
1.9783423573511,4.65125941352744e-10
1.98193281534993,4.97580854411589e-10
1.98552327334875,4.83903265891555e-10
1.98911373134757,5.13617631946529e-10
1.99270418934639,5.51956237873849e-10
1.99629464734522,6.66417329486748e-10
1.99988510534404,8.49506936159407e-09
2.00347556334286,2.27377631003774e-10
2.00706602134168,3.15418538802036e-10
2.01065647934051,3.58791459493254e-10
2.01424693733933,3.70904897729293e-10
2.01783739533815,3.8716585182113e-10
2.02142785333697,3.60411392998615e-10
2.02501831133579,3.80449906606526e-10
2.02860876933462,4.11831652943405e-10
2.03219922733344,3.85777469771555e-10
2.03578968533226,4.03530263734683e-10
2.03938014333108,4.04769342964155e-10
2.04297060132991,3.40980748731299e-10
2.04656105932873,3.55847490403182e-10
2.05015151732755,3.85486677579118e-10
2.05374197532637,3.67291594141946e-10
2.05733243332519,3.52004338148494e-10
2.06092289132402,3.68609237515262e-10
2.06451334932284,3.62094575808331e-10
2.06810380732166,3.5166478561734e-10
2.07169426532048,3.86556927144407e-10
2.07528472331931,3.95690069856006e-10
2.07887518131813,3.12782592778872e-10
2.08246563931695,3.48958619062114e-10
2.08605609731577,3.44433477229123e-10
2.0896465553146,3.70729353272362e-10
2.09323701331342,3.67256421118562e-10
2.09682747131224,3.59035298316114e-10
2.10041792931106,3.56318959234492e-10
2.10400838730989,3.51976357107842e-10
2.10759884530871,3.24174850779601e-10
2.11118930330753,3.50211941049467e-10
2.11477976130635,3.43053495344e-10
2.11837021930517,3.07961099358322e-10
2.121960677304,3.72965932416709e-10
2.12555113530282,4.23662823389555e-10
2.12914159330164,5.33750434723535e-10
2.13273205130046,3.79610545197202e-10
2.13632250929929,3.46186820970026e-10
2.13991296729811,3.56165297242011e-10
2.14350342529693,3.54765761442845e-10
2.14709388329575,3.54399665031171e-10
2.15068434129458,3.54069068520928e-10
2.1542747992934,3.59961168385306e-10
2.15786525729222,3.10720925545801e-10
2.16145571529104,3.28984519195785e-10
2.16504617328986,3.07304368732716e-10
2.16863663128869,5.05618890328535e-10
2.17222708928751,3.19471538549106e-10
2.17581754728633,2.32452981914643e-10
2.17940800528515,3.8946117963856e-10
2.18299846328398,3.53304834627426e-10
2.1865889212828,3.87891913032627e-10
2.19017937928162,3.57096490131919e-10
2.19376983728044,3.5208028362369e-10
2.19736029527927,3.58581689348753e-10
2.20095075327809,3.50652019473094e-10
2.20454121127691,3.79570692615438e-10
2.20813166927573,3.65913560926701e-10
2.21172212727456,3.5581595311047e-10
2.21531258527338,3.48668438460466e-10
2.2189030432722,3.17134940169072e-10
2.22249350127102,3.49814272970057e-10
2.22608395926984,2.54482329400455e-10
2.22967441726867,3.21741857923377e-10
2.23326487526749,2.68627459533611e-10
2.23685533326631,4.08686551256994e-10
2.24044579126513,3.67097258841832e-10
2.24403624926396,3.76285228503898e-10
2.24762670726278,3.1096993949451e-10
2.2512171652616,3.6414822085254e-10
2.25480762326042,3.3821603420526e-10
2.25839808125925,3.47907393731021e-10
2.26198853925807,3.47061905839616e-10
2.26557899725689,3.40091277946566e-10
2.26916945525571,3.4557019064491e-10
2.27275991325454,3.42608572750891e-10
2.27635037125336,3.77878683630595e-10
2.27994082925218,3.75104941651663e-10
2.283531287251,4.39163856322534e-10
2.28712174524982,3.5924405622588e-10
2.29071220324865,3.86928597038993e-10
2.29430266124747,3.13660513702845e-10
2.29789311924629,3.48248143899027e-10
2.30148357724511,3.64779781369375e-10
2.30507403524394,3.97508326445959e-10
2.30866449324276,3.9355455331432e-10
2.31225495124158,4.11181440870258e-10
2.3158454092404,4.35213663637644e-10
2.31943586723923,4.70333769446482e-10
2.32302632523805,5.3232401918573e-10
2.32661678323687,6.33216682027215e-10
2.33020724123569,1.04597055196499e-09
2.33379769923451,4.83935370163086e-09
2.33738815723334,3.2391454957975e-10
2.34097861523216,8.4405448857361e-11
2.34456907323098,1.02198653508943e-10
2.3481595312298,1.38286822815845e-10
2.35174998922863,1.64905087643922e-10
2.35534044722745,2.06684491683992e-10
2.35893090522627,2.17165433443245e-10
2.36252136322509,2.22811142049355e-10
2.36611182122392,2.33330741061064e-10
2.36970227922274,2.5904180645519e-10
2.37329273722156,4.44854796711203e-10
2.37688319522038,2.18911261254242e-10
2.38047365321921,2.44297223479072e-10
2.38406411121803,1.90138149766611e-10
2.38765456921685,2.2762521215673e-10
2.39124502721567,2.10596402590938e-10
2.39483548521449,2.35123533902016e-10
2.39842594321332,2.45168718097867e-10
2.40201640121214,2.47235741319883e-10
2.40560685921096,2.61265346495916e-10
2.40919731720978,2.41251952067001e-10
2.41278777520861,2.34583180557034e-10
2.41637823320743,2.38616221699182e-10
2.41996869120625,2.72594230040093e-10
2.42355914920507,2.56255543861994e-10
2.4271496072039,2.58116236635223e-10
2.43074006520272,2.88153642872835e-10
2.43433052320154,2.63303316353907e-10
2.43792098120036,2.77423968762895e-10
2.44151143919918,1.84976525835745e-10
2.44510189719801,2.45163191437449e-10
2.44869235519683,2.69776278841698e-10
2.45228281319565,2.8826617558392e-10
2.45587327119447,2.93169205939513e-10
2.4594637291933,4.72433079540521e-10
2.46305418719212,1.67551121940553e-10
2.46664464519094,2.11826890643448e-10
2.47023510318976,2.31437114556014e-10
2.47382556118859,2.50500490423798e-10
2.47741601918741,2.59657694058403e-10
2.48100647718623,2.53966216007322e-10
2.48459693518505,3.49492047815553e-10
2.48818739318387,6.70580762094028e-10
2.4917778511827,3.13019097434947e-10
2.49536830918152,1.63559307748874e-10
2.49895876718034,1.60731500039182e-10
2.50254922517916,2.30544161399943e-10
2.50613968317799,1.89836808310633e-10
2.50973014117681,2.07544747589908e-10
2.51332059917563,2.04471000858718e-10
2.51691105717445,1.96100256205916e-10
2.52050151517328,2.11746845885039e-10
2.5240919731721,2.02628381044873e-10
2.52768243117092,1.95747497719144e-10
2.53127288916974,1.99118902891645e-10
2.53486334716857,1.66838766501246e-10
2.53845380516739,7.14070511153291e-11
2.54204426316621,2.7703103071848e-10
2.54563472116503,2.04207596255363e-10
2.54922517916385,2.75669706627587e-10
2.55281563716268,2.3918065486911e-10
2.5564060951615,2.32210911625792e-10
2.55999655316032,2.47287828552529e-10
2.56358701115914,2.3033916042013e-10
2.56717746915797,2.14639917698892e-10
2.57076792715679,2.11317028055087e-10
2.57435838515561,2.02125805638047e-10
2.57794884315443,1.78202138878213e-10
2.58153930115326,3.8954330298285e-10
2.58512975915208,2.7500074581259e-10
2.5887202171509,2.7970802079241e-10
2.59231067514972,2.47975590890294e-10
2.59590113314854,2.46487176244888e-10
2.59949159114737,2.53260583456117e-10
2.60308204914619,2.55798514591866e-10
2.60667250714501,2.49970622229887e-10
2.61026296514383,2.48038474545661e-10
2.61385342314266,2.39050202141062e-10
2.61744388114148,1.96325357868744e-10
2.6210343391403,2.47343712899777e-10
2.62462479713912,2.58290358935447e-10
2.62821525513795,2.99496445239874e-10
2.63180571313677,2.44567369161498e-10
2.63539617113559,2.67121523680777e-10
2.63898662913441,2.15780303662964e-10
2.64257708713324,2.27036257106301e-10
2.64616754513206,2.24749143981024e-10
2.64975800313088,2.60355473617162e-10
2.6533484611297,2.6760116830442e-10
2.65693891912852,3.00250564697656e-10
2.66052937712735,3.69008921359412e-10
2.66411983512617,6.4492351116962e-10
2.66771029312499,8.01477993354674e-10
2.67130075112381,5.75710886606343e-11
2.67489120912264,9.23501121943411e-11
2.67848166712146,9.96600493179028e-11
2.68207212512028,1.53880705603532e-10
2.6856625831191,1.87246994409928e-10
2.68925304111792,1.38608362404614e-10
2.69284349911675,1.63459015126682e-10
2.69643395711557,1.36514428173944e-10
2.70002441511439,1.57653833017175e-10
2.70361487311321,1.50713988779053e-10
2.70720533111204,2.26455634971861e-10
2.71079578911086,1.54288284864425e-10
2.71438624710968,1.72791504618014e-10
2.7179767051085,1.69989799934162e-10
2.72156716310733,1.60330082035999e-10
2.72515762110615,1.61227947626215e-10
2.72874807910497,1.54653503331037e-10
2.73233853710379,1.43891519483923e-10
2.73592899510262,1.09329539846158e-10
2.73951945310144,1.07389549987319e-10
2.74310991110026,2.28580539729551e-10
2.74670036909908,5.87124950966558e-10
2.7502908270979,3.05457012785824e-10
2.75388128509673,2.12452939704951e-10
2.75747174309555,2.25008760672836e-10
2.76106220109437,2.26996963249792e-10
2.76465265909319,1.85468958537596e-10
2.76824311709202,1.99978757853878e-10
2.77183357509084,1.82303532455918e-10
2.77542403308966,2.22027241319032e-10
2.77901449108848,1.73412483908659e-10
2.78260494908731,1.72680268086987e-10
2.78619540708613,1.5225548693516e-10
2.78978586508495,1.6268677442692e-10
2.79337632308377,1.14119874944182e-09
2.7969667810826,5.07240008764392e-10
2.80055723908142,3.25691022130583e-10
2.80414769708024,2.73166559189741e-10
2.80773815507906,2.52749216183029e-10
2.81132861307788,2.30397865463587e-10
2.81491907107671,2.36007100937023e-10
2.81850952907553,2.31052184303556e-10
2.82209998707435,1.93081280636478e-10
2.82569044507317,2.59552858705088e-10
2.829280903072,2.50562217310101e-10
2.83287136107082,3.09811194785018e-10
2.83646181906964,1.11793032122484e-10
2.84005227706846,1.82955498324927e-10
2.84364273506729,3.29789015355185e-10
2.84723319306611,2.02666593324814e-10
2.85082365106493,1.90388052194955e-10
2.85441410906375,1.986383100792e-10
2.85800456706257,2.02456520924625e-10
2.8615950250614,2.11637222948469e-10
2.86518548306022,1.99432490561998e-10
2.86877594105904,2.31606584115754e-10
2.87236639905786,6.00254098154351e-10
2.87595685705669,1.57362269428713e-10
2.87954731505551,1.85389382188295e-10
2.88313777305433,1.67770444673377e-10
2.88672823105315,1.96311840765929e-10
2.89031868905198,1.86279425096742e-10
2.8939091470508,2.3161934598217e-10
2.89749960504962,2.06156718159471e-10
2.90109006304844,3.55576511898354e-10
2.90468052104727,1.57411203770283e-10
2.90827097904609,1.81061086326974e-10
2.91186143704491,1.60252373755299e-10
2.91545189504373,2.03910501868975e-10
2.91904235304255,1.55083121043777e-10
2.92263281104138,1.98408235039501e-10
2.9262232690402,1.81002527516727e-10
2.92981372703902,1.78193760398242e-10
2.93340418503784,1.90540533722226e-10
2.93699464303667,1.87388481198425e-10
2.94058510103549,1.54071240576919e-10
2.94417555903431,2.30722811532558e-10
2.94776601703313,2.59773211231902e-10
2.95135647503196,1.34947616609819e-10
2.95494693303078,1.82316462481348e-10
2.9585373910296,2.76777336998007e-10
2.96212784902842,1.44874084622562e-10
2.96571830702724,1.90114115688176e-10
2.96930876502607,2.28207888272014e-10
2.97289922302489,2.71881079700744e-10
2.97648968102371,2.92959527948772e-10
2.98008013902253,3.29980912275857e-10
2.98367059702136,4.22088750602341e-10
2.98726105502018,5.53495942192958e-10
2.990851513019,8.32573545392872e-10
2.99444197101782,1.33684648896373e-09
2.99803242901665,3.97067627317759e-09
3.00162288701547,5.06268879175962e-09
3.00521334501429,1.66324911454077e-09
3.00880380301311,1.02016512850597e-09
3.01239426101194,7.81971342585134e-10
3.01598471901076,6.43563273384363e-10
3.01957517700958,5.66860038951241e-10
3.0231656350084,5.04020547100718e-10
3.02675609300722,4.57343610802932e-10
3.03034655100605,4.27192881830502e-10
3.03393700900487,4.13540710956982e-10
3.03752746700369,4.19180422226285e-10
3.04111792500251,1.33345194596438e-10
3.04470838300134,3.24018154255974e-10
3.04829884100016,3.94714542189954e-10
3.05188929899898,2.7794884398297e-10
3.0554797569978,2.93803444471838e-10
3.05907021499663,2.66399086197704e-10
3.06266067299545,2.83637619896266e-10
3.06625113099427,2.74927051574488e-10
3.06984158899309,2.90803409062828e-10
3.07343204699191,2.61280555634834e-10
3.07702250499074,2.95549941640406e-10
3.08061296298956,2.43013412003166e-10
3.08420342098838,2.51228988146837e-10
3.0877938789872,2.83431656481602e-10
3.09138433698603,2.44684039980663e-10
3.09497479498485,2.48034514648495e-10
3.09856525298367,1.43306428805884e-10
3.10215571098249,2.34548033632186e-10
3.10574616898132,1.84405978122871e-10
3.10933662698014,3.20106294471347e-10
3.11292708497896,2.6796949635447e-10
3.11651754297778,2.57233584484827e-10
3.1201080009766,2.05660824135987e-10
3.12369845897543,2.27586430325858e-10
3.12728891697425,3.34144698279634e-10
3.13087937497307,2.36934711019106e-10
3.13446983297189,2.42826485292435e-10
3.13806029097072,2.38686969363226e-10
3.14165074896954,2.39443539780121e-10
3.14524120696836,2.49671010312652e-10
3.14883166496718,2.04872083656226e-10
3.15242212296601,2.07485295476626e-10
3.15601258096483,2.06819989072137e-10
3.15960303896365,2.34240195112808e-10
3.16319349696247,2.33272573805212e-10
3.1667839549613,2.37225097974178e-10
3.17037441296012,2.58845643423994e-10
3.17396487095894,2.09639086575112e-10
3.17755532895776,2.70059160901347e-10
3.18114578695658,2.44590399576932e-10
3.18473624495541,2.40683619745987e-10
3.18832670295423,2.43378879200317e-10
3.19191716095305,2.47027080746955e-10
3.19550761895187,2.58757597351272e-10
3.1990980769507,2.47555041577105e-10
3.20268853494952,3.32331696607823e-10
3.20627899294834,8.99442819617174e-10
3.20986945094716,2.21803785103782e-10
3.21345990894599,2.15473323069857e-10
3.21705036694481,2.20830143472789e-10
3.22064082494363,2.17470786761818e-10
3.22423128294245,2.0756023616834e-10
3.22782174094128,2.19507641313182e-10
3.2314121989401,2.22013668825175e-10
3.23500265693892,2.40216782805711e-10
3.23859311493774,2.34587112222794e-10
3.24218357293656,2.410250457162e-10
3.24577403093539,3.74407869536927e-10
3.24936448893421,1.72277087717979e-10
3.25295494693303,2.38606413544315e-10
3.25654540493185,2.06882825006274e-10
3.26013586293068,2.11947557962394e-10
3.2637263209295,2.1436151246602e-10
3.26731677892832,2.14197109270461e-10
3.27090723692714,2.09790303106702e-10
3.27449769492596,2.22374510066297e-10
3.27808815292479,2.2131703653812e-10
3.28167861092361,2.26521785262089e-10
3.28526906892243,2.08085682849727e-10
3.28885952692125,2.09103596227801e-10
3.29244998492008,1.97933168226054e-10
3.2960404429189,2.18822895610326e-10
3.29963090091772,2.08897947883626e-10
3.30322135891654,2.31316415163244e-10
3.30681181691537,2.34058407738963e-10
3.31040227491419,2.31503641279192e-10
3.31399273291301,2.54576123695719e-10
3.31758319091183,2.48696468165746e-10
3.32117364891066,2.61011375449181e-10
3.32476410690948,2.809924439649e-10
3.3283545649083,3.64618609688238e-10
3.33194502290712,6.57466540311764e-10
3.33553548090594,2.74554379705178e-10
3.33912593890477,1.5575123863208e-10
3.34271639690359,1.34209161404796e-10
3.34630685490241,1.79782060716711e-10
3.34989731290123,1.52197922751705e-10
3.35348777090006,1.1861606031318e-10
3.35707822889888,9.10127642747308e-11
3.3606686868977,1.68945115539661e-10
3.36425914489652,5.19198180033918e-10
3.36784960289535,3.16934869465374e-10
3.37144006089417,2.76703082897542e-10
3.37503051889299,2.53412551131198e-10
3.37862097689181,2.69104331334188e-10
3.38221143489063,2.37752661276366e-10
3.38580189288946,2.26406213086136e-10
3.38939235088828,2.259898465208e-10
3.3929828088871,2.23033624441367e-10
3.39657326688592,2.38885070882407e-10
3.40016372488475,2.4929570065949e-10
3.40375418288357,1.9915286817558e-10
3.40734464088239,2.25169176383545e-10
3.41093509888121,2.58423587822686e-10
3.41452555688004,2.05946269532938e-10
3.41811601487886,1.88771990861444e-10
3.42170647287768,2.76908253251159e-10
3.4252969308765,2.378586972822e-10
3.42888738887533,2.1949654293192e-10
3.43247784687415,2.29737067464981e-10
3.43606830487297,2.3120876004561e-10
3.43965876287179,2.29965205086773e-10
3.44324922087061,2.25964782964466e-10
3.44683967886944,2.20290864357969e-10
3.45043013686826,1.83321764523242e-10
3.45402059486708,3.24235950273044e-10
3.4576110528659,2.57587845287354e-10
3.46120151086473,5.24956999359742e-10
3.46479196886355,2.59444661229574e-10
3.46838242686237,2.5758957343439e-10
3.47197288486119,2.46883232782617e-10
3.47556334286002,2.60286921820463e-10
3.47915380085884,2.67496636077376e-10
3.48274425885766,2.68287369996426e-10
3.48633471685648,2.63836879792216e-10
3.48992517485531,2.5491551734998e-10
3.49351563285413,2.79789930527297e-10
3.49710609085295,2.87866261590022e-10
3.50069654885177,5.10317492934417e-10
3.50428700685059,2.47901432554489e-10
3.50787746484942,2.46213224171552e-10
3.51146792284824,3.04180326483995e-10
3.51505838084706,2.71253448883851e-10
3.51864883884588,2.5262240702741e-10
3.52223929684471,2.7805003213484e-10
3.52582975484353,2.82426602467813e-10
3.52942021284235,2.66403371001959e-10
3.53301067084117,2.93996903291155e-10
3.53660112884,3.05809257447717e-10
3.54019158683882,2.41409920715172e-10
3.54378204483764,2.81493499653461e-10
3.54737250283646,2.90402944724568e-10
3.55096296083528,2.97965681865794e-10
3.55455341883411,3.03455835311963e-10
3.55814387683293,2.63922387904878e-10
3.56173433483175,3.34987946374344e-10
3.56532479283057,3.30560201088231e-10
3.5689152508294,3.42557765899249e-10
3.57250570882822,3.43587313913452e-10
3.57609616682704,3.50669757970425e-10
3.57968662482586,3.68264488232083e-10
3.58327708282469,3.7135078737989e-10
3.58686754082351,3.85601964493236e-10
3.59045799882233,3.7853798336855e-10
3.59404845682115,4.00172532850289e-10
3.59763891481997,4.01562282506615e-10
3.6012293728188,4.35837940436291e-10
3.60481983081762,4.52649040940999e-10
3.60841028881644,4.86798913430196e-10
3.61200074681526,5.29466881511639e-10
3.61559120481409,6.52337755656059e-10
3.61918166281291,3.75213637088753e-10
3.62277212081173,4.80256962912312e-10
3.62636257881055,5.28483058360001e-10
3.62995303680938,6.20416253197085e-10
3.6335434948082,6.47273261747054e-10
3.63713395280702,7.30356290939827e-10
3.64072441080584,8.06495731582376e-10
3.64431486880467,9.08174456338238e-10
3.64790532680349,1.05928341875046e-09
3.65149578480231,1.27945473425602e-09
3.65508624280113,1.63784841891536e-09
3.65867670079995,2.28923931247342e-09
3.66226715879878,4.0929912467272e-09
3.6658576167976,2.18398420161729e-08
3.66944807479642,6.18063338251296e-09
3.67303853279524,2.62824348263909e-09
3.67662899079407,1.64973482774262e-09
3.68021944879289,1.18209977675754e-09
3.68380990679171,9.00935038660587e-10
3.68740036479053,7.29028705403681e-10
3.69099082278936,6.06079478803724e-10
3.69458128078818,5.14902442384343e-10
3.698171738787,4.63422910255769e-10
3.70176219678582,4.19546405507187e-10
3.70535265478464,4.66130830720983e-10
3.70894311278347,2.00132716227879e-10
3.71253357078229,2.05399214966188e-10
3.71612402878111,2.58875534569921e-10
3.71971448677993,1.85554217579078e-10
3.72330494477876,1.805225310305e-10
3.72689540277758,1.65191581355705e-10
3.7304858607764,1.44192347437908e-10
3.73407631877522,1.39206586117174e-10
3.73766677677405,1.32593151595393e-10
3.74125723477287,1.24725901602651e-10
3.74484769277169,1.31367501882763e-10
3.74843815077051,9.83582331120141e-11
3.75202860876934,9.03407309118236e-11
3.75561906676816,8.45395729369378e-11
3.75920952476698,8.6051037875285e-11
3.7627999827658,7.16373943708529e-11
3.76639044076462,8.9788036704728e-11
3.76998089876345,7.88300615644147e-11
3.77357135676227,1.04701748599729e-10
3.77716181476109,6.21484981207667e-11
3.78075227275991,6.03611546671861e-11
3.78434273075874,5.34536784030141e-11
3.78793318875756,8.22238440132442e-11
3.79152364675638,1.43263329465249e-10
3.7951141047552,2.93722932326633e-10
3.79870456275403,8.13263825335425e-11
3.80229502075285,6.76779971797719e-11
3.80588547875167,5.69894826585656e-11
3.80947593675049,7.15901460544563e-11
3.81306639474931,6.73687171742256e-11
3.81665685274814,6.32216242099995e-11
3.82024731074696,7.44612873285294e-11
3.82383776874578,7.75859312883055e-11
3.8274282267446,4.47365473674128e-11
3.83101868474343,4.11626185846405e-11
3.83460914274225,2.95057140741236e-11
3.83819960074107,3.6718524961463e-11
3.84179005873989,7.00148216291584e-11
3.84538051673872,7.88113562522645e-11
3.84897097473754,6.31611049775809e-11
3.85256143273636,6.024041026427e-11
3.85615189073518,5.67599147912238e-11
3.85974234873401,6.52737814296034e-11
3.86333280673283,8.968567278391e-11
3.86692326473165,8.83865145183721e-11
3.87051372273047,2.11021997830175e-10
3.87410418072929,3.11489480458234e-10
3.87769463872812,1.30031825544503e-10
3.88128509672694,1.02591289515558e-10
3.88487555472576,8.83588606257931e-11
3.88846601272458,9.83154458726213e-11
3.89205647072341,6.7595009741511e-11
3.89564692872223,8.30868100647296e-11
3.89923738672105,7.8689896087589e-11
3.90282784471987,7.30572630224558e-11
3.9064183027187,7.08103683736213e-11
3.91000876071752,7.74612740964991e-11
3.91359921871634,2.29080159567464e-10
3.91718967671516,5.53785592997505e-11
3.92078013471399,1.9903290168424e-10
3.92437059271281,1.6150005080765e-10
3.92796105071163,1.1154708934179e-10
3.93155150871045,1.08675309635503e-10
3.93514196670927,1.01094534829891e-10
3.9387324247081,1.04601425768517e-10
3.94232288270692,9.64416599095041e-11
3.94591334070574,8.57299895392023e-11
3.94950379870456,7.79508038662103e-11
3.95309425670339,1.17728476970053e-10
3.95668471470221,1.11360693963952e-10
3.96027517270103,1.54127825969657e-10
3.96386563069985,4.29573713159927e-12
3.96745608869867,6.99523445327802e-11
3.9710465466975,1.14883236934347e-10
3.97463700469632,6.81343018773222e-11
3.97822746269514,7.2660164035765e-11
3.98181792069396,8.593778873783e-11
3.98540837869279,8.44044618118213e-11
3.98899883669161,9.78304651420357e-11
3.99258929469043,8.97626963437244e-11
3.99617975268925,9.5615791991382e-11
3.99977021068808,7.92427544160091e-10
4.0033606686869,1.07267751333225e-10
4.00695112668572,8.54675978956108e-11
4.01054158468454,8.05225116021964e-11
4.01413204268337,8.05304980756241e-11
4.01772250068219,6.87171149517172e-11
4.02131295868101,1.3990570630021e-10
4.02490341667983,1.01502067733632e-10
4.02849387467865,5.35357358336567e-11
4.03208433267748,1.05745299046731e-10
4.0356747906763,9.93732938436409e-11
4.03926524867512,8.13510779029875e-11
4.04285570667394,1.48393818381248e-10
4.04644616467277,1.02267431453305e-10
4.05003662267159,1.16161148365406e-10
4.05362708067041,1.08554931606991e-10
4.05721753866923,1.11002241538974e-10
4.06080799666806,1.03988148008502e-10
4.06439845466688,1.01079061014474e-10
4.0679889126657,8.34701352675499e-11
4.07157937066452,1.11570372195447e-10
4.07516982866334,9.84455648234404e-11
4.07876028666217,2.14740869998256e-10
4.08235074466099,1.13691882916613e-10
4.08594120265981,1.04165289911857e-10
4.08953166065863,1.09243353350428e-10
4.09312211865746,1.13723379245565e-10
4.09671257665628,1.07844045437473e-10
4.1003030346551,1.23315471870662e-10
4.10389349265392,1.17226517451306e-10
4.10748395065275,1.13975703347854e-10
4.11107440865157,1.17705422675359e-10
4.11466486665039,1.30410294976089e-10
4.11825532464921,1.90195562784104e-10
4.12184578264803,1.15608687746398e-10
4.12543624064686,1.63140627516151e-10
4.12902669864568,2.02380677145062e-10
4.1326171566445,1.14461845020396e-10
4.13620761464332,9.32395784579117e-11
4.13979807264215,1.17253257358033e-10
4.14338853064097,1.03691903883874e-10
4.14697898863979,1.01729887219678e-10
4.15056944663861,1.1386419074914e-10
4.15415990463744,9.64575133475823e-11
4.15775036263626,1.32701550467296e-10
4.16134082063508,1.23810997904229e-10
4.1649312786339,1.38185788945936e-10
4.16852173663272,2.79122996961278e-10
4.17211219463155,1.53492177575835e-10
4.17570265263037,2.45791830571188e-10
4.17929311062919,6.26233280347023e-11
4.18288356862801,9.59226830282034e-11
4.18647402662684,6.73686197164112e-11
4.19006448462566,1.07879935588173e-10
4.19365494262448,1.09229989447827e-10
4.1972454006233,1.2797788301546e-10
4.20083585862213,1.44357631772104e-10
4.20442631662095,3.06955621111843e-10
4.20801677461977,7.2958414037948e-11
4.21160723261859,5.82680203081457e-11
4.21519769061742,7.05934195461503e-11
4.21878814861624,8.42560035392949e-11
4.22237860661506,7.2801727063681e-11
4.22596906461388,1.7597393984382e-10
4.22955952261271,1.19623742662601e-10
4.23314998061153,2.67951625528524e-10
4.23674043861035,1.79143860843711e-10
4.24033089660917,9.4972106685609e-11
4.24392135460799,6.56864857276475e-11
4.24751181260682,1.31639560669782e-10
4.25110227060564,9.97054008340002e-11
4.25469272860446,1.06332611009079e-10
4.25828318660328,7.80591751242446e-11
4.26187364460211,8.11241927629101e-11
4.26546410260093,9.20382295613169e-11
4.26905456059975,7.76679694258637e-11
4.27264501859857,7.01108154937755e-11
4.2762354765974,7.16548545977643e-11
4.27982593459622,6.26938134490787e-11
4.28341639259504,7.24410207935294e-11
4.28700685059386,5.39901996839139e-11
4.29059730859268,2.6551214072302e-11
4.29418776659151,1.14800393085261e-10
4.29777822459033,7.17285558712575e-11
4.30136868258915,5.9229656855539e-11
4.30495914058797,6.42493786991389e-11
4.3085495985868,4.5674511719627e-11
4.31214005658562,2.36684539329035e-11
4.31573051458444,2.96096701934908e-11
4.31932097258326,6.07284813775525e-12
4.32291143058209,4.14893890438124e-11
4.32650188858091,8.5873554758722e-11
4.33009234657973,3.29824006539077e-10
4.33368280457855,4.22835166148328e-09
4.33727326257737,4.74039514473729e-10
4.3408637205762,2.91439035183124e-10
4.34445417857502,2.3724435664996e-10
4.34804463657384,2.07646976054531e-10
4.35163509457266,1.84552731299014e-10
4.35522555257149,1.71390470785742e-10
4.35881601057031,1.50550443387218e-10
4.36240646856913,9.9743928532937e-11
4.36599692656795,1.33584655012478e-10
4.36958738456678,1.14543108647318e-10
4.3731778425656,2.25067236590572e-10
4.37676830056442,1.95379436391599e-10
4.38035875856324,1.41995413027744e-10
4.38394921656207,2.3234937507537e-10
4.38753967456089,1.5847398805971e-10
4.39113013255971,1.12543224757758e-10
4.39472059055853,1.58305981850233e-10
4.39831104855736,1.36643206249481e-10
4.40190150655618,1.38630155396858e-10
4.405491964555,1.21735751505402e-10
4.40908242255382,1.34043563956588e-10
4.41267288055264,1.62395349930016e-10
4.41626333855147,1.41175679162854e-10
4.41985379655029,1.26706457040672e-10
4.42344425454911,1.35387261487506e-10
4.42703471254793,1.38131247216517e-10
4.43062517054676,1.43247824449592e-10
4.43421562854558,1.13685658713249e-10
4.4378060865444,1.07236018066994e-10
4.44139654454322,2.28088613999385e-10
4.44498700254205,1.41028321233016e-10
4.44857746054087,1.32333657440776e-10
4.45216791853969,1.11213779285055e-10
4.45575837653851,1.25782792807423e-10
4.45934883453733,8.74081943566824e-11
4.46293929253616,1.60955581992541e-10
4.46652975053498,1.2609444183073e-10
4.4701202085338,1.39769045336164e-10
4.47371066653262,1.14763983970973e-10
4.47730112453145,1.13916866045528e-10
4.48089158253027,1.03349488022506e-10
4.48448204052909,1.34776121156223e-10
4.48807249852791,3.97367125632666e-10
4.49166295652673,6.43278338198877e-10
4.49525341452556,2.75958414844151e-10
4.49884387252438,2.09294428770011e-10
4.5024343305232,1.40796217937835e-10
4.50602478852202,1.79993514161348e-10
4.50961524652085,1.73245283953305e-10
4.51320570451967,1.59224608923596e-10
4.51679616251849,1.45940741802315e-10
4.52038662051731,1.73976962327967e-10
4.52397707851614,1.62021902372668e-10
4.52756753651496,1.61434885093699e-10
4.53115799451378,1.78589147070695e-10
4.5347484525126,1.96041559822771e-10
4.53833891051143,3.87091325307731e-10
4.54192936851025,1.51782243819563e-10
4.54551982650907,1.38105688501862e-10
4.54911028450789,1.31508023094366e-10
4.55270074250671,1.43313415788877e-10
4.55629120050554,1.37799654525353e-10
4.55988165850436,1.69486558777477e-10
4.56347211650318,1.47277828319161e-10
4.567062574502,1.40991695942567e-10
4.57065303250083,1.67551083214391e-10
4.57424349049965,1.55970645817052e-10
4.57783394849847,1.68813865223255e-10
4.58142440649729,2.27134684428016e-10
4.58501486449612,1.51103485660804e-10
4.58860532249494,8.81850856964582e-11
4.59219578049376,1.49380193655676e-10
4.59578623849258,1.5620558473324e-10
4.59937669649141,1.48466590292867e-10
4.60296715449023,1.50873374854214e-10
4.60655761248905,1.51871244788898e-10
4.61014807048787,1.66824869144024e-10
4.61373852848669,1.85998379670484e-10
4.61732898648552,1.74007735007877e-10
4.62091944448434,1.74489559688001e-10
4.62450990248316,1.75729490896984e-10
4.62810036048198,1.16470211078583e-10
4.63169081848081,2.35011673997558e-10
4.63528127647963,2.08683441960678e-10
4.63887173447845,2.88062061352378e-10
4.64246219247727,2.72894657122824e-10
4.6460526504761,4.31314653393943e-10
4.64964310847492,2.8635356629863e-10
4.65323356647374,3.61398531315937e-10
4.65682402447256,4.66706909926719e-10
4.66041448247138,7.07276868940873e-10
4.66400494047021,1.66951089898738e-09
4.66759539846903,4.47666815300916e-09
4.67118585646785,9.03231983291351e-10
4.67477631446667,4.85687299134832e-10
4.6783667724655,3.51797818042185e-10
4.68195723046432,2.61225214746977e-10
4.68554768846314,1.8630624558368e-10
4.68913814646196,2.44351768581539e-10
4.69272860446079,2.37956932771607e-10
4.69631906245961,2.4871222650669e-10
4.69990952045843,1.75039591011039e-10
4.70349997845725,1.64907441047605e-10
4.70709043645607,1.53811854751244e-10
4.7106808944549,1.40341611506405e-10
4.71427135245372,1.69833277945615e-10
4.71786181045254,1.34514185658702e-10
4.72145226845136,1.47866535823837e-10
4.72504272645019,1.41348115105785e-10
4.72863318444901,1.49618252064272e-10
4.73222364244783,1.5959419717462e-10
4.73581410044665,1.66451467140871e-10
4.73940455844548,1.56851273522153e-10
4.7429950164443,2.32595098921474e-10
4.74658547444312,2.59945635909243e-11
4.75017593244194,1.05689815874204e-10
4.75376639044077,1.62958573698186e-10
4.75735684843959,1.30467308939579e-10
4.76094730643841,1.25094114229719e-10
4.76453776443723,1.27822775837553e-10
4.76812822243606,1.58990713850721e-10
4.77171868043488,1.64321523560512e-10
4.7753091384337,1.75894777223705e-10
4.77889959643252,1.8411183371035e-10
4.78249005443134,2.01343971896698e-10
4.78608051243017,2.99032367849947e-10
4.78967097042899,4.01272349011489e-10
4.79326142842781,1.70817133401819e-09
4.79685188642663,5.16225583350474e-10
4.80044234442546,2.15076515283335e-10
4.80403280242428,1.56459712995127e-10
4.8076232604231,1.14699143097243e-10
4.81121371842192,1.04071235063959e-10
4.81480417642075,1.24613969640466e-10
4.81839463441957,9.63632326272807e-11
4.82198509241839,8.36178775427122e-11
4.82557555041721,1.18151115898315e-10
4.82916600841603,9.61392140413689e-11
4.83275646641486,4.55637290345686e-11
4.83634692441368,2.84054480305024e-10
4.8399373824125,1.64818640093035e-10
4.84352784041132,1.2693772108527e-10
4.84711829841015,1.53823591953791e-10
4.85070875640897,1.43230357933152e-10
4.85429921440779,1.76809245869596e-10
4.85788967240661,1.36637456377243e-10
4.86148013040544,1.24898609593274e-10
4.86507058840426,1.41781909132922e-10
4.86866104640308,1.3037971889999e-10
4.8722515044019,3.78972313627386e-10
4.87584196240072,1.25213536184864e-10
4.87943242039955,1.21440667816148e-10
4.88302287839837,1.75544635845272e-10
4.88661333639719,1.23647097350258e-10
4.89020379439601,1.39317934956851e-10
4.89379425239484,1.96622342785656e-10
4.89738471039366,1.36211544564611e-10
4.90097516839248,1.53237196965709e-10
4.9045656263913,1.93335490885591e-10
4.90815608439013,1.72854388771744e-10
4.91174654238895,1.6630132546395e-10
4.91533700038777,1.18568843388864e-10
4.91892745838659,1.81052025422419e-10
4.92251791638541,1.67825906227546e-10
4.92610837438424,1.56982947974938e-10
4.92969883238306,1.33668871007668e-10
4.93328929038188,1.67487253576388e-10
4.9368797483807,1.48547259174378e-10
4.94047020637953,1.13800005245158e-10
4.94406066437835,2.08673759723864e-10
4.94765112237717,1.79542276700026e-10
4.95124158037599,5.27387918009897e-10
4.95483203837482,2.50422450530938e-10
4.95842249637364,2.38190112229878e-10
4.96201295437246,2.84321176524647e-10
4.96560341237128,2.6871684673253e-10
4.96919387037011,2.95983836820617e-10
4.97278432836893,3.10669705502226e-10
4.97637478636775,3.47945013158466e-10
4.97996524436657,4.24860190376128e-10
4.98355570236539,4.79476593470638e-10
4.98714616036422,5.90353279905603e-10
4.99073661836304,8.27359519599789e-10
4.99432707636186,1.27752259020594e-09
4.99791753436068,3.38458878663571e-09
