freqs,specs
0,4.34810304187981e-08
0.00359045799882233,7.88011502718113e-10
0.00718091599764466,7.72839292037086e-10
0.010771373996467,7.37877837818694e-10
0.0143618319952893,7.54553918968183e-10
0.0179522899941117,7.32831935233577e-10
0.021542747992934,7.36417692735023e-10
0.0251332059917563,7.52292940194377e-10
0.0287236639905786,7.79939548057722e-10
0.032314121989401,7.32966118170245e-10
0.0359045799882233,7.37575150265551e-10
0.0394950379870456,8.27822378973852e-10
0.043085495985868,7.65297152877441e-10
0.0466759539846903,7.90893716835782e-10
0.0502664119835126,7.27074527332992e-10
0.053856869982335,7.38327631430672e-10
0.0574473279811573,7.54106504184682e-10
0.0610377859799796,7.64481443977359e-10
0.0646282439788019,7.65127988174411e-10
0.0682187019776243,7.58463572353829e-10
0.0718091599764466,7.3387188237114e-10
0.0753996179752689,6.73840542142127e-10
0.0789900759740913,6.17016850209859e-10
0.0825805339729136,7.85934421775487e-10
0.0861709919717359,8.24118014774892e-10
0.0897614499705583,7.50974635997556e-10
0.0933519079693806,7.67975542646185e-10
0.0969423659682029,7.68789087571196e-10
0.100532823967025,7.6648804380879e-10
0.104123281965848,7.66809077673163e-10
0.10771373996467,7.60909949981546e-10
0.111304197963492,7.48956219983624e-10
0.114894655962315,7.51344540396079e-10
0.118485113961137,7.98533432756873e-10
0.122075571959959,1.07418442472121e-09
0.125666029958782,1.90553118409655e-09
0.129256487957604,1.43789640155792e-09
0.132846945956426,1.11499183603752e-09
0.136437403955249,9.05728187713161e-10
0.140027861954071,8.33801874251306e-10
0.143618319952893,8.02442992540242e-10
0.147208777951716,8.05411970576657e-10
0.150799235950538,7.79250809489797e-10
0.15438969394936,7.85020087400092e-10
0.157980151948183,8.31057006937442e-10
0.161570609947005,8.2477534003951e-10
0.165161067945827,8.3825219416186e-10
0.16875152594465,4.46121135700651e-10
0.172341983943472,9.6618609907047e-10
0.175932441942294,7.35010890027482e-10
0.179522899941117,7.20639195737556e-10
0.183113357939939,8.29691623640536e-10
0.186703815938761,8.3335105821187e-10
0.190294273937583,8.23427572274993e-10
0.193884731936406,8.15789299810109e-10
0.197475189935228,8.29803173150264e-10
0.20106564793405,8.9489299613452e-10
0.204656105932873,8.74739998371006e-10
0.208246563931695,1.00438494900697e-09
0.211837021930517,6.30470998852058e-10
0.21542747992934,6.87617852801302e-10
0.219017937928162,6.83368494777941e-10
0.222608395926984,7.41937567960783e-10
0.226198853925807,7.37376374316402e-10
0.229789311924629,7.17320749274391e-10
0.233379769923451,7.33925065134839e-10
0.236970227922274,7.8311967698621e-10
0.240560685921096,7.24660103704759e-10
0.244151143919918,7.13448994235449e-10
0.247741601918741,8.01913733721419e-10
0.251332059917563,7.56051045494247e-10
0.254922517916385,6.85731136292019e-10
0.258512975915208,7.7918258962914e-10
0.26210343391403,7.38735223013565e-10
0.265693891912852,7.50636097051181e-10
0.269284349911675,7.2844433662885e-10
0.272874807910497,7.36374704654925e-10
0.276465265909319,7.43031463635911e-10
0.280055723908142,7.18204892353593e-10
0.283646181906964,6.21738880446095e-10
0.287236639905786,6.60288095551738e-10
0.290827097904609,5.04106831086396e-10
0.294417555903431,1.08034344060771e-09
0.298008013902253,8.24154064857942e-10
0.301598471901076,8.10851884987299e-10
0.305188929899898,7.85236783767665e-10
0.30877938789872,7.67904591561329e-10
0.312369845897543,7.64553026679508e-10
0.315960303896365,7.76753194301343e-10
0.319550761895187,7.05608898667111e-10
0.32314121989401,6.96125834032647e-10
0.326731677892832,6.38655706737114e-10
0.330322135891654,8.59530016812793e-10
0.333912593890477,6.8117698470934e-09
0.337503051889299,1.7411346413222e-09
0.341093509888121,1.31490757373573e-09
0.344683967886944,1.1313787050842e-09
0.348274425885766,1.06037420209487e-09
0.351864883884588,1.02952392896488e-09
0.355455341883411,9.95424191245771e-10
0.359045799882233,1.00267841121682e-09
0.362636257881055,9.58567820053278e-10
0.366226715879878,9.75790118790931e-10
0.3698171738787,1.011584645741e-09
0.373407631877522,9.07484700942904e-10
0.376998089876345,9.94701393123448e-10
0.380588547875167,9.6133414522879e-10
0.384179005873989,9.36308019990565e-10
0.387769463872812,9.97860395520348e-10
0.391359921871634,1.01328400094204e-09
0.394950379870456,9.85855551488981e-10
0.398540837869279,9.81580887590953e-10
0.402131295868101,9.65445605720884e-10
0.405721753866923,9.68861128629111e-10
0.409312211865746,9.42566336600921e-10
0.412902669864568,9.99357560364651e-10
0.41649312786339,9.94392492864773e-10
0.420083585862213,1.01891983887695e-09
0.423674043861035,1.02228782178547e-09
0.427264501859857,1.06230071490235e-09
0.43085495985868,1.00526712549529e-09
0.434445417857502,1.02873741293297e-09
0.438035875856324,1.04708681478209e-09
0.441626333855147,1.06697513252485e-09
0.445216791853969,1.07865254169428e-09
0.448807249852791,1.10737512244164e-09
0.452397707851614,1.14315510518159e-09
0.455988165850436,1.58640005567577e-09
0.459578623849258,1.59353468226596e-09
0.463169081848081,1.30530068990153e-09
0.466759539846903,1.05425767163854e-09
0.470349997845725,1.06024479627831e-09
0.473940455844548,1.03533728873003e-09
0.47753091384337,1.05776221678884e-09
0.481121371842192,1.06192682437059e-09
0.484711829841015,1.01016787756721e-09
0.488302287839837,9.69029446981818e-10
0.491892745838659,1.16700354828882e-09
0.495483203837482,1.09050825954712e-09
0.499073661836304,1.5520243391271e-09
0.502664119835126,1.01083447058764e-09
0.506254577833949,1.08528966981626e-09
0.509845035832771,1.04476410273525e-09
0.513435493831593,1.14269657956751e-09
0.517025951830416,1.1524734461438e-09
0.520616409829238,1.16816721018005e-09
0.52420686782806,1.18732193057455e-09
0.527797325826883,1.25134918482247e-09
0.531387783825705,1.3460917286737e-09
0.534978241824527,1.50055534017742e-09
0.53856869982335,1.6736211742557e-09
0.542159157822172,2.48861975235031e-09
0.545749615820994,1.07204688200016e-09
0.549340073819817,1.04226202715074e-09
0.552930531818639,1.06804795823639e-09
0.556520989817461,1.09859377058564e-09
0.560111447816284,1.08381676240695e-09
0.563701905815106,1.12433147394128e-09
0.567292363813928,1.14914056861254e-09
0.57088282181275,1.1784476157741e-09
0.574473279811573,1.13449070035414e-09
0.578063737810395,1.11684301409079e-09
0.581654195809218,1.28714997915597e-09
0.58524465380804,1.11524755517133e-09
0.588835111806862,1.10790595692007e-09
0.592425569805685,1.20352496212138e-09
0.596016027804507,1.20071121648612e-09
0.599606485803329,1.22399953537711e-09
0.603196943802151,1.23008514184513e-09
0.606787401800974,1.26178729309026e-09
0.610377859799796,1.25174300270499e-09
0.613968317798618,1.24949823099626e-09
0.617558775797441,1.28341842327998e-09
0.621149233796263,1.33228263993746e-09
0.624739691795085,1.17571101767282e-09
0.628330149793908,1.41412420645734e-09
0.63192060779273,1.38083342681713e-09
0.635511065791552,1.3489083069618e-09
0.639101523790375,1.41511876693103e-09
0.642691981789197,1.43920828034394e-09
0.646282439788019,1.49163916384369e-09
0.649872897786842,1.52838010278883e-09
0.653463355785664,1.57491554298091e-09
0.657053813784486,1.72623595740173e-09
0.660644271783309,1.90713596809728e-09
0.664234729782131,2.69436106630864e-09
0.667825187780953,2.1703312590768e-09
0.671415645779776,9.66775179401185e-10
0.675006103778598,1.09582815688919e-09
0.67859656177742,1.20599426549384e-09
0.682187019776243,1.28626223488107e-09
0.685777477775065,1.32312715893168e-09
0.689367935773887,1.37082087763186e-09
0.69295839377271,1.35543513216134e-09
0.696548851771532,1.3933576731118e-09
0.700139309770354,1.47787953780968e-09
0.703729767769177,1.44621214234427e-09
0.707320225767999,1.22069294474982e-09
0.710910683766821,1.59918875362738e-09
0.714501141765644,1.54356757562668e-09
0.718091599764466,1.62659695549243e-09
0.721682057763288,1.63651890650161e-09
0.725272515762111,1.65095375658484e-09
0.728862973760933,1.65524787955073e-09
0.732453431759755,1.69121197571122e-09
0.736043889758578,1.71420861560656e-09
0.7396343477574,1.79669215661856e-09
0.743224805756222,1.74853681602365e-09
0.746815263755045,1.38484759988504e-09
0.750405721753867,2.12362040371958e-09
0.753996179752689,1.88048509699679e-09
0.757586637751512,1.93803610459275e-09
0.761177095750334,1.96521756298187e-09
0.764767553749156,1.94135394654487e-09
0.768358011747979,1.97484144983292e-09
0.771948469746801,2.02051571419337e-09
0.775538927745623,2.05000086895849e-09
0.779129385744446,2.0749144603509e-09
0.782719843743268,2.16002064731961e-09
0.78631030174209,2.21460198739017e-09
0.789900759740913,2.53382373725673e-09
0.793491217739735,8.32813474284936e-10
0.797081675738557,2.12383346704361e-09
0.80067213373738,2.24997626956383e-09
0.804262591736202,2.26637674472645e-09
0.807853049735024,2.29504477084351e-09
0.811443507733847,2.33985380307431e-09
0.815033965732669,2.37148985855804e-09
0.818624423731491,2.40597178266418e-09
0.822214881730314,2.48263663073377e-09
0.825805339729136,2.61028244952446e-09
0.829395797727958,2.47455522269883e-09
0.832986255726781,2.83456449228338e-09
0.836576713725603,2.49677388235802e-09
0.840167171724425,2.77620423562703e-09
0.843757629723248,2.71981802424133e-09
0.84734808772207,2.79602874027551e-09
0.850938545720892,2.90791481904799e-09
0.854529003719715,2.97355158123753e-09
0.858119461718537,3.02883891945674e-09
0.861709919717359,3.09860236786743e-09
0.865300377716182,3.11596309634738e-09
0.868890835715004,2.99341747690171e-09
0.872481293713826,2.11694029707496e-09
0.876071751712649,4.20446691271897e-09
0.879662209711471,3.85592023857988e-09
0.883252667710293,3.89934105233524e-09
0.886843125709115,3.988040562322e-09
0.890433583707938,4.08359433418746e-09
0.89402404170676,4.18241775187963e-09
0.897614499705583,4.29545712241414e-09
0.901204957704405,4.44130974570934e-09
0.904795415703227,4.63576867780664e-09
0.90838587370205,4.77171884935245e-09
0.911976331700872,4.99501315828586e-09
0.915566789699694,5.04072010087977e-09
0.919157247698516,5.37704015702331e-09
0.922747705697339,5.60883503065918e-09
0.926338163696161,5.89374399437868e-09
0.929928621694984,6.17010058782468e-09
0.933519079693806,6.52975422166585e-09
0.937109537692628,6.89427949160164e-09
0.940699995691451,7.31978311170764e-09
0.944290453690273,7.75970933871819e-09
0.947880911689095,8.25860170272094e-09
0.951471369687917,8.8341754965941e-09
0.95506182768674,9.5641435848348e-09
0.958652285685562,1.0288723844242e-08
0.962242743684384,1.13477869799209e-08
0.965833201683207,1.25477080644437e-08
0.969423659682029,1.39898998601592e-08
0.973014117680852,1.58246630174534e-08
0.976604575679674,1.82581567999714e-08
0.980195033678496,2.15309518447593e-08
0.983785491677318,2.62798275018901e-08
0.987375949676141,3.3710771462272e-08
0.990966407674963,4.71051499813786e-08
0.994556865673785,7.80602992409828e-08
0.998147323672608,2.28851188630017e-07
1.00173778167143,2.4382888156837e-07
1.00532823967025,7.94274382383383e-08
1.00891869766907,4.74042212382946e-08
1.0125091556679,3.37885798657981e-08
1.01609961366672,2.62158419740746e-08
1.01969007166554,2.14226104441079e-08
1.02328052966436,1.81137916066676e-08
1.02687098766319,1.56469798257015e-08
1.03046144566201,1.38085651940578e-08
1.03405190366083,1.23230214606535e-08
1.03764236165965,1.10575151957614e-08
1.04123281965848,1.06076648046294e-08
1.0448232776573,9.49484043488202e-09
1.04841373565612,8.73843762657285e-09
1.05200419365494,8.10755202191735e-09
1.05559465165377,7.58829380744019e-09
1.05918510965259,7.11726504585976e-09
1.06277556765141,6.70325667605783e-09
1.06636602565023,6.31524610373965e-09
1.06995648364905,5.97557749116876e-09
1.07354694164788,5.68635849641354e-09
1.0771373996467,5.45082350745955e-09
1.08072785764552,5.11203555923807e-09
1.08431831564434,4.86777388083198e-09
1.08790877364317,4.79389159123642e-09
1.09149923164199,4.56053047022225e-09
1.09508968964081,4.38142004973682e-09
1.09868014763963,4.2435271886807e-09
1.10227060563846,4.10251101642269e-09
1.10586106363728,3.96569020242225e-09
1.1094515216361,3.82332650627176e-09
1.11304197963492,3.77985455896413e-09
1.11663243763374,3.64399640678792e-09
1.12022289563257,3.61602088559857e-09
1.12381335363139,3.49352208894285e-09
1.12740381163021,2.41650610943837e-09
1.13099426962903,2.70907695023689e-09
1.13458472762786,2.86068561819284e-09
1.13817518562668,2.84066909754252e-09
1.1417656436255,2.78859771163365e-09
1.14535610162432,2.7250194496229e-09
1.14894655962315,2.65363033793882e-09
1.15253701762197,2.57785208810419e-09
1.15612747562079,2.54216241771137e-09
1.15971793361961,2.48473815407046e-09
1.16330839161844,2.36032573733203e-09
1.16689884961726,2.40631835570261e-09
1.17048930761608,2.30679164270033e-09
1.1740797656149,2.30994399777763e-09
1.17767022361372,2.31278545272689e-09
1.18126068161255,2.20595043502669e-09
1.18485113961137,2.13557647340221e-09
1.18844159761019,2.1034141504595e-09
1.19203205560901,2.06613426955856e-09
1.19562251360784,2.00402515421645e-09
1.19921297160666,1.92435632671425e-09
1.20280342960548,1.77366938282835e-09
1.2063938876043,2.41252902525142e-09
1.20998434560313,1.464423622398e-09
1.21357480360195,1.77504838509448e-09
1.21716526160077,1.80067998637178e-09
1.22075571959959,1.74064331355727e-09
1.22434617759841,1.73744320605482e-09
1.22793663559724,1.71224867811594e-09
1.23152709359606,1.67445465360535e-09
1.23511755159488,1.63584683236228e-09
1.2387080095937,1.64127287651646e-09
1.24229846759253,1.62377967657509e-09
1.24588892559135,1.49694612432908e-09
1.24947938359017,1.61311875697736e-09
1.25306984158899,1.55540798913254e-09
1.25666029958782,1.51106668948942e-09
1.26025075758664,1.46454332506628e-09
1.26384121558546,1.41539799222016e-09
1.26743167358428,1.41176253110723e-09
1.2710221315831,1.38205312152044e-09
1.27461258958193,1.36627623860968e-09
1.27820304758075,1.34777566480168e-09
1.28179350557957,1.34111825904835e-09
1.28538396357839,1.24509399914348e-09
1.28897442157722,1.24908121453024e-09
1.29256487957604,1.07782461283091e-09
1.29615533757486,1.21847532547548e-09
1.29974579557368,1.1619966722818e-09
1.30333625357251,1.0624504826149e-09
1.30692671157133,1.0670579137115e-09
1.31051716957015,1.04243654706716e-09
1.31410762756897,9.38695295006218e-10
1.3176980855678,8.63806059263179e-10
1.32128854356662,7.63883057228666e-10
1.32487900156544,6.26600223149904e-10
1.32846945956426,8.91031981990082e-10
1.33205991756308,5.10311891695297e-09
1.33565037556191,4.32873428567059e-09
1.33924083356073,2.39451564817513e-09
1.34283129155955,1.92364309450964e-09
1.34642174955837,1.68210486298183e-09
1.3500122075572,1.56131256977659e-09
1.35360266555602,1.49381602965345e-09
1.35719312355484,1.42554161606201e-09
1.36078358155366,1.37418637050317e-09
1.36437403955249,1.30483630070372e-09
1.36796449755131,1.26330079119857e-09
1.37155495555013,1.23467672896696e-09
1.37514541354895,1.32066548299832e-09
1.37873587154777,1.23484275845766e-09
1.3823263295466,1.23687646760786e-09
1.38591678754542,1.15765896992912e-09
1.38950724554424,1.1410904989456e-09
1.39309770354306,1.15382290122477e-09
1.39668816154189,1.12768111184183e-09
1.40027861954071,1.11495902974974e-09
1.40386907753953,1.07868253610078e-09
1.40745953553835,1.06863991478528e-09
1.41104999353718,1.01300938028071e-09
1.414640451536,1.04620841983295e-09
1.41823090953482,1.02386482565679e-09
1.42182136753364,1.04676041206988e-09
1.42541182553247,1.00422820139492e-09
1.42900228353129,1.02293999431062e-09
1.43259274153011,1.01912958199955e-09
1.43618319952893,9.83902300882959e-10
1.43977365752775,9.59767366282477e-10
1.44336411552658,9.90717572320791e-10
1.4469545735254,9.90663986082068e-10
1.45054503152422,1.0242113401932e-09
1.45413548952304,1.09699339446736e-09
1.45772594752187,2.54513397554796e-09
1.46131640552069,1.56151708440476e-09
1.46490686351951,1.28180439939079e-09
1.46849732151833,1.12740038398373e-09
1.47208777951716,1.02471930054445e-09
1.47567823751598,9.86030660540432e-10
1.4792686955148,9.55898296369822e-10
1.48285915351362,9.58935012205819e-10
1.48644961151244,9.6074773161716e-10
1.49004006951127,8.64710776087375e-10
1.49363052751009,8.47587478722595e-10
1.49722098550891,8.27151714940274e-10
1.50081144350773,1.46269715494436e-09
1.50440190150656,8.11327124879601e-10
1.50799235950538,9.70381528613798e-10
1.5115828175042,8.08022307518463e-10
1.51517327550302,8.55018541431939e-10
1.51876373350185,8.89967576521448e-10
1.52235419150067,8.90417944168003e-10
1.52594464949949,8.78345535894206e-10
1.52953510749831,8.60915541566322e-10
1.53312556549713,8.78041046792363e-10
1.53671602349596,1.06647310395209e-09
1.54030648149478,1.91660172764061e-09
1.5438969394936,1.29427391201342e-09
1.54748739749242,9.5623909771784e-10
1.55107785549125,9.32762716578299e-10
1.55466831349007,9.04524458820473e-10
1.55825877148889,8.92758529910933e-10
1.56184922948771,8.79932293104294e-10
1.56543968748654,8.71714821781222e-10
1.56903014548536,8.70084849490549e-10
1.57262060348418,9.40423641886307e-10
1.576211061483,9.23758461519073e-10
1.57980151948183,9.10982099217017e-10
1.58339197748065,9.16155019132389e-10
1.58698243547947,8.89448791371704e-10
1.59057289347829,8.21336050376833e-10
1.59416335147711,8.54421642505142e-10
1.59775380947594,8.54037563576013e-10
1.60134426747476,8.86273034316391e-10
1.60493472547358,8.76277603799888e-10
1.6085251834724,8.91094504294397e-10
1.61211564147123,8.68914240060887e-10
1.61570609947005,9.01477229657017e-10
1.61929655746887,1.0212958943362e-09
1.62288701546769,8.1740707958858e-10
1.62647747346652,8.31951359022826e-10
1.63006793146534,1.06246901725007e-09
1.63365838946416,1.08504029072622e-09
1.63724884746298,1.08393883305583e-09
1.6408393054618,1.1963480000993e-09
1.64442976346063,1.26456698983682e-09
1.64802022145945,1.39925008193016e-09
1.65161067945827,1.57701752681454e-09
1.65520113745709,1.90272353714817e-09
1.65879159545592,2.55725219443531e-09
1.66238205345474,4.22715921383866e-09
1.66597251145356,2.26587746807e-08
1.66956296945238,4.7577185323806e-09
1.67315342745121,1.80165433177778e-09
1.67674388545003,9.52237896248048e-10
1.68033434344885,6.18154221479111e-10
1.68392480144767,3.78373761121413e-10
1.6875152594465,3.16995228044219e-10
1.69110571744532,2.16681318661473e-10
1.69469617544414,2.29522844752573e-10
1.69828663344296,1.83063222847929e-10
1.70187709144178,2.21629791347731e-10
1.70546754944061,3.38516904757159e-10
1.70905800743943,3.33470889251087e-10
1.71264846543825,2.04281954685457e-10
1.71623892343707,2.24821056402492e-10
1.7198293814359,2.22548269355528e-10
1.72341983943472,2.50074078478138e-10
1.72701029743354,2.59586992704904e-10
1.73060075543236,2.55201841899705e-10
1.73419121343119,2.8806680976145e-10
1.73778167143001,2.66904217909119e-10
1.74137212942883,2.97018759703436e-10
1.74496258742765,2.62974785340377e-10
1.74855304542647,4.54370873348043e-10
1.7521435034253,4.92026665291774e-10
1.75573396142412,3.66558784097485e-10
1.75932441942294,3.29217636004011e-10
1.76291487742176,3.90904894825345e-10
1.76650533542059,3.57914561610364e-10
1.77009579341941,3.42678807620118e-10
1.77368625141823,3.71479572816e-10
1.77727670941705,4.07686337872615e-10
1.78086716741588,3.74859020772437e-10
1.7844576254147,4.30870135066167e-10
1.78804808341352,5.07441786692381e-10
1.79163854141234,1.02849743188672e-09
1.79522899941117,2.41671740143747e-11
1.79881945740999,2.36750723196063e-10
1.80240991540881,2.7581627413918e-10
1.80600037340763,3.19891120687685e-10
1.80959083140645,3.38186980108436e-10
1.81318128940528,3.63899166624492e-10
1.8167717474041,3.73348110543078e-10
1.82036220540292,2.75071355416723e-10
1.82395266340174,2.54129744419167e-10
1.82754312140057,5.05288923817292e-10
1.83113357939939,8.6294694899841e-11
1.83472403739821,5.27833484881049e-10
1.83831449539703,3.30553995242926e-10
1.84190495339586,4.01644769942442e-10
1.84549541139468,3.56359685270928e-10
1.8490858693935,3.11378826791337e-10
1.85267632739232,3.22688502964552e-10
1.85626678539114,3.37086513036986e-10
1.85985724338997,3.57431308571912e-10
1.86344770138879,4.24480570084267e-10
1.86703815938761,6.43557304824859e-10
1.87062861738643,9.78667316043643e-10
1.87421907538526,2.15426971441661e-09
1.87780953338408,9.58949180265739e-10
1.8813999913829,5.23797281980505e-10
1.88499044938172,4.63274204262198e-10
1.88858090738055,4.0409739006204e-10
1.89217136537937,3.97396945191977e-10
1.89576182337819,4.05792463535389e-10
1.89935228137701,3.98571228009806e-10
1.90294273937583,3.69841562571419e-10
1.90653319737466,3.87527853315055e-10
1.91012365537348,4.08342393618434e-10
1.9137141133723,6.36305526177558e-10
1.91730457137112,3.70694706636975e-10
1.92089502936995,2.68031442634643e-10
1.92448548736877,2.30807398603466e-10
1.92807594536759,3.3374548756002e-10
1.93166640336641,3.52499583659292e-10
1.93525686136524,3.40744986670191e-10
1.93884731936406,3.39069424811945e-10
1.94243777736288,3.24308485521765e-10
1.9460282353617,3.19873508507961e-10
1.94961869336053,3.41140266134771e-10
1.95320915135935,3.49252551852261e-10
1.95679960935817,2.78055741356491e-10
1.96039006735699,2.98450827618846e-10
1.96398052535581,3.16088583970564e-10
1.96757098335464,2.62945089157467e-10
1.97116144135346,3.5807555812069e-10
1.97475189935228,3.84978788913098e-10
1.9783423573511,4.14496392864802e-10
1.98193281534993,4.57966561690505e-10
1.98552327334875,5.46625673050825e-10
1.98911373134757,7.10462420043618e-10
1.99270418934639,1.06385451344031e-09
1.99629464734522,2.20634094332252e-09
1.99988510534404,7.62758497231233e-08
2.00347556334286,2.74961796858364e-09
2.00706602134168,1.46939053241055e-09
2.01065647934051,1.07378980527215e-09
2.01424693733933,8.49990440144714e-10
2.01783739533815,7.30022866192505e-10
2.02142785333697,6.77031310397672e-10
2.02501831133579,6.29429555870931e-10
2.02860876933462,6.00544681496765e-10
2.03219922733344,5.48481781186503e-10
2.03578968533226,5.84632843078473e-10
2.03938014333108,7.66224518904216e-10
2.04297060132991,2.95267302300719e-10
2.04656105932873,4.06980921465756e-10
2.05015151732755,3.67374919528859e-10
2.05374197532637,3.88952034526265e-10
2.05733243332519,4.00685450704394e-10
2.06092289132402,4.17453841819607e-10
2.06451334932284,4.05751586404854e-10
2.06810380732166,3.92070144504839e-10
2.07169426532048,3.65717207620583e-10
2.07528472331931,3.28497405593589e-10
2.07887518131813,2.78630137240561e-10
2.08246563931695,3.85138805005603e-10
2.08605609731577,4.56230790817513e-10
2.0896465553146,3.50490858213613e-10
2.09323701331342,3.3710127479532e-10
2.09682747131224,3.68805557266867e-10
2.10041792931106,3.42480065138245e-10
2.10400838730989,3.39883878251881e-10
2.10759884530871,3.18729739686414e-10
2.11118930330753,3.18842084919774e-10
2.11477976130635,3.02114513854933e-10
2.11837021930517,2.7993912857901e-10
2.121960677304,2.97418681003242e-10
2.12555113530282,1.63838119589537e-10
2.12914159330164,4.47014282672377e-10
2.13273205130046,4.01004807426329e-10
2.13632250929929,3.5599970701237e-10
2.13991296729811,3.46379442573734e-10
2.14350342529693,3.44233853278081e-10
2.14709388329575,3.567392092807e-10
2.15068434129458,3.42405134467849e-10
2.1542747992934,3.40818136485886e-10
2.15786525729222,3.3397713168572e-10
2.16145571529104,4.01426223488986e-10
2.16504617328986,3.93912572761809e-10
2.16863663128869,3.51647849787712e-10
2.17222708928751,3.23332080481813e-10
2.17581754728633,2.91669531698911e-10
2.17940800528515,3.23078943172169e-10
2.18299846328398,3.24206556045956e-10
2.1865889212828,3.07095520372519e-10
2.19017937928162,2.94817105900432e-10
2.19376983728044,2.83462375124414e-10
2.19736029527927,3.00354148331877e-10
2.20095075327809,3.3175822320508e-10
2.20454121127691,3.91086417092588e-10
2.20813166927573,5.49670144475063e-11
2.21172212727456,3.0509560855112e-10
2.21531258527338,2.96104664663972e-10
2.2189030432722,2.8335105338515e-10
2.22249350127102,2.64946285307806e-10
2.22608395926984,2.92656273882234e-10
2.22967441726867,2.55947383616553e-10
2.23326487526749,2.33570244135121e-10
2.23685533326631,2.92414227087137e-10
2.24044579126513,2.6733107212232e-10
2.24403624926396,2.52228748431656e-10
2.24762670726278,2.95296192428565e-10
2.2512171652616,2.37805416225323e-10
2.25480762326042,3.03131277911452e-10
2.25839808125925,2.78057877882454e-10
2.26198853925807,2.73593908567365e-10
2.26557899725689,2.57066690332798e-10
2.26916945525571,2.56256921293758e-10
2.27275991325454,2.50487709035988e-10
2.27635037125336,2.58690198373992e-10
2.27994082925218,2.58674921122762e-10
2.283531287251,2.01691028860777e-10
2.28712174524982,2.21996630278824e-10
2.29071220324865,1.86231218719641e-10
2.29430266124747,3.18539798123174e-10
2.29789311924629,2.19665235399972e-10
2.30148357724511,2.51770288502725e-10
2.30507403524394,2.20164790672327e-10
2.30866449324276,2.1301008928747e-10
2.31225495124158,1.99641054244953e-10
2.3158454092404,1.88432262719715e-10
2.31943586723923,1.60062932141597e-10
2.32302632523805,1.38766029299222e-10
2.32661678323687,2.68888876426823e-10
2.33020724123569,6.32213270591381e-10
2.33379769923451,5.74486771784904e-09
2.33738815723334,9.67163718186422e-10
2.34097861523216,6.37896053567483e-10
2.34456907323098,5.06258718896646e-10
2.3481595312298,4.45659359586875e-10
2.35174998922863,4.25334604512378e-10
2.35534044722745,4.03029622130893e-10
2.35893090522627,3.94827814284847e-10
2.36252136322509,3.73601453129419e-10
2.36611182122392,3.7891906685879e-10
2.36970227922274,3.87617302074637e-10
2.37329273722156,5.81580879431601e-10
2.37688319522038,3.00238569719235e-10
2.38047365321921,3.30509198807447e-10
2.38406411121803,2.70831475268251e-10
2.38765456921685,3.11235476738556e-10
2.39124502721567,3.30909012800411e-10
2.39483548521449,3.56255924383901e-10
2.39842594321332,3.17272988423971e-10
2.40201640121214,3.11080448671938e-10
2.40560685921096,2.82515188041333e-10
2.40919731720978,2.58356455108799e-10
2.41278777520861,2.52967984626592e-10
2.41637823320743,2.72278522572846e-10
2.41996869120625,3.56738694939453e-10
2.42355914920507,3.06565182532329e-10
2.4271496072039,3.17878203676391e-10
2.43074006520272,2.86468010747888e-10
2.43433052320154,3.04923463919044e-10
2.43792098120036,2.98768459907348e-10
2.44151143919918,2.82826916266328e-10
2.44510189719801,3.38729428211135e-10
2.44869235519683,3.20802732148715e-10
2.45228281319565,2.90498743945797e-10
2.45587327119447,3.8239740389253e-10
2.4594637291933,5.01590507376963e-10
2.46305418719212,4.08957816588115e-10
2.46664464519094,3.39674093925621e-10
2.47023510318976,3.34167538473963e-10
2.47382556118859,3.03581294021957e-10
2.47741601918741,3.11771295910032e-10
2.48100647718623,3.87693295842854e-10
2.48459693518505,4.32906446165157e-10
2.48818739318387,3.7673402421016e-10
2.4917778511827,8.84886436834744e-11
2.49536830918152,7.59386776101525e-10
2.49895876718034,2.16038685187072e-10
2.50254922517916,1.82406973942453e-10
2.50613968317799,2.32675828810852e-10
2.50973014117681,2.45803778179029e-10
2.51332059917563,2.92880035558093e-10
2.51691105717445,2.96022342262239e-10
2.52050151517328,3.04042977528805e-10
2.5240919731721,3.0091427906563e-10
2.52768243117092,3.22462838444538e-10
2.53127288916974,3.42615606246151e-10
2.53486334716857,3.74251629380308e-10
2.53845380516739,4.91969556997448e-10
2.54204426316621,1.21550018494186e-10
2.54563472116503,5.87165257421313e-11
2.54922517916385,2.09526770512339e-10
2.55281563716268,1.95433179638601e-10
2.5564060951615,2.27549921410858e-10
2.55999655316032,2.34427269496787e-10
2.56358701115914,2.50841019144019e-10
2.56717746915797,2.52387139952579e-10
2.57076792715679,2.74891672534978e-10
2.57435838515561,2.93973402962778e-10
2.57794884315443,2.71287401259079e-10
2.58153930115326,3.3752976489079e-10
2.58512975915208,1.56746805398112e-10
2.5887202171509,1.92286232911509e-10
2.59231067514972,2.55821325946311e-10
2.59590113314854,2.25360354272806e-10
2.59949159114737,2.25269111056263e-10
2.60308204914619,2.40184676270327e-10
2.60667250714501,2.53585841007919e-10
2.61026296514383,2.33224934643356e-10
2.61385342314266,2.09894527015247e-10
2.61744388114148,2.12378237426305e-10
2.6210343391403,3.29471933838261e-10
2.62462479713912,9.00677726251818e-11
2.62821525513795,2.75062756677283e-10
2.63180571313677,3.22047313943203e-10
2.63539617113559,2.8694958074542e-10
2.63898662913441,2.73429641404701e-10
2.64257708713324,2.95833706770652e-10
2.64616754513206,3.12199094584356e-10
2.64975800313088,3.57656957947731e-10
2.6533484611297,3.86643717370683e-10
2.65693891912852,4.70494298402734e-10
2.66052937712735,6.08287996969361e-10
2.66411983512617,1.23987220342593e-09
2.66771029312499,2.43713050211319e-09
2.67130075112381,4.33374327422743e-10
2.67489120912264,2.52927543390537e-10
2.67848166712146,1.52091631881201e-10
2.68207212512028,1.81096199436391e-10
2.6856625831191,1.84859111929748e-10
2.68925304111792,1.63105616218218e-10
2.69284349911675,1.23579434944137e-10
2.69643395711557,1.12902469642679e-10
2.70002441511439,1.70954182759296e-10
2.70361487311321,1.3431268274739e-10
2.70720533111204,2.0453499042332e-10
2.71079578911086,2.0186582746613e-10
2.71438624710968,1.97469269378435e-10
2.7179767051085,1.75875552944928e-10
2.72156716310733,2.08011733853526e-10
2.72515762110615,2.21848676714399e-10
2.72874807910497,2.50239637938249e-10
2.73233853710379,2.92498958733963e-10
2.73592899510262,3.26756040975023e-10
2.73951945310144,3.31525602274283e-10
2.74310991110026,3.16969963773146e-10
2.74670036909908,2.60385981380032e-10
2.7502908270979,5.56779702963775e-10
2.75388128509673,2.75188580327834e-10
2.75747174309555,2.47191416237973e-10
2.76106220109437,2.36751064927078e-10
2.76465265909319,2.23711440575532e-10
2.76824311709202,2.18400911083038e-10
2.77183357509084,2.24510029898208e-10
2.77542403308966,2.4443422337083e-10
2.77901449108848,2.61336709352374e-10
2.78260494908731,2.71561154301526e-10
2.78619540708613,2.87600211108205e-10
2.78978586508495,6.56119676637166e-10
2.79337632308377,1.41828102988492e-09
2.7969667810826,1.9410479612231e-10
2.80055723908142,1.71181613173761e-10
2.80414769708024,1.88663063736457e-10
2.80773815507906,1.87485252700813e-10
2.81132861307788,1.91092512880691e-10
2.81491907107671,2.07131073529514e-10
2.81850952907553,2.18582755788323e-10
2.82209998707435,1.83149517402775e-10
2.82569044507317,2.29431518474879e-10
2.829280903072,2.28879900634192e-10
2.83287136107082,3.78273234101915e-10
2.83646181906964,1.06543885202961e-10
2.84005227706846,1.84397985642576e-10
2.84364273506729,1.70441902146229e-10
2.84723319306611,1.49544163923763e-10
2.85082365106493,1.93868185279574e-10
2.85441410906375,2.10019384944686e-10
2.85800456706257,2.26102257547288e-10
2.8615950250614,2.38442554215874e-10
2.86518548306022,2.66256639348958e-10
2.86877594105904,3.98425435110528e-10
2.87236639905786,7.12733083782977e-10
2.87595685705669,5.26836479716371e-10
2.87954731505551,1.53484185216276e-10
2.88313777305433,1.64913074310343e-10
2.88672823105315,1.40332989529031e-10
2.89031868905198,1.65971452725355e-10
2.8939091470508,1.72118278393159e-10
2.89749960504962,1.99035227367162e-10
2.90109006304844,1.9145662340883e-10
2.90468052104727,1.30736218957974e-10
2.90827097904609,2.70865533093375e-10
2.91186143704491,2.57840328415298e-10
2.91545189504373,1.94289045204825e-10
2.91904235304255,3.45146645923254e-10
2.92263281104138,1.3411493871833e-10
2.9262232690402,1.70537350382927e-10
2.92981372703902,1.42796950776271e-10
2.93340418503784,1.84836795890961e-10
2.93699464303667,1.79304441600202e-10
2.94058510103549,1.78911502863432e-10
2.94417555903431,1.78663607873609e-10
2.94776601703313,2.15143978279999e-10
2.95135647503196,3.20895492346439e-10
2.95494693303078,2.57921704640099e-10
2.9585373910296,5.44930710933003e-10
2.96212784902842,2.27072034620792e-10
2.96571830702724,3.13097447905106e-10
2.96930876502607,3.11517242232416e-10
2.97289922302489,2.92966660973176e-10
2.97648968102371,3.78325491010704e-10
2.98008013902253,4.27777899204435e-10
2.98367059702136,5.09487182621259e-10
2.98726105502018,6.32560707299078e-10
2.990851513019,8.76693693062835e-10
2.99444197101782,1.49369849361562e-09
2.99803242901665,4.00832305154609e-09
3.00162288701547,4.85027323402605e-09
3.00521334501429,1.52160887915769e-09
3.00880380301311,9.01773343468878e-10
3.01239426101194,6.31444787871318e-10
3.01598471901076,5.32121245533717e-10
3.01957517700958,4.33324010834629e-10
3.0231656350084,3.81764984690767e-10
3.02675609300722,3.49000378880387e-10
3.03034655100605,3.0197154013009e-10
3.03393700900487,3.0066906394139e-10
3.03752746700369,3.28738095710724e-10
3.04111792500251,2.25700361972138e-10
3.04470838300134,2.08500917473736e-10
3.04829884100016,1.77583595088432e-10
3.05188929899898,2.07830795555472e-10
3.0554797569978,2.11054547402169e-10
3.05907021499663,2.16159798719836e-10
3.06266067299545,2.1002298673643e-10
3.06625113099427,2.30721008783487e-10
3.06984158899309,2.24260549853288e-10
3.07343204699191,2.20517118980884e-10
3.07702250499074,1.89894635955484e-10
3.08061296298956,2.38966602088876e-10
3.08420342098838,2.77950937743376e-10
3.0877938789872,2.24315528582946e-10
3.09138433698603,1.77498207885308e-10
3.09497479498485,2.28486382924221e-10
3.09856525298367,2.01056946911419e-10
3.10215571098249,1.39178327268459e-10
3.10574616898132,1.62695252916249e-10
3.10933662698014,2.314969208712e-10
3.11292708497896,2.00982826514451e-10
3.11651754297778,1.94267457294626e-10
3.1201080009766,2.82682548925553e-10
3.12369845897543,4.4266336503833e-10
3.12728891697425,6.38527745039981e-10
3.13087937497307,3.15108369098478e-10
3.13446983297189,2.23258064195107e-10
3.13806029097072,1.82733499826425e-10
3.14165074896954,1.84180936293278e-10
3.14524120696836,2.16649406708573e-10
3.14883166496718,2.53949461392803e-10
3.15242212296601,2.4286326603421e-10
3.15601258096483,2.16054402637689e-10
3.15960303896365,2.12475267047055e-10
3.16319349696247,3.06132516661886e-10
3.1667839549613,4.01615226363016e-10
3.17037441296012,1.34685588413397e-10
3.17396487095894,2.09192126871248e-10
3.17755532895776,1.64029719021487e-10
3.18114578695658,1.7664447498624e-10
3.18473624495541,2.03314528947344e-10
3.18832670295423,1.99272607100119e-10
3.19191716095305,2.00423538954233e-10
3.19550761895187,2.18802545737595e-10
3.1990980769507,3.01019324993907e-10
3.20268853494952,5.09322252433323e-10
3.20627899294834,1.00820631668751e-09
3.20986945094716,5.68443258734205e-10
3.21345990894599,2.2002127874149e-10
3.21705036694481,2.20709990596006e-10
3.22064082494363,2.31024014399144e-10
3.22423128294245,2.0808884652049e-10
3.22782174094128,1.99740808699417e-10
3.2314121989401,2.18081108757952e-10
3.23500265693892,2.42742176567467e-10
3.23859311493774,2.48484361865756e-10
3.24218357293656,2.812679106431e-10
3.24577403093539,3.79307681486255e-10
3.24936448893421,1.07768484657829e-10
3.25295494693303,2.00553921316539e-10
3.25654540493185,1.68774773812597e-10
3.26013586293068,2.11302672931765e-10
3.2637263209295,2.44970515663131e-10
3.26731677892832,2.52832851223223e-10
3.27090723692714,2.43877414171389e-10
3.27449769492596,2.59004992194955e-10
3.27808815292479,2.61466704524748e-10
3.28167861092361,2.65208079575402e-10
3.28526906892243,2.53458607509944e-10
3.28885952692125,2.77153613213288e-10
3.29244998492008,3.29826309835435e-10
3.2960404429189,3.70882277701211e-10
3.29963090091772,3.6645080078065e-10
3.30322135891654,4.59639530773787e-10
3.30681181691537,4.73956019734132e-10
3.31040227491419,5.03056852869116e-10
3.31399273291301,5.85583306312909e-10
3.31758319091183,7.06678908152579e-10
3.32117364891066,8.78000337300485e-10
3.32476410690948,1.23229143232946e-09
3.3283545649083,2.0567185745529e-09
3.33194502290712,7.00030349411622e-09
3.33553548090594,4.28568227569291e-09
3.33912593890477,1.5658108346393e-09
3.34271639690359,9.5312611597933e-10
3.34630685490241,6.83230588375582e-10
3.34989731290123,5.49679239457566e-10
3.35348777090006,4.12142558396384e-10
3.35707822889888,2.58863017951053e-10
3.3606686868977,2.17218880796591e-10
3.36425914489652,3.88046578781041e-10
3.36784960289535,2.95992774763224e-10
3.37144006089417,3.44702624186031e-10
3.37503051889299,2.53987477544623e-10
3.37862097689181,1.03750584373533e-10
3.38221143489063,1.30549558744685e-10
3.38580189288946,1.28231761494957e-10
3.38939235088828,1.19654908211114e-10
3.3929828088871,1.29564793330615e-10
3.39657326688592,1.23761221584145e-10
3.40016372488475,1.30855021515036e-10
3.40375418288357,1.34642793902696e-10
3.40734464088239,9.58918777666439e-11
3.41093509888121,1.25811576744603e-10
3.41452555688004,6.06643060294022e-11
3.41811601487886,1.81560751763681e-10
3.42170647287768,5.34936724734371e-11
3.4252969308765,8.85942579352777e-11
3.42888738887533,6.79490917623686e-11
3.43247784687415,8.38271653914269e-11
3.43606830487297,9.57040942159419e-11
3.43965876287179,7.9305195580682e-11
3.44324922087061,5.4710823071321e-11
3.44683967886944,7.23166849243274e-11
3.45043013686826,1.99536442650356e-11
3.45402059486708,1.41842755816075e-10
3.4576110528659,2.18577922756702e-10
3.46120151086473,2.67502850253994e-10
3.46479196886355,1.54708877293311e-10
3.46838242686237,1.15519198081225e-10
3.47197288486119,9.37044978225642e-11
3.47556334286002,8.31051719145592e-11
3.47915380085884,1.0620003440425e-10
3.48274425885766,1.26427795481924e-10
3.48633471685648,1.37131649760971e-10
3.48992517485531,8.06687194346445e-11
3.49351563285413,1.13912034930807e-10
3.49710609085295,3.15003928076899e-10
3.50069654885177,3.31064400305706e-10
3.50428700685059,2.18398157977317e-10
3.50787746484942,8.13339868362194e-11
3.51146792284824,9.9734701307883e-11
3.51505838084706,8.49710720309007e-11
3.51864883884588,6.69715174559557e-11
3.52223929684471,5.82961941713574e-11
3.52582975484353,5.26433581753344e-11
3.52942021284235,7.16688326057263e-11
3.53301067084117,8.90569816412995e-11
3.53660112884,9.61127457554377e-11
3.54019158683882,3.68949305345482e-10
3.54378204483764,1.53369077239161e-10
3.54737250283646,1.05305412530327e-10
3.55096296083528,5.53421958653849e-11
3.55455341883411,4.76900706366958e-11
3.55814387683293,4.74923077468679e-11
3.56173433483175,7.72406794575231e-11
3.56532479283057,8.29224764810993e-11
3.5689152508294,8.34048349352786e-11
3.57250570882822,7.3308257231002e-11
3.57609616682704,6.7201167367169e-11
3.57968662482586,6.17585014200157e-11
3.58327708282469,1.99546247142245e-10
3.58686754082351,6.86211668940601e-11
3.59045799882233,7.38623574459199e-11
3.59404845682115,7.56890983029846e-11
3.59763891481997,8.16402223725286e-11
3.6012293728188,8.24030764879173e-11
3.60481983081762,9.29165587220218e-11
3.60841028881644,1.5058577293198e-10
3.61200074681526,2.30931268096551e-10
3.61559120481409,2.90546312724799e-10
3.61918166281291,3.23723529259773e-10
3.62277212081173,1.7815282671e-10
3.62636257881055,2.14967215927215e-10
3.62995303680938,3.666494798386e-10
3.6335434948082,3.70344214241237e-10
3.63713395280702,4.33088728074615e-10
3.64072441080584,5.09384602488597e-10
3.64431486880467,6.03693767791472e-10
3.64790532680349,7.39876044363068e-10
3.65149578480231,9.5969325586302e-10
3.65508624280113,1.29145233584278e-09
3.65867670079995,1.93639917161319e-09
3.66226715879878,3.53361642313291e-09
3.6658576167976,2.03879838137305e-08
3.66944807479642,6.08804134813189e-09
3.67303853279524,2.72728652335519e-09
3.67662899079407,1.78134419397929e-09
3.68021944879289,1.35843266121476e-09
3.68380990679171,1.11515109368073e-09
3.68740036479053,9.59482825033336e-10
3.69099082278936,8.32418093857937e-10
3.69458128078818,7.36003728180942e-10
3.698171738787,7.0839613252822e-10
3.70176219678582,6.64379058272829e-10
3.70535265478464,7.51726306156498e-10
3.70894311278347,3.74318643748351e-10
3.71253357078229,4.43461962774197e-10
3.71612402878111,4.04422827884723e-10
3.71971448677993,4.11236361714147e-10
3.72330494477876,4.51717327766271e-10
3.72689540277758,4.58907725077506e-10
3.7304858607764,4.46637057260789e-10
3.73407631877522,4.46517111440343e-10
3.73766677677405,4.26219269218597e-10
3.74125723477287,3.80514121780021e-10
3.74484769277169,3.44581065503295e-10
3.74843815077051,4.01823849240519e-10
3.75202860876934,2.94635987824457e-10
3.75561906676816,2.84896394471197e-10
3.75920952476698,3.03573144871761e-10
3.7627999827658,2.89263730577598e-10
3.76639044076462,2.9176486591495e-10
3.76998089876345,2.96785604840536e-10
3.77357135676227,2.84463728255492e-10
3.77716181476109,3.14115489043362e-10
3.78075227275991,3.17782848774522e-10
3.78434273075874,2.94050358363832e-10
3.78793318875756,3.60076869363727e-10
3.79152364675638,8.04705291292347e-10
3.7951141047552,1.86602405238785e-10
3.79870456275403,2.4269893980035e-10
3.80229502075285,2.52881811899926e-10
3.80588547875167,2.48109108596114e-10
3.80947593675049,2.38631509714753e-10
3.81306639474931,2.32329871413642e-10
3.81665685274814,2.59505681062075e-10
3.82024731074696,2.86985245248547e-10
3.82383776874578,2.48576343690438e-10
3.8274282267446,2.3634019120655e-10
3.83101868474343,3.90461538514405e-10
3.83460914274225,1.95930563571724e-10
3.83819960074107,2.06303057323919e-10
3.84179005873989,2.55387943352525e-10
3.84538051673872,2.66169628523319e-10
3.84897097473754,2.59282904468521e-10
3.85256143273636,2.66648368743272e-10
3.85615189073518,2.69171556264112e-10
3.85974234873401,2.80115521600705e-10
3.86333280673283,2.72790930737356e-10
3.86692326473165,2.57985581962118e-10
3.87051372273047,2.97270908452287e-10
3.87410418072929,2.90591826730105e-10
3.87769463872812,2.76078878801168e-10
3.88128509672694,2.54509416337711e-10
3.88487555472576,2.25115366952177e-10
3.88846601272458,1.90651034700724e-10
3.89205647072341,2.06247024689959e-10
3.89564692872223,2.32107741419928e-10
3.89923738672105,2.28860512080038e-10
3.90282784471987,1.92324382501072e-10
3.9064183027187,2.22062854023745e-10
3.91000876071752,2.32939461676148e-10
3.91359921871634,1.56720531879914e-10
3.91718967671516,7.78469695583582e-11
3.92078013471399,2.89792182792683e-10
3.92437059271281,1.22714507862746e-10
3.92796105071163,1.16328462903323e-10
3.93155150871045,1.59997427580033e-10
3.93514196670927,1.77474583821572e-10
3.9387324247081,1.86724685333946e-10
3.94232288270692,1.84513484896068e-10
3.94591334070574,2.00907785283206e-10
3.94950379870456,2.44457491233193e-10
3.95309425670339,1.75497759692882e-10
3.95668471470221,1.87726307939392e-10
3.96027517270103,2.81999140051925e-10
3.96386563069985,3.00088453525281e-10
3.96745608869867,2.44429860307412e-10
3.9710465466975,2.07826806428441e-10
3.97463700469632,2.84546049254887e-10
3.97822746269514,3.12098355925686e-10
3.98181792069396,3.21763981937435e-10
3.98540837869279,3.8473317554339e-10
3.98899883669161,4.3628842993878e-10
3.99258929469043,6.1686485289613e-10
3.99617975268925,1.18963245572394e-09
3.99977021068808,1.93283921784316e-08
4.0033606686869,1.38161158534143e-09
4.00695112668572,6.30798294521012e-10
4.01054158468454,4.52739767333251e-10
4.01413204268337,3.2005559295473e-10
4.01772250068219,2.79757886581694e-10
4.02131295868101,2.71957880967505e-10
4.02490341667983,2.44355132013566e-10
4.02849387467865,2.16833050158539e-10
4.03208433267748,1.84771328302281e-10
4.0356747906763,2.09673110200791e-10
4.03926524867512,1.81307832727955e-10
4.04285570667394,2.37899941053906e-10
4.04644616467277,2.0538299174693e-10
4.05003662267159,1.97563105020549e-10
4.05362708067041,1.77709334902126e-10
4.05721753866923,1.80568431687375e-10
4.06080799666806,1.61673795451342e-10
4.06439845466688,1.51175478125845e-10
4.0679889126657,1.36257188448336e-10
4.07157937066452,1.63198343874232e-10
4.07516982866334,1.99789805181206e-10
4.07876028666217,2.35109969612734e-10
4.08235074466099,1.28775965808456e-10
4.08594120265981,1.97457758653576e-10
4.08953166065863,2.08364137992205e-10
4.09312211865746,1.9673559554392e-10
4.09671257665628,1.78193288577682e-10
4.1003030346551,1.78170104942817e-10
4.10389349265392,1.87203738986e-10
4.10748395065275,2.07770245726685e-10
4.11107440865157,1.86095178385415e-10
4.11466486665039,2.62333698571779e-10
4.11825532464921,2.42498007028698e-10
4.12184578264803,2.01924703160005e-10
4.12543624064686,3.02370057401267e-10
4.12902669864568,1.59859329807433e-10
4.1326171566445,1.20282440285544e-10
4.13620761464332,1.04794061925525e-10
4.13979807264215,7.83086598006666e-11
4.14338853064097,8.42211681267172e-11
4.14697898863979,8.95736947016846e-11
4.15056944663861,1.31651059070984e-10
4.15415990463744,1.57866485515089e-10
4.15775036263626,1.08638834118452e-10
4.16134082063508,1.03211062590425e-10
4.1649312786339,1.95311260933494e-10
4.16852173663272,1.88717339651778e-10
4.17211219463155,1.20899829383274e-10
4.17570265263037,1.75808050229705e-10
4.17929311062919,1.04503759218497e-10
4.18288356862801,1.09108463683941e-10
4.18647402662684,1.14202968326871e-10
4.19006448462566,8.67527857963364e-11
4.19365494262448,9.44708553650162e-11
4.1972454006233,1.16726165346889e-10
4.20083585862213,2.44221951841647e-10
4.20442631662095,5.39766634193739e-10
4.20801677461977,1.06275875045415e-09
4.21160723261859,3.94443555312154e-10
4.21519769061742,3.33941449606369e-10
4.21878814861624,2.46044239996476e-10
4.22237860661506,2.61103547001174e-10
4.22596906461388,1.69119842200477e-10
4.22955952261271,1.65160902528066e-10
4.23314998061153,2.6215452234624e-10
4.23674043861035,2.87099523110004e-10
4.24033089660917,5.4080129887135e-11
4.24392135460799,4.0265669657565e-10
4.24751181260682,3.01042057053433e-10
4.25110227060564,2.61031036248672e-10
4.25469272860446,3.06598429019685e-10
4.25828318660328,2.22831474499545e-10
4.26187364460211,1.98865777568073e-10
4.26546410260093,2.10516552192556e-10
4.26905456059975,2.09502574431314e-10
4.27264501859857,2.19037266141934e-10
4.2762354765974,2.12617717423411e-10
4.27982593459622,2.22183834495445e-10
4.28341639259504,2.32810249943541e-10
4.28700685059386,1.81190093124764e-10
4.29059730859268,3.19276402817686e-10
4.29418776659151,2.21871430642899e-10
4.29777822459033,2.75262063153231e-10
4.30136868258915,2.15555597192097e-10
4.30495914058797,2.11926747323519e-10
4.3085495985868,2.34987402497665e-10
4.31214005658562,2.43797140148425e-10
4.31573051458444,2.61400670494402e-10
4.31932097258326,2.61348622576398e-10
4.32291143058209,3.02793203306794e-10
4.32650188858091,3.91409659622959e-10
4.33009234657973,4.87390640059448e-10
4.33368280457855,3.99675805125293e-09
4.33727326257737,2.16569549548438e-10
4.3408637205762,9.3009495476164e-11
4.34445417857502,8.76092871734138e-11
4.34804463657384,9.67010121292522e-11
4.35163509457266,1.26460159698967e-10
4.35522555257149,1.80997866967158e-10
4.35881601057031,1.80652465852036e-10
4.36240646856913,1.090446441332e-10
4.36599692656795,1.18353401246457e-10
4.36958738456678,2.24721480107311e-10
4.3731778425656,4.13773232544747e-11
4.37676830056442,2.23097637933575e-11
4.38035875856324,1.93507486633036e-10
4.38394921656207,1.86574073644284e-10
4.38753967456089,1.55424018458563e-10
4.39113013255971,1.37187097642041e-10
4.39472059055853,1.0449783073507e-10
4.39831104855736,1.57464030865439e-10
4.40190150655618,1.80531320442099e-10
4.405491964555,1.81469899299617e-10
4.40908242255382,1.77140835114419e-10
4.41267288055264,1.73084808942066e-10
4.41626333855147,1.71295099364017e-10
4.41985379655029,1.64276819479079e-10
4.42344425454911,2.01060779378157e-10
4.42703471254793,1.64467331220523e-10
4.43062517054676,1.45038836737439e-10
4.43421562854558,1.66248570223645e-10
4.4378060865444,1.93780269951029e-10
4.44139654454322,2.11599823566582e-10
4.44498700254205,1.35798031259023e-10
4.44857746054087,1.72251823137445e-10
4.45216791853969,2.02093936910918e-10
4.45575837653851,2.60312019709117e-10
4.45934883453733,3.82123826001527e-10
4.46293929253616,2.94800228787192e-10
4.46652975053498,2.7688104277918e-10
4.4701202085338,2.98325932994938e-10
4.47371066653262,2.4123846530587e-10
4.47730112453145,2.11224188232994e-10
4.48089158253027,1.26014320527975e-10
4.48448204052909,5.89669267386079e-11
4.48807249852791,2.16011345828352e-10
4.49166295652673,4.26149163339092e-10
4.49525341452556,3.6401019192984e-10
4.49884387252438,6.25469328188761e-10
4.5024343305232,5.26230529349511e-10
4.50602478852202,3.46269275976725e-10
4.50961524652085,2.51020804005981e-10
4.51320570451967,2.4129164655242e-10
4.51679616251849,2.4625969620419e-10
4.52038662051731,2.40263866791345e-10
4.52397707851614,2.43692577855117e-10
4.52756753651496,2.25096232056898e-10
4.53115799451378,2.03394838413274e-10
4.5347484525126,2.03238258345902e-10
4.53833891051143,2.05720327189225e-10
4.54192936851025,4.94070047162568e-10
4.54551982650907,3.47853020682896e-10
4.54911028450789,2.50027674763342e-10
4.55270074250671,2.76320209332708e-10
4.55629120050554,2.84299584938816e-10
4.55988165850436,2.64148858970078e-10
4.56347211650318,2.4116609765705e-10
4.567062574502,2.53993787631127e-10
4.57065303250083,2.73627037608424e-10
4.57424349049965,2.59458632263217e-10
4.57783394849847,3.5198632327157e-10
4.58142440649729,3.03264622471009e-10
4.58501486449612,3.94616868964395e-10
4.58860532249494,3.08694722988447e-10
4.59219578049376,3.40094533344095e-10
4.59578623849258,3.5147521220199e-10
4.59937669649141,3.92412048613274e-10
4.60296715449023,3.70099892816083e-10
4.60655761248905,4.26261406944149e-10
4.61014807048787,4.69361006861766e-10
4.61373852848669,4.92794801619759e-10
4.61732898648552,4.66047112992709e-10
4.62091944448434,4.01256943924651e-10
4.62450990248316,7.21369923874904e-10
4.62810036048198,5.93083154441378e-10
4.63169081848081,6.37195937228731e-10
4.63528127647963,7.04107375127771e-10
4.63887173447845,7.50515430060122e-10
4.64246219247727,8.48252187967325e-10
4.6460526504761,1.01577694987431e-09
4.64964310847492,1.16795487628273e-09
4.65323356647374,1.35729320776081e-09
4.65682402447256,2.00816617819006e-09
4.66041448247138,2.94101667785881e-09
4.66400494047021,6.88727939307519e-09
4.66759539846903,1.92755808262445e-08
4.67118585646785,3.84623060099183e-09
4.67477631446667,2.08600897461421e-09
4.6783667724655,1.42545359467437e-09
4.68195723046432,1.06468108395566e-09
4.68554768846314,8.59821027715113e-10
4.68913814646196,7.21902153371633e-10
4.69272860446079,6.21590005285352e-10
4.69631906245961,5.12429759292479e-10
4.69990952045843,3.64064578890148e-10
4.70349997845725,5.55019145511349e-10
4.70709043645607,4.62485606360689e-10
4.7106808944549,3.59984910063086e-10
4.71427135245372,2.21020042894189e-10
4.71786181045254,2.72094235785749e-10
4.72145226845136,3.06532844887173e-10
4.72504272645019,2.83975278813694e-10
4.72863318444901,2.96562544250653e-10
4.73222364244783,3.06297561045919e-10
4.73581410044665,2.76934970418836e-10
4.73940455844548,1.94079409363138e-10
4.7429950164443,8.10205829328035e-11
4.74658547444312,6.8839466811272e-11
4.75017593244194,2.9217909886428e-10
4.75376639044077,2.29061205051553e-10
4.75735684843959,1.29518564942383e-10
4.76094730643841,1.50263208677214e-10
4.76453776443723,1.35519631602561e-10
4.76812822243606,9.97111732429198e-11
4.77171868043488,1.0383984201279e-10
4.7753091384337,1.15172650232564e-10
4.77889959643252,1.23421932002752e-10
4.78249005443134,1.51971459835638e-10
4.78608051243017,2.69250378821938e-10
4.78967097042899,7.76209935973919e-10
4.79326142842781,2.21262083683072e-09
4.79685188642663,4.35528178064282e-10
4.80044234442546,8.49125414369206e-11
4.80403280242428,1.6307408418228e-12
4.8076232604231,4.01502478797495e-11
4.81121371842192,5.51134589375273e-11
4.81480417642075,7.26894574429856e-11
4.81839463441957,5.56921552954002e-11
4.82198509241839,1.58709134060552e-11
4.82557555041721,6.37732093878559e-11
4.82916600841603,1.2388784278415e-10
4.83275646641486,1.4745846318414e-10
4.83634692441368,1.56443494893427e-10
4.8399373824125,4.26608743653957e-11
4.84352784041132,1.17912799920536e-10
4.84711829841015,9.87303192104092e-11
4.85070875640897,7.87818954210011e-11
4.85429921440779,5.96877035642223e-11
4.85788967240661,5.55900784979489e-11
4.86148013040544,1.20076757901789e-10
4.86507058840426,1.4622588066652e-10
4.86866104640308,2.52493893889018e-10
4.8722515044019,5.25694804072341e-10
4.87584196240072,3.61441786209415e-10
4.87943242039955,9.1231226001145e-11
4.88302287839837,1.06191425516211e-10
4.88661333639719,7.02113430012391e-11
4.89020379439601,2.66691116535745e-11
4.89379425239484,5.4355201533882e-11
4.89738471039366,2.70052330826613e-11
4.90097516839248,2.28789938763132e-11
4.9045656263913,6.13582688269649e-11
4.90815608439013,3.98984597287757e-11
4.91174654238895,1.3217975844514e-10
4.91533700038777,7.2659942268416e-11
4.91892745838659,7.52761059444813e-11
4.92251791638541,2.956614347682e-11
4.92610837438424,6.94616888969942e-11
4.92969883238306,4.26813982070166e-11
4.93328929038188,7.58184004732325e-11
4.9368797483807,7.60785231180794e-11
4.94047020637953,4.95447751116757e-11
4.94406066437835,6.75625402338998e-11
4.94765112237717,4.95830869865017e-11
4.95124158037599,1.16927575818575e-10
4.95483203837482,2.13269050606966e-10
4.95842249637364,2.71729478035045e-10
4.96201295437246,3.43506100626563e-11
4.96560341237128,1.50312405279027e-10
4.96919387037011,1.30799480481864e-10
4.97278432836893,1.39940518895335e-10
4.97637478636775,2.07649056644525e-10
4.97996524436657,2.9553835601071e-10
4.98355570236539,3.9056970574683e-10
4.98714616036422,5.01595888798711e-10
4.99073661836304,8.65232142698599e-10
4.99432707636186,1.3700723764319e-09
4.99791753436068,3.59743825447916e-09
