freqs,specs
-2.99803242901665,2.80029810782848e-05
-2.99444197101782,2.85512056654004e-05
-2.990851513019,2.86896213068344e-05
-2.98726105502018,2.87642496294091e-05
-2.98367059702136,2.88174514406107e-05
-2.98008013902253,2.88607690818148e-05
-2.97648968102371,2.88992392644739e-05
-2.97289922302489,2.89342322856501e-05
-2.96930876502607,2.89675409851494e-05
-2.96571830702724,2.89990153697314e-05
-2.96212784902842,2.90290312309809e-05
-2.9585373910296,2.90589657134474e-05
-2.95494693303078,2.90873970614391e-05
-2.95135647503196,2.91051436070808e-05
-2.94776601703313,2.91492807948693e-05
-2.94417555903431,2.91765791293615e-05
-2.94058510103549,2.92046086698727e-05
-2.93699464303667,2.92324765167246e-05
-2.93340418503784,2.92602553304734e-05
-2.92981372703902,2.92884747877439e-05
-2.9262232690402,2.93158206440837e-05
-2.92263281104138,2.9344394315334e-05
-2.91904235304255,2.93707295745147e-05
-2.91545189504373,2.93986318391657e-05
-2.91186143704491,2.94263093082933e-05
-2.90827097904609,2.94535691885038e-05
-2.90468052104727,2.94803275370283e-05
-2.90109006304844,2.9516043860503e-05
-2.89749960504962,2.95375933793552e-05
-2.8939091470508,2.95650041641009e-05
-2.89031868905198,2.95927437300635e-05
-2.88672823105315,2.96205774242996e-05
-2.88313777305433,2.96484419892411e-05
-2.87954731505551,2.9676048552812e-05
-2.87595685705669,2.97036729855595e-05
-2.87236639905786,2.97322829655674e-05
-2.86877594105904,2.97593411996716e-05
-2.86518548306022,2.97875171371838e-05
-2.8615950250614,2.98154261544691e-05
-2.85800456706257,2.98433315080983e-05
-2.85441410906375,2.98713037336163e-05
-2.85082365106493,2.98992257833922e-05
-2.84723319306611,2.99271994103631e-05
-2.84364273506729,2.99560587445529e-05
-2.84005227706846,2.99835067535556e-05
-2.83646181906964,3.00116482835178e-05
-2.83287136107082,3.0040193029846e-05
-2.829280903072,3.00683277251154e-05
-2.82569044507317,3.00969692253888e-05
-2.82209998707435,3.01246592308155e-05
-2.81850952907553,3.01534503256853e-05
-2.81491907107671,3.01818593191329e-05
-2.81132861307788,3.02104386791939e-05
-2.80773815507906,3.02392290243622e-05
-2.80414769708024,3.02677399525575e-05
-2.80055723908142,3.02965196205853e-05
-2.7969667810826,3.03255780067484e-05
-2.79337632308377,3.0353058264342e-05
-2.78978586508495,3.03826032833443e-05
-2.78619540708613,3.04115420940488e-05
-2.78260494908731,3.04403793557079e-05
-2.77901449108848,3.04693460469413e-05
-2.77542403308966,3.04985609682758e-05
-2.77183357509084,3.05277147346659e-05
-2.76824311709202,3.05568576176789e-05
-2.76465265909319,3.05863226590708e-05
-2.76106220109437,3.0615330908651e-05
-2.75747174309555,3.06446574148607e-05
-2.75388128509673,3.06757643104875e-05
-2.7502908270979,3.07036025709776e-05
-2.74670036909908,3.07345949439084e-05
-2.74310991110026,3.07594798051613e-05
-2.73951945310144,3.07910291652434e-05
-2.73592899510262,3.08214116399635e-05
-2.73233853710379,3.08507945201857e-05
-2.72874807910497,3.088046933063e-05
-2.72515762110615,3.09106044319439e-05
-2.72156716310733,3.09401375845846e-05
-2.7179767051085,3.0970262725744e-05
-2.71438624710968,3.09991863463928e-05
-2.71079578911086,3.10299303272304e-05
-2.70720533111204,3.10596963541802e-05
-2.70361487311321,3.10896848866924e-05
-2.70002441511439,3.1120173054882e-05
-2.69643395711557,3.11500219388309e-05
-2.69284349911675,3.11807578707588e-05
-2.68925304111792,3.12107018552527e-05
-2.6856625831191,3.12422316089748e-05
-2.68207212512028,3.12721229899082e-05
-2.67848166712146,3.13031100431007e-05
-2.67489120912264,3.13334180495964e-05
-2.67130075112381,3.13643558016856e-05
-2.66771029312499,3.13982570370473e-05
-2.66411983512617,3.14233807919337e-05
-2.66052937712735,3.14551162030105e-05
-2.65693891912852,3.14861871358729e-05
-2.6533484611297,3.15171350678049e-05
-2.64975800313088,3.15482778261869e-05
-2.64616754513206,3.15790710131969e-05
-2.64257708713324,3.16102024072311e-05
-2.63898662913441,3.16412401695547e-05
-2.63539617113559,3.16731122782642e-05
-2.63180571313677,3.17041591462063e-05
-2.62821525513795,3.17358812446272e-05
-2.62462479713912,3.17671326649497e-05
-2.6210343391403,3.17983889153762e-05
-2.61744388114148,3.18290604265022e-05
-2.61385342314266,3.18616623613535e-05
-2.61026296514383,3.18932670995279e-05
-2.60667250714501,3.19250118251494e-05
-2.60308204914619,3.19569546724382e-05
-2.59949159114737,3.19890330831214e-05
-2.59590113314854,3.20203062499039e-05
-2.59231067514972,3.20524711065639e-05
-2.5887202171509,3.20855228204822e-05
-2.58512975915208,3.2116392339045e-05
-2.58153930115326,3.21484428416677e-05
-2.57794884315443,3.21809006068992e-05
-2.57435838515561,3.22133499383715e-05
-2.57076792715679,3.22455752980125e-05
-2.56717746915797,3.22778959339185e-05
-2.56358701115914,3.2310544675543e-05
-2.55999655316032,3.23430108426129e-05
-2.5564060951615,3.23756401646424e-05
-2.55281563716268,3.24079712036571e-05
-2.54922517916385,3.24403787044047e-05
-2.54563472116503,3.24736199729413e-05
-2.54204426316621,3.25058610235468e-05
-2.53845380516739,3.25383694251674e-05
-2.53486334716857,3.25717540770601e-05
-2.53127288916974,3.26046416807687e-05
-2.52768243117092,3.26377339382561e-05
-2.5240919731721,3.26709445255871e-05
-2.52050151517328,3.27036672096372e-05
-2.51691105717445,3.2737645040302e-05
-2.51332059917563,3.27703764717081e-05
-2.50973014117681,3.28035742410105e-05
-2.50613968317799,3.28359548455156e-05
-2.50254922517916,3.28683502764482e-05
-2.49895876718034,3.29012206572567e-05
-2.49536830918152,3.29285303213347e-05
-2.4917778511827,3.29357436387585e-05
-2.48818739318387,3.30507348797765e-05
-2.48459693518505,3.30568565341386e-05
-2.48100647718623,3.30861859331062e-05
-2.47741601918741,3.31169864395447e-05
-2.47382556118859,3.31496325404705e-05
-2.47023510318976,3.31841678877287e-05
-2.46664464519094,3.32174755410715e-05
-2.46305418719212,3.32518761341478e-05
-2.4594637291933,3.32840949364313e-05
-2.45587327119447,3.33192393930402e-05
-2.45228281319565,3.33533503385915e-05
-2.44869235519683,3.33880537029166e-05
-2.44510189719801,3.34224019244705e-05
-2.44151143919918,3.34538496497523e-05
-2.43792098120036,3.34938667418944e-05
-2.43433052320154,3.35281825217989e-05
-2.43074006520272,3.35638253233873e-05
-2.4271496072039,3.35983575616196e-05
-2.42355914920507,3.3633000730527e-05
-2.41996869120625,3.36693528932775e-05
-2.41637823320743,3.37037284715386e-05
-2.41278777520861,3.373955560014e-05
-2.40919731720978,3.37741195936187e-05
-2.40560685921096,3.38101617852854e-05
-2.40201640121214,3.38450372299601e-05
-2.39842594321332,3.388117640402e-05
-2.39483548521449,3.39167421102869e-05
-2.39124502721567,3.39520864725037e-05
-2.38765456921685,3.39884834653741e-05
-2.38406411121803,3.40244097252021e-05
-2.38047365321921,3.40607061187567e-05
-2.37688319522038,3.40968036250045e-05
-2.37329273722156,3.41326319052776e-05
-2.36970227922274,3.41693304073845e-05
-2.36611182122392,3.4205860333941e-05
-2.36252136322509,3.42412100472512e-05
-2.35893090522627,3.42788334622432e-05
-2.35534044722745,3.43153396193147e-05
-2.35174998922863,3.43516102780398e-05
-2.3481595312298,3.438822189049e-05
-2.34456907323098,3.44241611238778e-05
-2.34097861523216,3.44613394436078e-05
-2.33738815723334,3.44965130486135e-05
-2.33379769923451,3.45055573013517e-05
-2.33020724123569,3.4579261264554e-05
-2.32661678323687,3.46141045211755e-05
-2.32302632523805,3.46498989098453e-05
-2.31943586723923,3.4687529121745e-05
-2.3158454092404,3.47248276732233e-05
-2.31225495124158,3.47623981328613e-05
-2.30866449324276,3.48003524266715e-05
-2.30507403524394,3.48380489484909e-05
-2.30148357724511,3.48752809641583e-05
-2.29789311924629,3.49131667485678e-05
-2.29430266124747,3.49515111239199e-05
-2.29071220324865,3.49893114466991e-05
-2.28712174524982,3.50277694233959e-05
-2.283531287251,3.50664876230268e-05
-2.27994082925218,3.51043640983542e-05
-2.27635037125336,3.5141835750949e-05
-2.27275991325454,3.51816892176025e-05
-2.26916945525571,3.52202912616903e-05
-2.26557899725689,3.52583931969036e-05
-2.26198853925807,3.52979908234793e-05
-2.25839808125925,3.53366423227049e-05
-2.25480762326042,3.5375553912202e-05
-2.2512171652616,3.54146849692377e-05
-2.24762670726278,3.54541669850844e-05
-2.24403624926396,3.54943774648457e-05
-2.24044579126513,3.55319659422548e-05
-2.23685533326631,3.55705474635343e-05
-2.23326487526749,3.56111911551172e-05
-2.22967441726867,3.56499513432585e-05
-2.22608395926984,3.56884020364429e-05
-2.22249350127102,3.57299006735526e-05
-2.2189030432722,3.57697393760783e-05
-2.21531258527338,3.58095647407191e-05
-2.21172212727456,3.58500263159365e-05
-2.20813166927573,3.58912743143977e-05
-2.20454121127691,3.59268539748478e-05
-2.20095075327809,3.59693934633117e-05
-2.19736029527927,3.60101825566215e-05
-2.19376983728044,3.60507738180313e-05
-2.19017937928162,3.60916368510688e-05
-2.1865889212828,3.61322025810303e-05
-2.18299846328398,3.61735000673122e-05
-2.17940800528515,3.62153953095778e-05
-2.17581754728633,3.62479711082413e-05
-2.17222708928751,3.62938925114568e-05
-2.16863663128869,3.6336234862502e-05
-2.16504617328986,3.63765309289061e-05
-2.16145571529104,3.6418096213165e-05
-2.15786525729222,3.6458729515499e-05
-2.1542747992934,3.65013269744294e-05
-2.15068434129458,3.65427481885851e-05
-2.14709388329575,3.65839476542501e-05
-2.14350342529693,3.66259014903238e-05
-2.13991296729811,3.66673945082754e-05
-2.13632250929929,3.6709128340239e-05
-2.13273205130046,3.67491516139031e-05
-2.12914159330164,3.67842665291391e-05
-2.12555113530282,3.6845829417951e-05
-2.121960677304,3.68830875442857e-05
-2.11837021930517,3.69240318578317e-05
-2.11477976130635,3.69663016632224e-05
-2.11118930330753,3.70087139544211e-05
-2.10759884530871,3.70498242730171e-05
-2.10400838730989,3.70937045498838e-05
-2.10041792931106,3.71361248825035e-05
-2.09682747131224,3.7179742778887e-05
-2.09323701331342,3.72222241925158e-05
-2.0896465553146,3.72654085361719e-05
-2.08605609731577,3.73080387969098e-05
-2.08246563931695,3.73502164487099e-05
-2.07887518131813,3.73751053732439e-05
-2.07528472331931,3.7444357237305e-05
-2.07169426532048,3.74861924533491e-05
-2.06810380732166,3.75295461441487e-05
-2.06451334932284,3.75729633368691e-05
-2.06092289132402,3.76165562537175e-05
-2.05733243332519,3.76611942594459e-05
-2.05374197532637,3.77053322853644e-05
-2.05015151732755,3.77496109195729e-05
-2.04656105932873,3.77940840502415e-05
-2.04297060132991,3.78384299872166e-05
-2.03938014333108,3.78830688280133e-05
-2.03578968533226,3.7928929378352e-05
-2.03219922733344,3.79748293019655e-05
-2.02860876933462,3.80079718884388e-05
-2.02501831133579,3.80619807471572e-05
-2.02142785333697,3.81076093210601e-05
-2.01783739533815,3.81535364122342e-05
-2.01424693733933,3.81990090413437e-05
-2.01065647934051,3.82440857699429e-05
-2.00706602134168,3.82901640430081e-05
-2.00347556334286,3.83358778062875e-05
-1.99988510534404,3.83835102374744e-05
-1.99629464734522,3.84279046787518e-05
-1.99270418934639,3.84735768451133e-05
-1.98911373134757,3.8520340086066e-05
-1.98552327334875,3.85668842678931e-05
-1.98193281534993,3.86140413536315e-05
-1.9783423573511,3.86585215363992e-05
-1.97475189935228,3.87060767960443e-05
-1.97116144135346,3.87526463503781e-05
-1.96757098335464,3.87998812994658e-05
-1.96398052535581,3.88463005295172e-05
-1.96039006735699,3.88946349699847e-05
-1.95679960935817,3.8941374248942e-05
-1.95320915135935,3.89888928010328e-05
-1.94961869336053,3.90364923051252e-05
-1.9460282353617,3.90842161884715e-05
-1.94243777736288,3.91316467448289e-05
-1.93884731936406,3.91791705178121e-05
-1.93525686136524,3.92273194533022e-05
-1.93166640336641,3.92752424648417e-05
-1.92807594536759,3.93240619991604e-05
-1.92448548736877,3.93722200067531e-05
-1.92089502936995,3.94214924903127e-05
-1.91730457137112,3.94694386455465e-05
-1.9137141133723,3.95179036685562e-05
-1.91012365537348,3.95668419597518e-05
-1.90653319737466,3.96158902437047e-05
-1.90294273937583,3.96652028359451e-05
-1.89935228137701,3.97145138946906e-05
-1.89576182337819,3.97636994726948e-05
-1.89217136537937,3.98120261131609e-05
-1.88858090738055,3.98624787050695e-05
-1.88499044938172,3.9912069914432e-05
-1.8813999913829,3.99624470101853e-05
-1.87780953338408,4.00120793519327e-05
-1.87421907538526,4.00614014850347e-05
-1.87062861738643,4.01125952662683e-05
-1.86703815938761,4.01625058019942e-05
-1.86344770138879,4.02147647261194e-05
-1.85985724338997,4.02638081132705e-05
-1.85626678539114,4.03145130236176e-05
-1.85267632739232,4.0365933694197e-05
-1.8490858693935,4.04166194543352e-05
-1.84549541139468,4.04679240379339e-05
-1.84190495339586,4.05180362411148e-05
-1.83831449539703,4.05699730035223e-05
-1.83472403739821,4.06215760178356e-05
-1.83113357939939,4.06717251404998e-05
-1.82754312140057,4.07247372369022e-05
-1.82395266340174,4.07750873979684e-05
-1.82036220540292,4.08297336573277e-05
-1.8167717474041,4.08820642505127e-05
-1.81318128940528,4.09329697553682e-05
-1.80959083140645,4.09865881704645e-05
-1.80600037340763,4.10390752798987e-05
-1.80240991540881,4.10918739724423e-05
-1.79881945740999,4.11448539625407e-05
-1.79522899941117,4.11983126352295e-05
-1.79163854141234,4.12508257736281e-05
-1.78804808341352,4.13043735929059e-05
-1.7844576254147,4.13575420809169e-05
-1.78086716741588,4.1411769211492e-05
-1.77727670941705,4.14658310577807e-05
-1.77368625141823,4.15195102165927e-05
-1.77009579341941,4.15736198352908e-05
-1.76650533542059,4.16263688216386e-05
-1.76291487742176,4.16837890378192e-05
-1.75932441942294,4.17372973558639e-05
-1.75573396142412,4.1791412599184e-05
-1.7521435034253,4.18472404378618e-05
-1.74855304542647,4.19023709244296e-05
-1.74496258742765,4.1956622630188e-05
-1.74137212942883,4.20130173800417e-05
-1.73778167143001,4.20689781371635e-05
-1.73419121343119,4.21253018107907e-05
-1.73060075543236,4.21813056193427e-05
-1.72701029743354,4.22378826873261e-05
-1.72341983943472,4.22943830286683e-05
-1.7198293814359,4.23516166445986e-05
-1.71623892343707,4.24079395389457e-05
-1.71264846543825,4.2466805658456e-05
-1.70905800743943,4.25249718858262e-05
-1.70546754944061,4.25832252057668e-05
-1.70187709144178,4.26424371543225e-05
-1.69828663344296,4.27024607727141e-05
-1.69469617544414,4.27641162821798e-05
-1.69110571744532,4.28262254011049e-05
-1.6875152594465,4.28900123352064e-05
-1.68392480144767,4.29581207024755e-05
-1.68033434344885,4.30312294250949e-05
-1.67674388545003,4.31153815292176e-05
-1.67315342745121,4.3229606911354e-05
-1.66956296945238,4.3483879116642e-05
-1.66597251145356,4.17068950607251e-05
-1.66238205345474,4.30050530506165e-05
-1.65879159545592,4.3172499514272e-05
-1.65520113745709,4.32713870985562e-05
-1.65161067945827,4.33512016562934e-05
-1.64802022145945,4.3422025856989e-05
-1.64442976346063,4.34915743239872e-05
-1.6408393054618,4.3555776686183e-05
-1.63724884746298,4.36202609159362e-05
-1.63365838946416,4.36797923238061e-05
-1.63006793146534,4.37400134601748e-05
-1.62647747346652,4.37992035021941e-05
-1.62288701546769,4.38481743035512e-05
-1.61929655746887,4.38509688843148e-05
-1.61570609947005,4.40949219207546e-05
-1.61211564147123,4.40939552271538e-05
-1.6085251834724,4.41439467314804e-05
-1.60493472547358,4.41998512418703e-05
-1.60134426747476,4.42585283270897e-05
-1.59775380947594,4.43214277318899e-05
-1.59416335147711,4.43806087430232e-05
-1.59057289347829,4.44427369854792e-05
-1.58698243547947,4.45022458148944e-05
-1.58339197748065,4.45655763624242e-05
-1.57980151948183,4.46278510510941e-05
-1.576211061483,4.46895143407054e-05
-1.57262060348418,4.47524384305839e-05
-1.56903014548536,4.4820045763993e-05
-1.56543968748654,4.48767185681941e-05
-1.56184922948771,4.49406079799918e-05
-1.55825877148889,4.50061489623049e-05
-1.55466831349007,4.50690115812602e-05
-1.55107785549125,4.51327898017833e-05
-1.54748739749242,4.51962960826686e-05
-1.5438969394936,4.52604950357902e-05
-1.54030648149478,4.53254807713198e-05
-1.53671602349596,4.53886267737175e-05
-1.53312556549713,4.54531732119946e-05
-1.52953510749831,4.55175831325653e-05
-1.52594464949949,4.55837967693541e-05
-1.52235419150067,4.56487709898431e-05
-1.51876373350185,4.57112982073188e-05
-1.51517327550302,4.57792773951201e-05
-1.5115828175042,4.58454312902986e-05
-1.50799235950538,4.59103224631539e-05
-1.50440190150656,4.59762489513849e-05
-1.50081144350773,4.60434256046996e-05
-1.49722098550891,4.61092587834907e-05
-1.49363052751009,4.61759239343613e-05
-1.49004006951127,4.62415937845758e-05
-1.48644961151244,4.63100111718894e-05
-1.48285915351362,4.63767569180891e-05
-1.4792686955148,4.64449429350936e-05
-1.47567823751598,4.65122792519016e-05
-1.47208777951716,4.65792796702298e-05
-1.46849732151833,4.66484376654864e-05
-1.46490686351951,4.67159130190081e-05
-1.46131640552069,4.67830299062616e-05
-1.45772594752187,4.68531917420114e-05
-1.45413548952304,4.69220479272267e-05
-1.45054503152422,4.69908325750533e-05
-1.4469545735254,4.70600345331135e-05
-1.44336411552658,4.71292521906808e-05
-1.43977365752775,4.71989325468293e-05
-1.43618319952893,4.72689081864957e-05
-1.43259274153011,4.73391958972894e-05
-1.42900228353129,4.7408077989901e-05
-1.42541182553247,4.74791281666668e-05
-1.42182136753364,4.75501686089341e-05
-1.41823090953482,4.76201583273797e-05
-1.414640451536,4.76910977667882e-05
-1.41104999353718,4.77646721192797e-05
-1.40745953553835,4.78346313466477e-05
-1.40386907753953,4.79051763844984e-05
-1.40027861954071,4.79783447388233e-05
-1.39668816154189,4.80493180291042e-05
-1.39309770354306,4.81217026272728e-05
-1.38950724554424,4.81941541075318e-05
-1.38591678754542,4.82667725054046e-05
-1.3823263295466,4.83400176996831e-05
-1.37873587154777,4.84130401406498e-05
-1.37514541354895,4.84860292061455e-05
-1.37155495555013,4.85616918212238e-05
-1.36796449755131,4.86316997447362e-05
-1.36437403955249,4.87025800512587e-05
-1.36078358155366,4.87843379316059e-05
-1.35719312355484,4.88539960349458e-05
-1.35360266555602,4.89317833982049e-05
-1.3500122075572,4.9001189953343e-05
-1.34642174955837,4.90747522187662e-05
-1.34283129155955,4.91471386028045e-05
-1.33924083356073,4.9214988402957e-05
-1.33565037556191,4.92583310847394e-05
-1.33205991756308,4.94866277723327e-05
-1.32846945956426,4.94905906793739e-05
-1.32487900156544,4.95559115874825e-05
-1.32128854356662,4.96281561468753e-05
-1.3176980855678,4.97036221092254e-05
-1.31410762756897,4.97799302508199e-05
-1.31051716957015,4.98556537144508e-05
-1.30692671157133,4.99339685495514e-05
-1.30333625357251,5.000931059932e-05
-1.29974579557368,5.00887741661169e-05
-1.29615533757486,5.0167896906044e-05
-1.29256487957604,5.02456584232419e-05
-1.28897442157722,5.03250549389647e-05
-1.28538396357839,5.04035671029451e-05
-1.28179350557957,5.04834757539103e-05
-1.27820304758075,5.05631501799662e-05
-1.27461258958193,5.06439394073557e-05
-1.2710221315831,5.07238769565517e-05
-1.26743167358428,5.08050958304475e-05
-1.26384121558546,5.08842466628725e-05
-1.26025075758664,5.09668783956944e-05
-1.25666029958782,5.10486137914317e-05
-1.25306984158899,5.11293367560816e-05
-1.24947938359017,5.12119197630774e-05
-1.24588892559135,5.12933244260731e-05
-1.24229846759253,5.13766970546128e-05
-1.2387080095937,5.14605515171587e-05
-1.23511755159488,5.15447666453103e-05
-1.23152709359606,5.16280438617766e-05
-1.22793663559724,5.17126657865723e-05
-1.22434617759841,5.17958534983828e-05
-1.22075571959959,5.18836817569551e-05
-1.21716526160077,5.1972075271051e-05
-1.21357480360195,5.20611692682608e-05
-1.20998434560313,5.21637396067351e-05
-1.2063938876043,5.24794636712724e-05
-1.20280342960548,5.22470341985792e-05
-1.19921297160666,5.23591913791081e-05
-1.19562251360784,5.24512151110112e-05
-1.19203205560901,5.25425446034891e-05
-1.18844159761019,5.26321991042037e-05
-1.18485113961137,5.27185653408145e-05
-1.18126068161255,5.28088540457856e-05
-1.17767022361372,5.28944674805087e-05
-1.1740797656149,5.2985832318125e-05
-1.17048930761608,5.30744675576475e-05
-1.16689884961726,5.31631454019828e-05
-1.16330839161844,5.32528152351417e-05
-1.15971793361961,5.33449980200702e-05
-1.15612747562079,5.34014456044303e-05
-1.15253701762197,5.35162275834622e-05
-1.14894655962315,5.36069264795335e-05
-1.14535610162432,5.36980031467218e-05
-1.1417656436255,5.37879201019431e-05
-1.13817518562668,5.38781283951422e-05
-1.13458472762786,5.39701369580368e-05
-1.13099426962903,5.40617687863634e-05
-1.12740381163021,5.41545833261954e-05
-1.12381335363139,5.4244673086637e-05
-1.12022289563257,5.43365743397157e-05
-1.11663243763374,5.44285739419999e-05
-1.11304197963492,5.4521213573577e-05
-1.1094515216361,5.46110896241399e-05
-1.10586106363728,5.47150094553492e-05
-1.10227060563846,5.48050256360639e-05
-1.09868014763963,5.48963977136913e-05
-1.09508968964081,5.49921817775632e-05
-1.09149923164199,5.50869464562167e-05
-1.08790877364317,5.51807772709684e-05
-1.08431831564434,5.52748345663687e-05
-1.08072785764552,5.53688350637414e-05
-1.0771373996467,5.54685702608981e-05
-1.07354694164788,5.55618283550283e-05
-1.06995648364905,5.56568355784754e-05
-1.06636602565023,5.57559077357177e-05
-1.06277556765141,5.58501502000075e-05
-1.05918510965259,5.59451829834294e-05
-1.05559465165377,5.60453540476773e-05
-1.05200419365494,5.61406756577628e-05
-1.04841373565612,5.62393262691019e-05
-1.0448232776573,5.633615427728e-05
-1.04123281965848,5.64331028827343e-05
-1.03764236165965,5.65295525477857e-05
-1.03405190366083,5.66261464429273e-05
-1.03046144566201,5.67222217644006e-05
-1.02687098766319,5.68132854380836e-05
-1.02328052966436,5.69066580190672e-05
-1.01969007166554,5.69998494671264e-05
-1.01609961366672,5.70837152683322e-05
-1.0125091556679,5.71598851850426e-05
-1.00891869766907,5.72106117567205e-05
-1.00532823967025,5.72016003914955e-05
-1.00173778167143,5.67078218823758e-05
-0.998147323672608,5.85356821477312e-05
-0.994556865673785,5.80821870530164e-05
-0.990966407674963,5.80446202020769e-05
-0.987375949676141,5.81263126078839e-05
-0.983785491677318,5.82077978965475e-05
-0.980195033678496,5.82888597033429e-05
-0.976604575679674,5.8393872212767e-05
-0.973014117680852,5.8491468712431e-05
-0.969423659682029,5.85994942639304e-05
-0.965833201683207,5.86977782340034e-05
-0.962242743684384,5.88038370753437e-05
-0.958652285685562,5.89102586441052e-05
-0.95506182768674,5.90134342058655e-05
-0.951471369687917,5.91212619966583e-05
-0.947880911689095,5.92304480322482e-05
-0.944290453690273,5.93425937241002e-05
-0.940699995691451,5.94399147064891e-05
-0.937109537692628,5.95553233571996e-05
-0.933519079693806,5.96632973363833e-05
-0.929928621694984,5.9777677509265e-05
-0.926338163696161,5.98892946120135e-05
-0.922747705697339,6.00048634844814e-05
-0.919157247698516,6.01123669870307e-05
-0.915566789699694,6.02270678445374e-05
-0.911976331700872,6.03415317120333e-05
-0.90838587370205,6.04562579831802e-05
-0.904795415703227,6.05703379122035e-05
-0.901204957704405,6.0683242124804e-05
-0.897614499705583,6.08023878552266e-05
-0.89402404170676,6.09207468640296e-05
-0.890433583707938,6.10324790495547e-05
-0.886843125709115,6.11523056559046e-05
-0.883252667710293,6.12689658826043e-05
-0.879662209711471,6.13862819417286e-05
-0.876071751712649,6.15065673635044e-05
-0.872481293713826,6.16543382016411e-05
-0.868890835715004,6.17459698894866e-05
-0.865300377716182,6.18669829573493e-05
-0.861709919717359,6.19868057775201e-05
-0.858119461718537,6.21071617012713e-05
-0.854529003719715,6.22285614882029e-05
-0.850938545720892,6.23586597897677e-05
-0.84734808772207,6.24771918208146e-05
-0.843757629723248,6.25669585149492e-05
-0.840167171724425,6.27341445842364e-05
-0.836576713725603,6.28586979927578e-05
-0.832986255726781,6.29789618758289e-05
-0.829395797727958,6.31044084832943e-05
-0.825805339729136,6.32333919647144e-05
-0.822214881730314,6.33633337697422e-05
-0.818624423731491,6.34905336345331e-05
-0.815033965732669,6.36195821300928e-05
-0.811443507733847,6.37529219231016e-05
-0.807853049735024,6.38846062760601e-05
-0.804262591736202,6.40222881371294e-05
-0.80067213373738,6.41539992726655e-05
-0.797081675738557,6.4297523248352e-05
-0.793491217739735,6.43748894352633e-05
-0.789900759740913,6.45523825800223e-05
-0.78631030174209,6.47023572794134e-05
-0.782719843743268,6.48406100379172e-05
-0.779129385744446,6.49855629974161e-05
-0.775538927745623,6.51444421500815e-05
-0.771948469746801,6.52745886863321e-05
-0.768358011747979,6.54464938400263e-05
-0.764767553749156,6.55843764636438e-05
-0.761177095750334,6.58149745398594e-05
-0.757586637751512,6.60270780311081e-05
-0.753996179752689,6.62728301795353e-05
-0.750405721753867,6.67998615745435e-05
-0.746815263755045,6.87100566626846e-05
-0.743224805756222,6.33760059649216e-05
-0.7396343477574,6.54077686937869e-05
-0.736043889758578,6.58889494575483e-05
-0.732453431759755,6.62199688498463e-05
-0.728862973760933,6.64520335304131e-05
-0.725272515762111,6.66139707530762e-05
-0.721682057763288,6.6816101537471e-05
-0.718091599764466,6.69747015905677e-05
-0.714501141765644,6.71795650494529e-05
-0.710910683766821,6.73182562783852e-05
-0.707320225767999,6.74744165307169e-05
-0.703729767769177,6.76366051894467e-05
-0.700139309770354,6.77884578416134e-05
-0.696548851771532,6.79346505499886e-05
-0.69295839377271,6.80919147872462e-05
-0.689367935773887,6.82430216126389e-05
-0.685777477775065,6.83864308819893e-05
-0.682187019776243,6.854314096436e-05
-0.67859656177742,6.87062920865773e-05
-0.675006103778598,6.88552107692617e-05
-0.671415645779776,6.9025185486765e-05
-0.667825187780953,6.92579763288186e-05
-0.664234729782131,6.92545495118757e-05
-0.660644271783309,6.94395050367872e-05
-0.657053813784486,6.9609191990593e-05
-0.653463355785664,6.97616995981895e-05
-0.649872897786842,6.99203776503295e-05
-0.646282439788019,7.00937373965246e-05
-0.642691981789197,7.02410516195286e-05
-0.639101523790375,7.04025404918138e-05
-0.635511065791552,7.05508751712785e-05
-0.63192060779273,7.0712932592457e-05
-0.628330149793908,7.08747158375915e-05
-0.624739691795085,7.10331813787619e-05
-0.621149233796263,7.11932280202977e-05
-0.617558775797441,7.13785024593008e-05
-0.613968317798618,7.15163121391294e-05
-0.610377859799796,7.16783919577845e-05
-0.606787401800974,7.18462339903378e-05
-0.603196943802151,7.2012852806887e-05
-0.599606485803329,7.21883370092516e-05
-0.596016027804507,7.23355640494037e-05
-0.592425569805685,7.25136767497411e-05
-0.588835111806862,7.26799587980957e-05
-0.58524465380804,7.28480461869799e-05
-0.581654195809218,7.30135662283727e-05
-0.578063737810395,7.31920159712634e-05
-0.574473279811573,7.33580881295552e-05
-0.57088282181275,7.35257350153158e-05
-0.567292363813928,7.37059157557312e-05
-0.563701905815106,7.38710444571705e-05
-0.560111447816284,7.40428414432385e-05
-0.556520989817461,7.42287737789176e-05
-0.552930531818639,7.44003111062276e-05
-0.549340073819817,7.45630587709191e-05
-0.545749615820994,7.47584700109309e-05
-0.542159157822172,7.49294852596221e-05
-0.53856869982335,7.51177445480434e-05
-0.534978241824527,7.52895005937249e-05
-0.531387783825705,7.54712738003876e-05
-0.527797325826883,7.56530878665658e-05
-0.52420686782806,7.58341898664724e-05
-0.520616409829238,7.60225788679167e-05
-0.517025951830416,7.62022059179348e-05
-0.513435493831593,7.63859937845871e-05
-0.509845035832771,7.65642264004856e-05
-0.506254577833949,7.67569091375614e-05
-0.502664119835126,7.69398158298484e-05
-0.499073661836304,7.70930670385812e-05
-0.495483203837482,7.73443559631595e-05
-0.491892745838659,7.75800801729124e-05
-0.488302287839837,7.76756321804649e-05
-0.484711829841015,7.79153923888574e-05
-0.481121371842192,7.8119865780962e-05
-0.47753091384337,7.83047545553479e-05
-0.473940455844548,7.85031564196108e-05
-0.470349997845725,7.86984522255949e-05
-0.466759539846903,7.89021625140174e-05
-0.463169081848081,7.9112181027853e-05
-0.459578623849258,7.92900964142938e-05
-0.455988165850436,7.95023987234416e-05
-0.452397707851614,7.97115819584607e-05
-0.448807249852791,7.9911465316905e-05
-0.445216791853969,8.01216748759778e-05
-0.441626333855147,8.03281883217371e-05
-0.438035875856324,8.05433745246617e-05
-0.434445417857502,8.0744377855425e-05
-0.43085495985868,8.10126422001924e-05
-0.427264501859857,8.11908898917316e-05
-0.423674043861035,8.13878746267005e-05
-0.420083585862213,8.16389573462188e-05
-0.41649312786339,8.18557253846178e-05
-0.412902669864568,8.2056436499707e-05
-0.409312211865746,8.23165379900859e-05
-0.405721753866923,8.25363314762211e-05
-0.402131295868101,8.27771475504044e-05
-0.398540837869279,8.29919213577496e-05
-0.394950379870456,8.32326432161884e-05
-0.391359921871634,8.35010225839104e-05
-0.387769463872812,8.37275530431445e-05
-0.384179005873989,8.39801722437379e-05
-0.380588547875167,8.42371012491837e-05
-0.376998089876345,8.45008125513185e-05
-0.373407631877522,8.47778725287739e-05
-0.3698171738787,8.50566156474545e-05
-0.366226715879878,8.53585987845757e-05
-0.362636257881055,8.56767321802064e-05
-0.359045799882233,8.60158391740275e-05
-0.355455341883411,8.63954393003941e-05
-0.351864883884588,8.68795884964976e-05
-0.348274425885766,8.74142659752986e-05
-0.344683967886944,8.81581084529794e-05
-0.341093509888121,8.94299848563025e-05
-0.337503051889299,9.23943818404517e-05
-0.333912593890477,0.000130572066004912
-0.330322135891654,7.8913252002755e-05
-0.326731677892832,8.34898872215283e-05
-0.32314121989401,8.50098301842032e-05
-0.319550761895187,8.58817365887872e-05
-0.315960303896365,8.65032017497728e-05
-0.312369845897543,8.69888779482621e-05
-0.30877938789872,8.7382857982595e-05
-0.305188929899898,8.77464237338857e-05
-0.301598471901076,8.81154054301295e-05
-0.298008013902253,8.84433081153213e-05
-0.294417555903431,8.87598284079352e-05
-0.290827097904609,8.89840958504813e-05
-0.287236639905786,8.91110485803437e-05
-0.283646181906964,9.13138544200757e-05
-0.280055723908142,9.01506193812241e-05
-0.276465265909319,9.03602899800897e-05
-0.272874807910497,9.06119999158312e-05
-0.269284349911675,9.08785446920554e-05
-0.265693891912852,9.12125246565896e-05
-0.26210343391403,9.14403870584112e-05
-0.258512975915208,9.17306854629699e-05
-0.254922517916385,9.20457497549053e-05
-0.251332059917563,9.22906936576669e-05
-0.247741601918741,9.25826678866842e-05
-0.244151143919918,9.28891021838584e-05
-0.240560685921096,9.314793355835e-05
-0.236970227922274,9.34003046231116e-05
-0.233379769923451,9.38126161744822e-05
-0.229789311924629,9.40465922613467e-05
-0.226198853925807,9.44110429407678e-05
-0.222608395926984,9.45987393046608e-05
-0.219017937928162,9.49368408870347e-05
-0.21542747992934,9.51759423959015e-05
-0.211837021930517,9.54753042712341e-05
-0.208246563931695,9.56740468142962e-05
-0.204656105932873,9.63733338914418e-05
-0.20106564793405,9.64274720291683e-05
-0.197475189935228,9.66777814429859e-05
-0.193884731936406,9.71209604428418e-05
-0.190294273937583,9.73449855948499e-05
-0.186703815938761,9.75373423769644e-05
-0.183113357939939,9.80728899320528e-05
-0.179522899941117,9.83763846305629e-05
-0.175932441942294,9.83774715549605e-05
-0.172341983943472,9.88463826930743e-05
-0.16875152594465,9.92726126025108e-05
-0.165161067945827,9.96035640191946e-05
-0.161570609947005,9.98837363958618e-05
-0.157980151948183,0.000100372007071597
-0.15438969394936,0.000100155341012082
-0.150799235950538,0.000100432726732966
-0.147208777951716,0.000101059805772946
-0.143618319952893,0.000101157602857372
-0.140027861954071,0.000101411177322708
-0.136437403955249,0.000101197332509504
-0.132846945956426,0.000101403248368601
-0.129256487957604,9.82566922993264e-05
-0.125666029958782,0.00011084745820678
-0.122075571959959,0.000105416172471773
-0.118485113961137,0.000101068495723311
-0.114894655962315,0.000104275423684024
-0.111304197963492,0.000104762435018176
-0.10771373996467,0.000104094188386836
-0.104123281965848,0.0001056287416987
-0.100532823967025,0.000105858972517454
-0.0969423659682029,0.000107062115951767
-0.0933519079693806,0.000106938630417062
-0.0897614499705583,0.000107345972483059
-0.0861709919717359,0.000108085297169359
-0.0825805339729136,0.000107985701056795
-0.0789900759740913,0.00010765541412036
-0.0753996179752689,0.000109265222314242
-0.0718091599764466,0.000109902842827647
-0.0682187019776243,0.000108883734088993
-0.0646282439788019,0.000110048078905939
-0.0610377859799796,0.000110450256582646
-0.0574473279811573,0.000110791084825052
-0.053856869982335,0.000111273416744888
-0.0502664119835126,0.000112029759985259
-0.0466759539846903,0.000111988603000948
-0.043085495985868,0.000112554413470179
-0.0394950379870456,0.000113128075603109
-0.0359045799882233,0.000113492947691869
-0.032314121989401,0.000114011347655929
-0.0287236639905786,0.000114164055651489
-0.0251332059917563,0.00011488943812511
-0.021542747992934,0.000115242320775538
-0.0179522899941117,0.000115968232472375
-0.0143618319952893,0.000116348804828862
-0.010771373996467,0.000116757662577497
-0.00718091599764466,0.000117155544312738
-0.00359045799882233,0.000117655631678707
0,0.00012179141732743
0.00359045799882233,0.000118762980738725
0.00718091599764466,0.000119365345506119
0.010771373996467,0.00012001872194885
0.0143618319952893,0.000120455992648667
0.0179522899941117,0.000121099272688949
0.021542747992934,0.000121577561163585
0.0251332059917563,0.000122189537923672
0.0287236639905786,0.000123197400598983
0.032314121989401,0.000123437532310949
0.0359045799882233,0.000124220197525248
0.0394950379870456,0.000124801620456905
0.043085495985868,0.000125353229003621
0.0466759539846903,0.000126121428870983
0.0502664119835126,0.000127274536112575
0.053856869982335,0.000127840176394689
0.0574473279811573,0.000128528038590647
0.0610377859799796,0.000129507434097502
0.0646282439788019,0.000130406733178509
0.0682187019776243,0.000131490353889429
0.0718091599764466,0.000132647495949502
0.0753996179752689,0.000134161769583896
0.0789900759740913,0.000132317726612137
0.0825805339729136,0.000135694809322785
0.0861709919717359,0.000137768813449711
0.0897614499705583,0.00013912861197203
0.0933519079693806,0.000141073131780425
0.0969423659682029,0.000143896884664225
0.100532823967025,0.000145359890851441
0.104123281965848,0.000149431473971404
0.10771373996467,0.000151854549326353
0.111304197963492,0.000160868087198078
0.114894655962315,0.000169819673502443
0.118485113961137,0.000184260341524705
0.122075571959959,0.000224318800803728
0.125666029958782,0.000410934025778527
0.129256487957604,0.000167076169976337
0.132846945956426,3.47921594877906e-05
0.136437403955249,7.26350174703923e-05
0.140027861954071,9.14317103073903e-05
0.143618319952893,0.000101363675953174
0.147208777951716,0.00010632605752777
0.150799235950538,0.00011198887015208
0.15438969394936,0.000114974547057294
0.157980151948183,0.000119862809857588
0.161570609947005,0.000121181190313108
0.165161067945827,0.000123126750880042
0.16875152594465,0.000125132375788323
0.172341983943472,0.000126569014126456
0.175932441942294,0.000126408667057636
0.179522899941117,0.000129928351070342
0.183113357939939,0.000130796790292589
0.186703815938761,0.000131488779108693
0.190294273937583,0.000132705385237067
0.193884731936406,0.000133923557542592
0.197475189935228,0.000134841673772154
0.20106564793405,0.000135815988855485
0.204656105932873,0.000136652532530626
0.208246563931695,0.00013788089322786
0.211837021930517,0.000138768905313499
0.21542747992934,0.000139815541561228
0.219017937928162,0.000140586473213591
0.222608395926984,0.000141448617802275
0.226198853925807,0.000142940763633958
0.229789311924629,0.000143373606455673
0.233379769923451,0.000144373230915251
0.236970227922274,0.000144747077942343
0.240560685921096,0.000145746632783997
0.244151143919918,0.0001465106193968
0.247741601918741,0.000147467684298559
0.251332059917563,0.000148317188768174
0.254922517916385,0.000149120527535843
0.258512975915208,0.000150016132765417
0.26210343391403,0.000150800284974485
0.265693891912852,0.000151826440152909
0.269284349911675,0.000152584649474629
0.272874807910497,0.0001534587624588
0.276465265909319,0.00015442189683547
0.280055723908142,0.000155222827656836
0.283646181906964,0.000155914677313773
0.287236639905786,0.0001569795467532
0.290827097904609,0.000157839106279651
0.294417555903431,0.000158794840744469
0.298008013902253,0.00015967003235868
0.301598471901076,0.000160545240840858
0.305188929899898,0.000161448444449325
0.30877938789872,0.000162314775544085
0.312369845897543,0.000163190193403741
0.315960303896365,0.000164236620853624
0.319550761895187,0.000165118539647169
0.32314121989401,0.000166117005134397
0.326731677892832,0.000166903393425746
0.330322135891654,0.000167753282805473
0.333912593890477,0.000170093805232136
0.337503051889299,0.00017005942329896
0.341093509888121,0.000170944090987511
0.344683967886944,0.000171982889269142
0.348274425885766,0.000172941599807828
0.351864883884588,0.000173942641771654
0.355455341883411,0.000174968438145052
0.359045799882233,0.000175964329457444
0.362636257881055,0.00017697300706375
0.366226715879878,0.000178045571153068
0.3698171738787,0.000179097290667959
0.373407631877522,0.000180124495668031
0.376998089876345,0.000181290900179337
0.380588547875167,0.000182371545838792
0.384179005873989,0.000183417282557935
0.387769463872812,0.000184562303209919
0.391359921871634,0.000185810646492865
0.394950379870456,0.000186828765951075
0.398540837869279,0.000187973415740404
0.402131295868101,0.000189166270882554
0.405721753866923,0.000190308630805548
0.409312211865746,0.000191503258024056
0.412902669864568,0.000192699217738615
0.41649312786339,0.000193926730311758
0.420083585862213,0.000195140847782178
0.423674043861035,0.000196398064155361
0.427264501859857,0.00019765728854651
0.43085495985868,0.000198911724382848
0.434445417857502,0.000200239583368086
0.438035875856324,0.000201525634529222
0.441626333855147,0.0002029575442454
0.445216791853969,0.000204232148571777
0.448807249852791,0.000205570421687267
0.452397707851614,0.000206964613729346
0.455988165850436,0.000208327083734639
0.459578623849258,0.000209576518700937
0.463169081848081,0.000211298812749929
0.466759539846903,0.000212684079008669
0.470349997845725,0.000214124046537981
0.473940455844548,0.000215623453353763
0.47753091384337,0.000217102426243349
0.481121371842192,0.000218658600502334
0.484711829841015,0.000220133186560711
0.488302287839837,0.000221541769392213
0.491892745838659,0.000223572950496638
0.495483203837482,0.00022506580645337
0.499073661836304,0.00022667409950791
0.502664119835126,0.000228336728986897
0.506254577833949,0.000230013477063791
0.509845035832771,0.000231756760833406
0.513435493831593,0.000233447978669347
0.517025951830416,0.000235208071039719
0.520616409829238,0.000237042636960831
0.52420686782806,0.000238843477433728
0.527797325826883,0.000240715308533557
0.531387783825705,0.000242649964326448
0.534978241824527,0.000244735489677045
0.53856869982335,0.000249108046729988
0.542159157822172,0.000247658029194069
0.545749615820994,0.000249921633422606
0.549340073819817,0.000252043413402186
0.552930531818639,0.000254118943095338
0.556520989817461,0.000256201332668189
0.560111447816284,0.000258383224912172
0.563701905815106,0.000260506030919458
0.567292363813928,0.000262709618620569
0.57088282181275,0.000264910483214417
0.574473279811573,0.000267176551281458
0.578063737810395,0.000269470767002027
0.581654195809218,0.000271796212362676
0.58524465380804,0.000274149409201133
0.588835111806862,0.000276830398196711
0.592425569805685,0.00027908226453825
0.596016027804507,0.000281569590918669
0.599606485803329,0.0002841142383388
0.603196943802151,0.000286703402051749
0.606787401800974,0.000289349526641503
0.610377859799796,0.000292020110306422
0.613968317798618,0.00029475575175478
0.617558775797441,0.000297541949995155
0.621149233796263,0.000300377906698439
0.624739691795085,0.000303272766840988
0.628330149793908,0.00030622708267893
0.63192060779273,0.000309225457754727
0.635511065791552,0.000312288587326015
0.639101523790375,0.000315414198762167
0.642691981789197,0.000318601185071476
0.646282439788019,0.000321856530564771
0.649872897786842,0.00032516850404316
0.653463355785664,0.000328558797977356
0.657053813784486,0.000332018525333067
0.660644271783309,0.000335547171137022
0.664234729782131,0.000339163307530737
0.667825187780953,0.000342796719022558
0.671415645779776,0.000346586789978729
0.675006103778598,0.000350438652541099
0.67859656177742,0.000354365266253637
0.682187019776243,0.000358389609419282
0.685777477775065,0.000362504373928023
0.689367935773887,0.000366712228675593
0.69295839377271,0.000371018919166329
0.696548851771532,0.000375414850556033
0.700139309770354,0.000379931423286916
0.703729767769177,0.000384556424001671
0.707320225767999,0.000389295102673086
0.710910683766821,0.000394144450694519
0.714501141765644,0.000399128141261956
0.718091599764466,0.000404208694486567
0.721682057763288,0.000409438966977121
0.725272515762111,0.000414814662128983
0.728862973760933,0.000420321796948403
0.732453431759755,0.000425977813672236
0.736043889758578,0.00043178159113409
0.7396343477574,0.000437755620102164
0.743224805756222,0.000443829147566747
0.746815263755045,0.00045030760800265
0.750405721753867,0.000456729589328781
0.753996179752689,0.000463342631035412
0.757586637751512,0.000470269501048592
0.761177095750334,0.000477357923010204
0.764767553749156,0.000484653138121371
0.768358011747979,0.000492194665579295
0.771948469746801,0.00049995850784833
0.775538927745623,0.000507988270445186
0.779129385744446,0.000516255773676349
0.782719843743268,0.000524802263504828
0.78631030174209,0.000533648577634407
0.789900759740913,0.000542776849347944
0.793491217739735,0.000552231331339329
0.797081675738557,0.000562022418993512
0.80067213373738,0.000572168242500074
0.804262591736202,0.000582664662547623
0.807853049735024,0.000593583082971897
0.811443507733847,0.000604906429857021
0.815033965732669,0.00061666690856627
0.818624423731491,0.000628891295450629
0.822214881730314,0.000641615343373323
0.825805339729136,0.000654853209028828
0.829395797727958,0.000668655522058375
0.832986255726781,0.000683052380501653
0.836576713725603,0.000698079739932529
0.840167171724425,0.000713782589705025
0.843757629723248,0.000730205571548505
0.84734808772207,0.000747400340499194
0.850938545720892,0.000765418371446959
0.854529003719715,0.000784342708148913
0.858119461718537,0.000804207770059234
0.861709919717359,0.000825106315409286
0.865300377716182,0.00084712523900605
0.868890835715004,0.000870344887288446
0.872481293713826,0.000894897785019086
0.876071751712649,0.000920825163137861
0.879662209711471,0.000948324258736561
0.883252667710293,0.000977518472621749
0.886843125709115,0.00100855705617888
0.890433583707938,0.00104163533484881
0.89402404170676,0.00107694273469011
0.897614499705583,0.00111473954526407
0.901204957704405,0.00115528015156253
0.904795415703227,0.00119888051082944
0.90838587370205,0.00124589595479187
0.911976331700872,0.00129674653505526
0.915566789699694,0.0013519208860638
0.919157247698516,0.00141199529433959
0.922747705697339,0.00147766378317705
0.926338163696161,0.001549719690615
0.929928621694984,0.00162916090303618
0.933519079693806,0.00171718658372137
0.937109537692628,0.00181526290608456
0.940699995691451,0.00192521540298088
0.944290453690273,0.0020493370132209
0.947880911689095,0.00219055988055038
0.951471369687917,0.00235270657189641
0.95506182768674,0.00254071828385015
0.958652285685562,0.00276140465365303
0.962242743684384,0.00302405855120054
0.965833201683207,0.00334191583919367
0.969423659682029,0.00373441939454388
0.973014117680852,0.00423138210244855
0.976604575679674,0.00488086987160252
0.980195033678496,0.00576584549204219
0.983785491677318,0.0070427762169407
0.987375949676141,0.00904605524319936
0.990966407674963,0.0126418122598341
0.994556865673785,0.0209815496521211
0.998147323672608,0.0616504332873836
1.00173778167143,0.0657085073895073
1.00532823967025,0.0214331159492993
1.00891869766907,0.0128051391657204
1.0125091556679,0.00912997715833515
1.01609961366672,0.00709402123801645
1.01969007166554,0.00580055114536714
1.02328052966436,0.00490606233294633
1.02687098766319,0.00425060563392588
1.03046144566201,0.00374965560217871
1.03405190366083,0.00335435525296447
1.03764236165965,0.00303446173302482
1.04123281965848,0.00277027905345721
1.0448232776573,0.00254841683931744
1.04841373565612,0.00235947435494223
1.05200419365494,0.00219659548789558
1.05559465165377,0.00205477086492156
1.05918510965259,0.00193015280642847
1.06277556765141,0.00181978820597468
1.06636602565023,0.00172136522582774
1.06995648364905,0.00163304356702867
1.07354694164788,0.00155334913141681
1.0771373996467,0.00148107483341874
1.08072785764552,0.00141521684305989
1.08431831564434,0.00135497705912103
1.08790877364317,0.00129965801170414
1.09149923164199,0.00124867765504394
1.09508968964081,0.00120154730027323
1.09868014763963,0.0011578539118103
1.10227060563846,0.0011172151738863
1.10586106363728,0.00107933644582056
1.1094515216361,0.00104395468447038
1.11304197963492,0.00101080966872447
1.11663243763374,0.000979708906419099
1.12022289563257,0.000950460938172837
1.12381335363139,0.000922912384892634
1.12740381163021,0.000896936795259632
1.13099426962903,0.000872343361154934
1.13458472762786,0.00084908507733631
1.13817518562668,0.000827032686036823
1.1417656436255,0.000806099833153944
1.14535610162432,0.000786202933574493
1.14894655962315,0.000767254801460972
1.15253701762197,0.000749209160698656
1.15612747562079,0.000731989047697057
1.15971793361961,0.000715545415588734
1.16330839161844,0.000699822296100999
1.16689884961726,0.000684777691887236
1.17048930761608,0.000670363985810946
1.1740797656149,0.000656545708511163
1.17767022361372,0.00064328877932298
1.18126068161255,0.000630552826151564
1.18485113961137,0.000618313968859022
1.18844159761019,0.000606542294663231
1.19203205560901,0.000595209024056864
1.19562251360784,0.000584285742024174
1.19921297160666,0.000573773597113493
1.20280342960548,0.000563622400020105
1.2063938876043,0.000553792391412133
1.20998434560313,0.000544352155817901
1.21357480360195,0.000535212349360257
1.21716526160077,0.000526367188557121
1.22075571959959,0.000517813442813462
1.22434617759841,0.000509536663787831
1.22793663559724,0.000501509093105311
1.23152709359606,0.00049373945635176
1.23511755159488,0.000486197759059081
1.2387080095937,0.000478896992423507
1.24229846759253,0.000471805017556072
1.24588892559135,0.00046490413366772
1.24947938359017,0.00045824704360273
1.25306984158899,0.000451775690554149
1.25666029958782,0.000445397073643674
1.26025075758664,0.00043928254125573
1.26384121558546,0.000433310193300418
1.26743167358428,0.000427499107391414
1.2710221315831,0.000421840711358317
1.27461258958193,0.000416330534320065
1.27820304758075,0.000410961206587862
1.28179350557957,0.000405728500385501
1.28538396357839,0.000400634375838438
1.28897442157722,0.000395657615607669
1.29256487957604,0.000390805856417315
1.29615533757486,0.000386072878959955
1.29974579557368,0.000381450881610318
1.30333625357251,0.000376941040893805
1.30692671157133,0.000372533430438802
1.31051716957015,0.000368228663654531
1.31410762756897,0.000364020751916358
1.3176980855678,0.00035991024022777
1.32128854356662,0.000355888511015132
1.32487900156544,0.000351955911795169
1.32846945956426,0.000348100847713371
1.33205991756308,0.000344266390831141
1.33565037556191,0.000340741281097295
1.33924083356073,0.00033710505300941
1.34283129155955,0.000333570060932669
1.34642174955837,0.000330110944544597
1.3500122075572,0.000326726639056245
1.35360266555602,0.000323411655818835
1.35719312355484,0.000320160934299279
1.36078358155366,0.000316971819567432
1.36437403955249,0.000313867068479578
1.36796449755131,0.000310802123588928
1.37155495555013,0.000307800926569894
1.37514541354895,0.000304856993557415
1.37873587154777,0.000301968957116046
1.3823263295466,0.000299132624481183
1.38591678754542,0.000296355863434375
1.38950724554424,0.000293627318386511
1.39309770354306,0.000290946953621367
1.39668816154189,0.000288316741332704
1.40027861954071,0.0002857323477243
1.40386907753953,0.00028319536796754
1.40745953553835,0.000280702098515928
1.41104999353718,0.00027826525762069
1.414640451536,0.000275841578979006
1.41823090953482,0.000273478018419186
1.42182136753364,0.000271154226089774
1.42541182553247,0.00026886795077646
1.42900228353129,0.000266621440997009
1.43259274153011,0.000264413444890839
1.43618319952893,0.000262236403694712
1.43977365752775,0.000260097713532217
1.44336411552658,0.000257994077460559
1.4469545735254,0.00025592653636532
1.45054503152422,0.000253891590535953
1.45413548952304,0.000251889539523634
1.45772594752187,0.000249932642433076
1.46131640552069,0.000247791214977675
1.46490686351951,0.000246030762161063
1.46849732151833,0.000244152693857954
1.47208777951716,0.000242302932705472
1.47567823751598,0.000240477060677729
1.4792686955148,0.000238675846187181
1.48285915351362,0.000236906798735009
1.48644961151244,0.000235159088123924
1.49004006951127,0.000233442032463405
1.49363052751009,0.000231741832605936
1.49722098550891,0.000230070789320756
1.50081144350773,0.000228424547471322
1.50440190150656,0.000226795682266466
1.50799235950538,0.000225182610275426
1.5115828175042,0.000223642396390461
1.51517327550302,0.00022206772321421
1.51876373350185,0.000220527472199359
1.52235419150067,0.000219014479580698
1.52594464949949,0.000217521806170576
1.52953510749831,0.0002160434440774
1.53312556549713,0.0002145902263979
1.53671602349596,0.000213145401758852
1.54030648149478,0.000211786846898534
1.5438969394936,0.000210360092382091
1.54748739749242,0.00020898070874872
1.55107785549125,0.000207619044275004
1.55466831349007,0.000206275937455547
1.55825877148889,0.000204954701693092
1.56184922948771,0.000203639926834597
1.56543968748654,0.000202350193851532
1.56903014548536,0.00020106054221111
1.57262060348418,0.000199810137861771
1.576211061483,0.000198565650962551
1.57980151948183,0.000197341157050023
1.58339197748065,0.000196124020800079
1.58698243547947,0.0001949201962239
1.59057289347829,0.000193748935582149
1.59416335147711,0.000192575388228905
1.59775380947594,0.000191424476853235
1.60134426747476,0.00019027858055153
1.60493472547358,0.000189151466696157
1.6085251834724,0.000188026746102413
1.61211564147123,0.000186931630977119
1.61570609947005,0.000185829526439033
1.61929655746887,0.000184785725126807
1.62288701546769,0.000183710065465175
1.62647747346652,0.000182658354181352
1.63006793146534,0.000181616933019625
1.63365838946416,0.00018058709236913
1.63724884746298,0.00017957159377678
1.6408393054618,0.000178564236894818
1.64442976346063,0.00017757050860527
1.64802022145945,0.000176592498368031
1.65161067945827,0.000175619068941088
1.65520113745709,0.000174657213017321
1.65879159545592,0.000173704176635024
1.66238205345474,0.000172765656736418
1.66597251145356,0.000171852864822957
1.66956296945238,0.000170905750689867
1.67315342745121,0.000169997968691239
1.67674388545003,0.000169099344677048
1.68033434344885,0.000168205988148827
1.68392480144767,0.000167325522851899
1.6875152594465,0.000166453698909343
1.69110571744532,0.000165587900286368
1.69469617544414,0.000164732056930183
1.69828663344296,0.000163887636725837
1.70187709144178,0.000163048575212348
1.70546754944061,0.000162218944490333
1.70905800743943,0.000161403379167552
1.71264846543825,0.000160585925994329
1.71623892343707,0.000159800789417193
1.7198293814359,0.000158990614285193
1.72341983943472,0.000158210858806023
1.72701029743354,0.000157410875084426
1.73060075543236,0.000156642525257209
1.73419121343119,0.000155878979478546
1.73778167143001,0.000155120671349239
1.74137212942883,0.000154369145014556
1.74496258742765,0.000153638524374238
1.74855304542647,0.000152889716320418
1.7521435034253,0.00015215828799319
1.75573396142412,0.00015143961768682
1.75932441942294,0.000150723471262725
1.76291487742176,0.000150016620975749
1.76650533542059,0.000149304719160886
1.77009579341941,0.000148612977526321
1.77368625141823,0.000147929506519683
1.77727670941705,0.000147239680100011
1.78086716741588,0.000146561310352938
1.7844576254147,0.000145892775167229
1.78804808341352,0.000145222750203175
1.79163854141234,0.000144548631726123
1.79522899941117,0.000143967309833035
1.79881945740999,0.000143281688402164
1.80240991540881,0.000142636165034604
1.80600037340763,0.000141997081672504
1.80959083140645,0.000141364459174273
1.81318128940528,0.000140739968765631
1.8167717474041,0.00014011578386829
1.82036220540292,0.000139498641717107
1.82395266340174,0.000138916783383261
1.82754312140057,0.000138294671525659
1.83113357939939,0.000137691640126608
1.83472403739821,0.000137095306909248
1.83831449539703,0.000136502247653429
1.84190495339586,0.0001359181778829
1.84549541139468,0.000135321344363569
1.8490858693935,0.000134741202606497
1.85267632739232,0.000134156307922921
1.85626678539114,0.000133575279875592
1.85985724338997,0.000132981602479021
1.86344770138879,0.000132358465626953
1.86703815938761,0.000131669232739693
1.87062861738643,0.000130408727098342
1.87421907538526,0.000132119097416468
1.87780953338408,0.000130795175822871
1.8813999913829,0.000130107678360588
1.88499044938172,0.000129525781309571
1.88858090738055,0.000128970375344334
1.89217136537937,0.00012842349566402
1.89576182337819,0.000127896567537572
1.89935228137701,0.000127373767278375
1.90294273937583,0.000126863190494637
1.90653319737466,0.000126355630570615
1.91012365537348,0.000125852150133011
1.9137141133723,0.000125354015919594
1.91730457137112,0.00012485966993531
1.92089502936995,0.000124374217671955
1.92448548736877,0.000123882860190867
1.92807594536759,0.000123401678614775
1.93166640336641,0.000122926581332066
1.93525686136524,0.000122452251830527
1.93884731936406,0.000121983841163761
1.94243777736288,0.000121516837332138
1.9460282353617,0.000121056425145973
1.94961869336053,0.000120600657194399
1.95320915135935,0.000120141013139687
1.95679960935817,0.000119691612255477
1.96039006735699,0.000119244645714927
1.96398052535581,0.00011879848549774
1.96757098335464,0.000118356342929556
1.97116144135346,0.000117924544275586
1.97475189935228,0.000117485191677094
1.9783423573511,0.000117053410224987
1.98193281534993,0.000116628614939473
1.98552327334875,0.000116204083389344
1.98911373134757,0.00011578041929586
1.99270418934639,0.000115361748999711
1.99629464734522,0.00011494638161976
1.99988510534404,0.00011452548462861
2.00347556334286,0.000114124900547684
2.00706602134168,0.000113719012059631
2.01065647934051,0.000113315013764662
2.01424693733933,0.000112913975656166
2.01783739533815,0.000112516298034128
2.02142785333697,0.00011212019877595
2.02501831133579,0.000111727250372095
2.02860876933462,0.000111336371424013
2.03219922733344,0.000110951139177417
2.03578968533226,0.000110566701027376
2.03938014333108,0.000110187761628388
2.04297060132991,0.000109806524220699
2.04656105932873,0.000109429955568325
2.05015151732755,0.000109058265992183
2.05374197532637,0.000108685039913236
2.05733243332519,0.000108318894326916
2.06092289132402,0.000107949903398009
2.06451334932284,0.000107586592536095
2.06810380732166,0.000107223707531567
2.07169426532048,0.000106868530185018
2.07528472331931,0.00010651086167606
2.07887518131813,0.000106152309295482
2.08246563931695,0.000105804146476421
2.08605609731577,0.000105457949730664
2.0896465553146,0.000105108110519315
2.09323701331342,0.00010476316314583
2.09682747131224,0.000104424512365324
2.10041792931106,0.000104076434713969
2.10400838730989,0.000103740010586483
2.10759884530871,0.00010340209590104
2.11118930330753,0.000103071419029756
2.11477976130635,0.000102739984816245
2.11837021930517,0.000102401959766981
2.121960677304,0.000102092292033286
2.12555113530282,0.000101790941255771
2.12914159330164,0.00010139651160302
2.13273205130046,0.000101102414921518
2.13632250929929,0.000100788131100504
2.13991296729811,0.000100471677159165
2.14350342529693,0.000100157727987924
2.14709388329575,9.9848656172876e-05
2.15068434129458,9.95324140104719e-05
2.1542747992934,9.92237927045171e-05
2.15786525729222,9.89185825175099e-05
2.16145571529104,9.86123495258777e-05
2.16504617328986,9.83094445846161e-05
2.16863663128869,9.80078693262275e-05
2.17222708928751,9.77070949496331e-05
2.17581754728633,9.74089036024321e-05
2.17940800528515,9.71134685821056e-05
2.18299846328398,9.68196644487308e-05
2.1865889212828,9.65259255828809e-05
2.19017937928162,9.62357531675093e-05
2.19376983728044,9.59464455606043e-05
2.19736029527927,9.56580686923508e-05
2.20095075327809,9.53707753608007e-05
2.20454121127691,9.50790762500823e-05
2.20813166927573,9.48127546506163e-05
2.21172212727456,9.45285258083873e-05
2.21531258527338,9.42485101598363e-05
2.2189030432722,9.39719845397864e-05
2.22249350127102,9.36948450661341e-05
2.22608395926984,9.34202129100888e-05
2.22967441726867,9.31470990552661e-05
2.23326487526749,9.28754981354211e-05
2.23685533326631,9.26086024119678e-05
2.24044579126513,9.23402404233341e-05
2.24403624926396,9.20742517368417e-05
2.24762670726278,9.18096501255807e-05
2.2512171652616,9.1544997634425e-05
2.25480762326042,9.12816924173364e-05
2.25839808125925,9.10226410177165e-05
2.26198853925807,9.07634661911155e-05
2.26557899725689,9.05061530190041e-05
2.26916945525571,9.02497568462865e-05
2.27275991325454,8.99949326276529e-05
2.27635037125336,8.97403501862791e-05
2.27994082925218,8.9490368705477e-05
2.283531287251,8.92575877139807e-05
2.28712174524982,8.89823157079736e-05
2.29071220324865,8.87360300778418e-05
2.29430266124747,8.84911901260473e-05
2.29789311924629,8.82443967855215e-05
2.30148357724511,8.79977924708855e-05
2.30507403524394,8.77556984475744e-05
2.30866449324276,8.7509681692015e-05
2.31225495124158,8.72671486396598e-05
2.3158454092404,8.70190001357137e-05
2.31943586723923,8.67723848468718e-05
2.32302632523805,8.6518528105268e-05
2.32661678323687,8.62435235637629e-05
2.33020724123569,8.58821909797466e-05
2.33379769923451,8.76235460197692e-05
2.33738815723334,8.58522429402371e-05
2.34097861523216,8.55337403730783e-05
2.34456907323098,8.52749512286672e-05
2.3481595312298,8.50320416025194e-05
2.35174998922863,8.47955083044433e-05
2.35534044722745,8.45657425912859e-05
2.35893090522627,8.43372752851085e-05
2.36252136322509,8.41134005274167e-05
2.36611182122392,8.38884566141537e-05
2.36970227922274,8.36668661842219e-05
2.37329273722156,8.34468823902861e-05
2.37688319522038,8.32276224019511e-05
2.38047365321921,8.30109377652651e-05
2.38406411121803,8.27932674659336e-05
2.38765456921685,8.25790465014166e-05
2.39124502721567,8.23651539018121e-05
2.39483548521449,8.21528791439059e-05
2.39842594321332,8.19419008686801e-05
2.40201640121214,8.17316262455411e-05
2.40560685921096,8.15232221029767e-05
2.40919731720978,8.13158817816549e-05
2.41278777520861,8.11068866335804e-05
2.41637823320743,8.09026022586666e-05
2.41996869120625,8.06994895423873e-05
2.42355914920507,8.04943207078518e-05
2.4271496072039,8.02926005588372e-05
2.43074006520272,8.00946147205888e-05
2.43433052320154,7.98884329885297e-05
2.43792098120036,7.96900385092497e-05
2.44151143919918,7.9492117524767e-05
2.44510189719801,7.92948654077881e-05
2.44869235519683,7.90988411822584e-05
2.45228281319565,7.89030821819947e-05
2.45587327119447,7.87094221774771e-05
2.4594637291933,7.85193716739654e-05
2.46305418719212,7.83194792597548e-05
2.46664464519094,7.81296926662557e-05
2.47023510318976,7.7939895067042e-05
2.47382556118859,7.7750023406645e-05
2.47741601918741,7.75617173791242e-05
2.48100647718623,7.73750647540266e-05
2.48459693518505,7.7186720651553e-05
2.48818739318387,7.69987004553964e-05
2.4917778511827,7.68182403972086e-05
2.49536830918152,7.6631785875416e-05
2.49895876718034,7.64458687193389e-05
2.50254922517916,7.62650295785311e-05
2.50613968317799,7.60834864829855e-05
2.50973014117681,7.59020111744417e-05
2.51332059917563,7.57228718142691e-05
2.51691105717445,7.55440110052992e-05
2.52050151517328,7.53668369475313e-05
2.5240919731721,7.51887950038608e-05
2.52768243117092,7.50119295572531e-05
2.53127288916974,7.48374666248668e-05
2.53486334716857,7.46611060351196e-05
2.53845380516739,7.44824779585757e-05
2.54204426316621,7.43161465213416e-05
2.54563472116503,7.41436855816422e-05
2.54922517916385,7.3970106256735e-05
2.55281563716268,7.38002080875268e-05
2.5564060951615,7.36304670160841e-05
2.55999655316032,7.34600178110421e-05
2.56358701115914,7.32917322525255e-05
2.56717746915797,7.31232191310088e-05
2.57076792715679,7.29582300554147e-05
2.57435838515561,7.27917344576983e-05
2.57794884315443,7.26263101994938e-05
2.58153930115326,7.24620829193797e-05
2.58512975915208,7.22978711003164e-05
2.5887202171509,7.21332221002183e-05
2.59231067514972,7.19720062095293e-05
2.59590113314854,7.18102635068804e-05
2.59949159114737,7.16493062315016e-05
2.60308204914619,7.14885478710517e-05
2.60667250714501,7.13290439825563e-05
2.61026296514383,7.11702479959621e-05
2.61385342314266,7.10116014829207e-05
2.61744388114148,7.08565260776492e-05
2.6210343391403,7.06976839582131e-05
2.62462479713912,7.05412514061637e-05
2.62821525513795,7.03870946637151e-05
2.63180571313677,7.02317504082871e-05
2.63539617113559,7.00776585466003e-05
2.63898662913441,6.99240805112943e-05
2.64257708713324,6.97713430082321e-05
2.64616754513206,6.96207373133627e-05
2.64975800313088,6.94677900562101e-05
2.6533484611297,6.93169754887083e-05
2.65693891912852,6.91673728996337e-05
2.66052937712735,6.90169747700536e-05
2.66411983512617,6.88669437289459e-05
2.66771029312499,6.87240444197267e-05
2.67130075112381,6.85734998319212e-05
2.67489120912264,6.84256563481702e-05
2.67848166712146,6.82798627479902e-05
2.68207212512028,6.81333799133775e-05
2.6856625831191,6.7987626577428e-05
2.68925304111792,6.78433327485464e-05
2.69284349911675,6.76983893583104e-05
2.69643395711557,6.75630605762617e-05
2.70002441511439,6.74145515551344e-05
2.70361487311321,6.72715574341686e-05
2.70720533111204,6.71291777299698e-05
2.71079578911086,6.69869230011458e-05
2.71438624710968,6.68459516048195e-05
2.7179767051085,6.67037068936973e-05
2.72156716310733,6.65629372747178e-05
2.72515762110615,6.64196335608045e-05
2.72874807910497,6.62800131300998e-05
2.73233853710379,6.61352710989179e-05
2.73592899510262,6.59835783903777e-05
2.73951945310144,6.58205400876639e-05
2.74310991110026,6.55444648385535e-05
2.74670036909908,6.58522614237075e-05
2.7502908270979,6.55617642986823e-05
2.75388128509673,6.53957540692e-05
2.75747174309555,6.52530644411517e-05
2.76106220109437,6.51140902139251e-05
2.76465265909319,6.49747973282846e-05
2.76824311709202,6.48411770767527e-05
2.77183357509084,6.47067166542632e-05
2.77542403308966,6.45765679183088e-05
2.77901449108848,6.44441312754849e-05
2.78260494908731,6.43127230305266e-05
2.78619540708613,6.41818423290561e-05
2.78978586508495,6.40487832839519e-05
2.79337632308377,6.38840287273341e-05
2.7969667810826,6.3812370838894e-05
2.80055723908142,6.36769292073383e-05
2.80414769708024,6.35493814796117e-05
2.80773815507906,6.34212784886384e-05
2.81132861307788,6.3294777965127e-05
2.81491907107671,6.31692835392142e-05
2.81850952907553,6.30442207231744e-05
2.82209998707435,6.29198215426479e-05
2.82569044507317,6.2795885414733e-05
2.829280903072,6.26727209579037e-05
2.83287136107082,6.25503240935143e-05
2.83646181906964,6.24278360946787e-05
2.84005227706846,6.23056438329721e-05
2.84364273506729,6.21846537653378e-05
2.84723319306611,6.20633440840003e-05
2.85082365106493,6.19434245208365e-05
2.85441410906375,6.18236916907948e-05
2.85800456706257,6.17044989438787e-05
2.8615950250614,6.15851814558958e-05
2.86518548306022,6.14671827799247e-05
2.86877594105904,6.13494016762561e-05
2.87236639905786,6.12405221754219e-05
2.87595685705669,6.11142672027637e-05
2.87954731505551,6.09974666797029e-05
2.88313777305433,6.08818081457323e-05
2.88672823105315,6.07661246238191e-05
2.89031868905198,6.065057256191e-05
2.8939091470508,6.05365804094616e-05
2.89749960504962,6.04215790325818e-05
2.90109006304844,6.0306836671673e-05
2.90468052104727,6.01941482061709e-05
2.90827097904609,6.00809914780714e-05
2.91186143704491,5.99688763387039e-05
2.91545189504373,5.98561206965037e-05
2.91904235304255,5.97439503986738e-05
2.92263281104138,5.96345900051088e-05
2.9262232690402,5.95222007213152e-05
2.92981372703902,5.94120720769418e-05
2.93340418503784,5.93009996987349e-05
2.93699464303667,5.91916293913129e-05
2.94058510103549,5.90815287819121e-05
2.94417555903431,5.89740996794091e-05
2.94776601703313,5.88648065552948e-05
2.95135647503196,5.87576489436584e-05
2.95494693303078,5.86490492100307e-05
2.9585373910296,5.85418849252154e-05
2.96212784902842,5.84349076544515e-05
2.96571830702724,5.83281887962164e-05
2.96930876502607,5.82229125633315e-05
2.97289922302489,5.81149092740986e-05
2.97648968102371,5.80099823305893e-05
2.98008013902253,5.79035417206446e-05
2.98367059702136,5.77998495040845e-05
2.98726105502018,5.76950449466709e-05
2.990851513019,5.75870802627343e-05
2.99444197101782,5.74868079560889e-05
2.99803242901665,5.73785235370111e-05
