xt,yt,i
0.0733525907601652,-1.96294928781288,3
-0.525168503498197,-1.95840746800207,3
-1.09533332484438,-1.77506292904915,3
-1.58482293467243,-1.42942208491795,3
-1.99036430070704,-0.872232243730557,3
-2.18036702126568,-0.209723498822241,3
-2.13176918337128,0.47767092520067,3
-1.85065738840772,1.10654172742198,3
-1.37143304862463,1.60079413205855,3
-0.752432136780121,1.90094391209437,3
-0.0686361801653425,1.97123008364918,3
0.597519905728865,1.80371695954479,3
1.16606714531047,1.41899653478763,3
1.57296120494283,0.855283468269466,3
1.75991473353087,0.185771082283989,3
1.7039231149698,-0.507194648052921,3
1.41167132938992,-1.13832509420943,3
0.91882617875404,-1.62970451063263,3
0.285869091293241,-1.92032967610024,3
-0.285165050107497,-1.98227318530213,3
-0.850309653554958,-1.87759089689087,3
-1.36184671321085,-1.61484065490758,3
-1.77646301303522,-1.2160117757499,3
-2.05898423329227,-0.714712743448282,3
-2.18543733721444,-0.153328966459179,3
-2.14514248517565,0.420619022999264,3
-1.93114696527549,0.977184218100954,3
-1.56136790674906,1.44458738068519,3
-1.06958227591228,1.78061220354292,3
-0.500517302974844,1.95511469682113,3
0.0942909673136944,1.95266973921984,3
0.66119412568464,1.77384451771285,3
1.14924275222233,1.43502532807035,3
1.56012038253276,0.881239491733345,3
1.75615012427778,0.220224448836669,3
1.71360539556484,-0.468019725445152,3
1.43744871039411,-1.1001549964266,3
0.960825446047654,-1.59942335697376,3
0.341258292469738,-1.90487505142115,3
-0.346102243128607,-1.97885267248275,3
-1.01747811265464,-1.81179255279252,3
-1.59069139945124,-1.42365221915863,3
-1.99744653636655,-0.857312586448196,3
-2.18263825242508,-0.185002292467827,3
-2.1232554932449,0.509700523861931,3
-1.82688094920208,1.14049261177662,3
-1.33063482767423,1.62924738103736,3
-0.696341118863114,1.91577056553125,3
-0.125539194605604,1.97432381211908,3
0.437734084136995,1.86687506264301,3
0.946332754379683,1.60269862266912,3
1.35780728655568,1.20410235315183,3
1.63788178587806,0.704517107226653,3
1.76323167450475,0.145701773517745,3
1.72336766691187,-0.425689326325022,3
1.50961185671893,-0.983114056824818,3
1.13917670036014,-1.4516866384896,3
0.645502281841932,-1.78862307808917,3
0.0733525908304965,-1.96294928778385,3
-0.525168503414743,-1.95840746799354,3
-1.09533332475469,-1.77506292906751,3
-1.58482293458505,-1.42942208496837,3
-1.99036430065115,-0.872232243790875,3
-2.18036702123802,-0.209723498877338,3
-2.13176918336242,0.477670925160609,3
-1.85065738840525,1.10654172740123,3
-1.37143304861725,1.60079413205369,3
-0.752432136758166,1.90094391209814,3
-0.0686361801238888,1.97123008364983,3
0.597519905788053,1.80371695952861,3
1.16606714537953,1.4189965347413,3
1.57296120499158,0.855283468212134,3
1.75991473355924,0.18577108222079,3
1.70392311497837,-0.50719464811415,3
1.41167132938175,-1.13832509426304,3
0.918826178733907,-1.62970451067425,3
0.285869091265542,-1.92032967612779,3
-0.285165050149619,-1.98227318531704,3
-0.850309653607363,-1.87759089688602,3
-1.36184671326334,-1.6148406548797,3
-1.77646301307941,-1.21601177569743,3
-2.05898423331758,-0.714712743376416,3
-2.18543733721379,-0.153328966373215,3
-2.14514248514421,0.420619023087659,3
-1.93114696520557,0.977184218191293,3
-1.56136790663855,1.44458738076166,3
-1.06958227576521,1.78061220358937,3
-0.50051730280288,1.95511469682275,3
0.0942909674974965,1.952669739167,3
0.661194125862123,1.77384451760009,3
1.14924275237359,1.43502532789824,3
1.56012038261534,0.881239491528456,3
1.75615012428873,0.220224448624297,3
1.71360539550936,-0.468019725642002,3
1.43744871028362,-1.10015499658925,3
0.9608254458977,-1.59942335708888,3
0.341258292298102,-1.90487505148111,3
-0.346102243303461,-1.97885267248556,3
-1.01747811281492,-1.81179255274162,3
-1.59069139958117,-1.4236522190626,3
-1.99744653645503,-0.857312586316617,3
-2.18263825246214,-0.185002292316831,3
-2.12325549322712,0.509700524011147,3
-1.82688094913408,1.14049261190463,3
-1.33063482756619,1.6292473811288,3
-0.69634111873177,1.91577056557402,3
-0.125539194490658,1.97432381211874,3
0.43773408422371,1.8668750626127,3
0.946332754432566,1.6026986226248,3
1.35780728657592,1.20410235310972,3
1.63788178587319,0.704517107200678,3
1.76323167448733,0.145701773517207,3
1.72336766689727,-0.425689326297083,3
1.5096118567099,-0.983114056795927,3
1.13917670035712,-1.45168663846107,3
0.645502281844787,-1.78862307806276,3
0.0733525908364577,-1.96294928776146,3
-0.525168503407544,-1.95840746797544,3
-1.09533332474822,-1.77506292905307,3
-1.58482293458088,-1.42942208495598,3
-1.99036430064752,-0.87223224378344,3
-2.18036702123776,-0.209723498872633,3
-2.13176918336676,0.477670925164058,3
-1.85065738841389,1.10654172740713,3
-1.37143304862631,1.600794132066,3
-0.752432136763601,1.90094391211651,3
-0.0686361801225129,1.9712300836716,3
0.597519905797393,1.80371695954971,3
1.1660671453942,1.41899653475869,3
1.57296120500996,0.85528346822224,3
1.75991473357694,0.185771082223109,3
1.70392311499152,-0.507194648117564,3
1.41167132938839,-1.13832509426834,3
0.918826178734616,-1.62970451067719,3
0.285869091263249,-1.92032967612529,3
-0.285165050154866,-1.98227318530908,3
-0.850309653610711,-1.87759089687222,3
-1.3618467132635,-1.61484065486012,3
-1.77646301307273,-1.21601177567531,3
-2.05898423330407,-0.714712743352836,3
-2.18543733719297,-0.153328966352745,3
-2.1451424851174,0.420619023104717,3
-1.93114696517574,0.977184218199671,3
-1.56136790660909,1.44458738076179,3
-1.06958227573699,1.78061220358392,3
-0.500517302776788,1.95511469681299,3
0.0942909675213975,1.95266973915402,3
0.661194125884235,1.77384451758434,3
1.14924275239425,1.43502532787942,3
1.56012038263299,0.881239491506802,3
1.75615012430273,0.220224448600652,3
1.71360539551923,-0.468019725668099,3
1.43744871028793,-1.10015499661754,3
0.960825445894853,-1.5994233571178,3
0.341258292285653,-1.90487505150811,3
-0.346102243322864,-1.97885267250631,3
-1.01747811283981,-1.81179255275243,3
-1.59069139960505,-1.4236522190629,3
-1.99744653647382,-0.857312586306315,3
-2.18263825247106,-0.18500229229966,3
-2.12325549322343,0.509700524031332,3
-1.82688094911756,1.14049261192105,3
-1.33063482754152,1.62924738113423,3
-0.696341118703416,1.9157705655666,3
-0.125539194469138,1.97432381210041,3
0.437734084234979,1.86687506258777,3
0.946332754432391,1.60269862259849,3
1.35780728656546,1.20410235308708,3
1.63788178585566,0.704517107185626,3
1.76323167446721,0.145701773511755,3
1.7233676668798,-0.4256893262916,3
1.50961185669695,-0.983114056788145,3
1.13917670034874,-1.45168663845342,3
0.64550228183977,-1.78862307805739,3
0.073352590832601,-1.96294928775958,3
-0.525168503411033,-1.95840746797738,3
-1.09533332475387,-1.77506292905831,3
-1.58482293459055,-1.42942208496272,3
-1.99036430066414,-0.87223224378545,3
-2.18036702125755,-0.209723498865885,3
-2.13176918338361,0.477670925182904,3
-1.8506573884207,1.10654172743556,3
-1.37143304861949,1.60079413209657,3
-0.752432136742388,1.90094391214188,3
-0.0686361800900865,1.97123008368455,3
0.597519905834368,1.80371695954515,3
1.16606714542831,1.41899653473416,3
1.57296120503202,0.855283468178242,3
1.75991473357755,0.185771082167735,3
1.70392311496648,-0.507194648174142,3
1.41167132933831,-1.13832509431496,3
0.91882617866479,-1.62970451070395,3
0.285869091182472,-1.92032967612533,3
-0.285165050219676,-1.98227318528543,3
-0.850309653654008,-1.87759089683501,3
-1.36184671328442,-1.6148406548202,3
-1.77646301307486,-1.21601177564235,3
-2.05898423329444,-0.714712743333692,3
-2.1854373371806,-0.153328966350417,3
-2.14514248511149,0.420619023091455,3
-1.93114696517905,0.97718421818546,3
-1.56136790662132,1.44458738075103,3
-1.06958227575592,1.78061220358044,3
-0.500517302798762,1.95511469681928,3
0.0942909675007236,1.95266973917074,3
0.661194125869001,1.77384451761028,3
1.14924275238763,1.43502532791187,3
1.56012038264019,0.881239491538771,3
1.75615012432104,0.220224448626389,3
1.71360539554386,-0.468019725651943,3
1.43744871031259,-1.10015499661267,3
0.960825445914405,-1.59942335712116,3
0.341258292299372,-1.90487505151449,3
-0.346102243314232,-1.97885267251191,3
-1.01747811283367,-1.81179255275486,3
-1.59069139959946,-1.42365221906043,3
-1.99744653645969,-0.857312586311432,3
-2.18263825245464,-0.185002292317462,3
-2.12325549321336,0.509700523999764,3
-1.92622199299808,0.985444713014326,3
