freqs,specs
0,0.00258775280944525
0.00359045799882233,2.52187346803418e-06
0.00718091599764466,1.27650712358999e-06
0.010771373996467,8.68408943941439e-07
0.0143618319952893,6.69188597085513e-07
0.0179522899941117,5.53218699768339e-07
0.021542747992934,4.785982015676e-07
0.0251332059917563,4.27372871992586e-07
0.0287236639905786,3.90564127296356e-07
0.032314121989401,3.63232160786158e-07
0.0359045799882233,3.42429791863386e-07
0.0394950379870456,3.26642968367748e-07
0.043085495985868,3.09900500614925e-07
0.0466759539846903,3.0160944962557e-07
0.0502664119835126,2.93247688389968e-07
0.053856869982335,2.86243610459383e-07
0.0574473279811573,2.80354414930233e-07
0.0610377859799796,2.75375832178948e-07
0.0646282439788019,2.71133293129743e-07
0.0682187019776243,2.67504888986333e-07
0.0718091599764466,2.64373641881477e-07
0.0753996179752689,2.61668053009195e-07
0.0789900759740913,2.59290171020621e-07
0.0825805339729136,2.57388322097403e-07
0.0861709919717359,2.55100207317333e-07
0.0897614499705583,2.53641521824289e-07
0.0933519079693806,2.52231273900869e-07
0.0969423659682029,2.50978447168913e-07
0.100532823967025,2.49846228408495e-07
0.104123281965848,2.48839492399411e-07
0.10771373996467,2.47934454517983e-07
0.111304197963492,2.47125842483894e-07
0.114894655962315,2.46391780928005e-07
0.118485113961137,2.4574886250083e-07
0.122075571959959,2.45145603705988e-07
0.125666029958782,2.44657944085967e-07
0.129256487957604,2.44124456320783e-07
0.132846945956426,2.43717429286492e-07
0.136437403955249,2.43322512814712e-07
0.140027861954071,2.42977653536761e-07
0.143618319952893,2.42667709160665e-07
0.147208777951716,2.42393349030927e-07
0.150799235950538,2.42144169513532e-07
0.15438969394936,2.41929575891178e-07
0.157980151948183,2.41738684436085e-07
0.161570609947005,2.41583503095182e-07
0.165161067945827,2.41410122039914e-07
0.16875152594465,2.41468974436383e-07
0.172341983943472,2.41190281428541e-07
0.175932441942294,2.41097826709507e-07
0.179522899941117,2.41026815167316e-07
0.183113357939939,2.40971679419973e-07
0.186703815938761,2.40929755585767e-07
0.190294273937583,2.40904048555895e-07
0.193884731936406,2.40891585527017e-07
0.197475189935228,2.40890546660115e-07
0.20106564793405,2.40903272200167e-07
0.204656105932873,2.40934001021625e-07
0.208246563931695,2.40966729875635e-07
0.211837021930517,2.40983619149081e-07
0.21542747992934,2.41061091399344e-07
0.219017937928162,2.41125693483384e-07
0.222608395926984,2.41196252340693e-07
0.226198853925807,2.41279259052924e-07
0.229789311924629,2.41369988607436e-07
0.233379769923451,2.41470286010922e-07
0.236970227922274,2.4157870102031e-07
0.240560685921096,2.41689478359056e-07
0.244151143919918,2.41816732939529e-07
0.247741601918741,2.41979914340695e-07
0.251332059917563,2.42103997461429e-07
0.254922517916385,2.42241839852886e-07
0.258512975915208,2.42396495424669e-07
0.26210343391403,2.42563490579958e-07
0.265693891912852,2.4273239057853e-07
0.269284349911675,2.42910190594358e-07
0.272874807910497,2.43093437316334e-07
0.276465265909319,2.43283073526642e-07
0.280055723908142,2.43484755039214e-07
0.283646181906964,2.43690962247407e-07
0.287236639905786,2.43912980073719e-07
0.290827097904609,2.44104431673754e-07
0.294417555903431,2.44362598432883e-07
0.298008013902253,2.44563017937965e-07
0.301598471901076,2.44812636869134e-07
0.305188929899898,2.45056633977674e-07
0.30877938789872,2.45311228652253e-07
0.312369845897543,2.45571124753855e-07
0.315960303896365,2.458421254232e-07
0.319550761895187,2.46115768558613e-07
0.32314121989401,2.46400355347268e-07
0.326731677892832,2.46700475894637e-07
0.330322135891654,2.47028710328453e-07
0.333912593890477,2.47279478072758e-07
0.337503051889299,2.47615821785935e-07
0.341093509888121,2.47925817873408e-07
0.344683967886944,2.48260872278552e-07
0.348274425885766,2.48597656452449e-07
0.351864883884588,2.48949122827613e-07
0.355455341883411,2.49304695054631e-07
0.359045799882233,2.49674828959263e-07
0.362636257881055,2.50050508100624e-07
0.366226715879878,2.50447010511845e-07
0.3698171738787,2.50831898987071e-07
0.373407631877522,2.51449482673166e-07
0.376998089876345,2.51650648337632e-07
0.380588547875167,2.52117147636481e-07
0.384179005873989,2.52545273833978e-07
0.387769463872812,2.5300571247363e-07
0.391359921871634,2.53477215885294e-07
0.394950379870456,2.53965199057205e-07
0.398540837869279,2.54465897115403e-07
0.402131295868101,2.54983593735052e-07
0.405721753866923,2.55505365419355e-07
0.409312211865746,2.56032819499518e-07
0.412902669864568,2.56432243315616e-07
0.41649312786339,2.58424464701309e-07
0.420083585862213,2.58207747626084e-07
0.423674043861035,2.58855213034632e-07
0.427264501859857,2.59519417643086e-07
0.43085495985868,2.60256202723892e-07
0.434445417857502,2.61038449885128e-07
0.438035875856324,2.61882722085027e-07
0.441626333855147,2.62772101581829e-07
0.445216791853969,2.63720746090748e-07
0.448807249852791,2.64709888298521e-07
0.452397707851614,2.65670880814677e-07
0.455988165850436,2.65634355541904e-07
0.459578623849258,2.71481960176381e-07
0.463169081848081,2.71770155553247e-07
0.466759539846903,2.73508598527003e-07
0.470349997845725,2.75829663099999e-07
0.473940455844548,2.78780139231783e-07
0.47753091384337,2.82566844247964e-07
0.481121371842192,2.87662053103108e-07
0.484711829841015,2.94955008415445e-07
0.488302287839837,3.06467502795839e-07
0.491892745838659,3.27730074966218e-07
0.495483203837482,3.82044571607805e-07
0.499073661836304,8.45744323344773e-07
0.502664119835126,5.93357348576851e-08
0.506254577833949,1.73987945211607e-07
0.509845035832771,2.06555360878976e-07
0.513435493831593,2.22011636376503e-07
0.517025951830416,2.31190277370488e-07
0.520616409829238,2.37369458422442e-07
0.52420686782806,2.41889854324191e-07
0.527797325826883,2.45390230550432e-07
0.531387783825705,2.48235684453396e-07
0.534978241824527,2.50612481001014e-07
0.53856869982335,2.52692055709405e-07
0.542159157822172,2.5294600190999e-07
0.545749615820994,2.56138906651709e-07
0.549340073819817,2.57619122126922e-07
0.552930531818639,2.5902638795182e-07
0.556520989817461,2.60329978492005e-07
0.560111447816284,2.61572266408538e-07
0.563701905815106,2.62752764280806e-07
0.567292363813928,2.63894577085674e-07
0.57088282181275,2.64997500837262e-07
0.574473279811573,2.66077519694715e-07
0.578063737810395,2.67125786973997e-07
0.581654195809218,2.68201966520382e-07
0.58524465380804,2.69008119767721e-07
0.588835111806862,2.70145739667773e-07
0.592425569805685,2.71164060635976e-07
0.596016027804507,2.72168860411996e-07
0.599606485803329,2.73162844629647e-07
0.603196943802151,2.7416047630965e-07
0.606787401800974,2.75156980704279e-07
0.610377859799796,2.76155836130388e-07
0.613968317798618,2.77156390986815e-07
0.617558775797441,2.78172187230833e-07
0.621149233796263,2.79189085606784e-07
0.624739691795085,2.80226930871595e-07
0.628330149793908,2.8122646673227e-07
0.63192060779273,2.82286589771238e-07
0.635511065791552,2.83338306256889e-07
0.639101523790375,2.84408638694925e-07
0.642691981789197,2.85491957193911e-07
0.646282439788019,2.86587676930262e-07
0.649872897786842,2.87700373954013e-07
0.653463355785664,2.88830096475397e-07
0.657053813784486,2.89974930497405e-07
0.660644271783309,2.91134809932351e-07
0.664234729782131,2.92349177324273e-07
0.667825187780953,2.93607125301215e-07
0.671415645779776,2.94728593373353e-07
0.675006103778598,2.95989892994873e-07
0.67859656177742,2.97261864290948e-07
0.682187019776243,2.98558577866742e-07
0.685777477775065,2.99879323944879e-07
0.689367935773887,3.01226551383973e-07
0.69295839377271,3.0259979651577e-07
0.696548851771532,3.04003078517833e-07
0.700139309770354,3.0543982331989e-07
0.703729767769177,3.06895483439453e-07
0.707320225767999,3.08409249970273e-07
0.710910683766821,3.09950082734809e-07
0.714501141765644,3.11507851938701e-07
0.718091599764466,3.13115915091337e-07
0.721682057763288,3.14761552293737e-07
0.725272515762111,3.16447294735395e-07
0.728862973760933,3.18177282881372e-07
0.732453431759755,3.19951723130261e-07
0.736043889758578,3.21772888673455e-07
0.7396343477574,3.23637215220283e-07
0.743224805756222,3.25573630662905e-07
0.746815263755045,3.27526239304739e-07
0.750405721753867,3.29587511612914e-07
0.753996179752689,3.31655539389376e-07
0.757586637751512,3.33829509956608e-07
0.761177095750334,3.36037478823174e-07
0.764767553749156,3.38331218931908e-07
0.768358011747979,3.4069206309192e-07
0.771948469746801,3.43128774817213e-07
0.775538927745623,3.45644196301644e-07
0.779129385744446,3.48251742883077e-07
0.782719843743268,3.50943313818504e-07
0.78631030174209,3.53725323455495e-07
0.789900759740913,3.56628354508944e-07
0.793491217739735,3.59631340390391e-07
0.797081675738557,3.62661690673349e-07
0.80067213373738,3.65902394496073e-07
0.804262591736202,3.69244020953295e-07
0.807853049735024,3.7272132372827e-07
0.811443507733847,3.76335690045307e-07
0.815033965732669,3.80106320935307e-07
0.818624423731491,3.8403069960724e-07
0.822214881730314,3.88132105268959e-07
0.825805339729136,3.92411618436256e-07
0.829395797727958,3.96965547964292e-07
0.832986255726781,4.01381746174981e-07
0.836576713725603,4.06379854790438e-07
0.840167171724425,4.1151203803731e-07
0.843757629723248,4.16914498624061e-07
0.84734808772207,4.22577585689079e-07
0.850938545720892,4.28542255635238e-07
0.854529003719715,4.34822834104007e-07
0.858119461718537,4.41450781762124e-07
0.861709919717359,4.48450275715988e-07
0.865300377716182,4.55871680568297e-07
0.868890835715004,4.63711553867189e-07
0.872481293713826,4.72197986561916e-07
0.876071751712649,4.80789639390138e-07
0.879662209711471,4.90319053444687e-07
0.883252667710293,5.00333979648456e-07
0.886843125709115,5.11097233111312e-07
0.890433583707938,5.22616614050849e-07
0.89402404170676,5.34988700751413e-07
0.897614499705583,5.48294291662945e-07
0.901204957704405,5.62655305291624e-07
0.904795415703227,5.78177161514889e-07
0.90838587370205,5.95019295641415e-07
0.911976331700872,6.13341101341897e-07
0.915566789699694,6.33753641725623e-07
0.919157247698516,6.55204443818102e-07
0.922747705697339,6.79303789291455e-07
0.926338163696161,7.05856025106089e-07
0.929928621694984,7.35314061142782e-07
0.933519079693806,7.6813530840667e-07
0.937109537692628,8.04918488426432e-07
0.940699995691451,8.46373415582348e-07
0.944290453690273,8.93430213587446e-07
0.947880911689095,9.47227617416293e-07
0.951471369687917,1.00926383363881e-06
0.95506182768674,1.08122090952254e-06
0.958652285685562,1.17046562879652e-06
0.962242743684384,1.27028427471749e-06
0.965833201683207,1.39426273384192e-06
0.969423659682029,1.54819971667353e-06
0.973014117680852,1.74394624375626e-06
0.976604575679674,2.0007328817941e-06
0.980195033678496,2.35182869252405e-06
0.983785491677318,2.86000594203992e-06
0.987375949676141,3.65959001330571e-06
0.990966407674963,5.09905283202798e-06
0.994556865673785,8.45036504745411e-06
0.998147323672608,2.49758754261579e-05
1.00173778167143,2.58695718065572e-05
1.00532823967025,8.50164779826852e-06
1.00891869766907,5.08316305829444e-06
1.0125091556679,3.62546418320219e-06
1.01609961366672,2.81865603085933e-06
1.01969007166554,2.30713223085803e-06
1.02328052966436,1.95442332981359e-06
1.02687098766319,1.69692848898491e-06
1.03046144566201,1.50100837369243e-06
1.03405190366083,1.34716978466581e-06
1.03764236165965,1.22326552984949e-06
1.04123281965848,1.11963728487695e-06
1.0448232776573,1.03891115192369e-06
1.04841373565612,9.66974319800176e-07
1.05200419365494,9.05876701863638e-07
1.05559465165377,8.53264388379634e-07
1.05918510965259,8.07561183878702e-07
1.06277556765141,7.67561992132404e-07
1.06636602565023,7.32342621006936e-07
1.06995648364905,7.01161734085457e-07
1.07354694164788,6.73420804240514e-07
1.0771373996467,6.48640626740609e-07
1.08072785764552,6.26426183984321e-07
1.08431831564434,6.06467099826905e-07
1.08790877364317,5.88402045500411e-07
1.09149923164199,5.72093629167187e-07
1.09508968964081,5.57302160430975e-07
1.09868014763963,5.43856397479056e-07
1.10227060563846,5.31626222699862e-07
1.10586106363728,5.20473407396312e-07
1.1094515216361,5.102935578923e-07
1.11304197963492,5.00983351799753e-07
1.11663243763374,4.92476519010268e-07
1.12022289563257,4.84661751565557e-07
1.12381335363139,4.7751560530141e-07
1.12740381163021,4.71094402612324e-07
1.13099426962903,4.65019710827543e-07
1.13458472762786,4.59493124281993e-07
1.13817518562668,4.5444233196794e-07
1.1417656436255,4.49811134731491e-07
1.14535610162432,4.455638466998e-07
1.14894655962315,4.41676881535019e-07
1.15253701762197,4.3812349182768e-07
1.15612747562079,4.34873282912316e-07
1.15971793361961,4.31912304475856e-07
1.16330839161844,4.29205891291162e-07
1.16689884961726,4.26854359745272e-07
1.17048930761608,4.2432486508098e-07
1.1740797656149,4.22402286036301e-07
1.17767022361372,4.20593953936517e-07
1.18126068161255,4.18966915846626e-07
1.18485113961137,4.17507437013951e-07
1.18844159761019,4.16215521055823e-07
1.19203205560901,4.15072787420672e-07
1.19562251360784,4.14074678094196e-07
1.19921297160666,4.13213993283854e-07
1.20280342960548,4.12490042279173e-07
1.2063938876043,4.11840131293557e-07
1.20998434560313,4.11299637355944e-07
1.21357480360195,4.11013698381876e-07
1.21716526160077,4.10720928879236e-07
1.22075571959959,4.10535081156039e-07
1.22434617759841,4.1044954312647e-07
1.22793663559724,4.10449855260916e-07
1.23152709359606,4.10536319517099e-07
1.23511755159488,4.10703193091842e-07
1.2387080095937,4.10954902924194e-07
1.24229846759253,4.11269273883526e-07
1.24588892559135,4.11653218967113e-07
1.24947938359017,4.12144973599969e-07
1.25306984158899,4.12721530575201e-07
1.25666029958782,4.13267844139782e-07
1.26025075758664,4.13929798574899e-07
1.26384121558546,4.14646763680297e-07
1.26743167358428,4.15420965574282e-07
1.2710221315831,4.16253506123528e-07
1.27461258958193,4.17141949238406e-07
1.27820304758075,4.18082692089501e-07
1.28179350557957,4.19073207183936e-07
1.28538396357839,4.20121788273423e-07
1.28897442157722,4.21215364912927e-07
1.29256487957604,4.22352798976145e-07
1.29615533757486,4.23550499479439e-07
1.29974579557368,4.24778377603547e-07
1.30333625357251,4.26060718222483e-07
1.30692671157133,4.27384382132331e-07
1.31051716957015,4.28753801551584e-07
1.31410762756897,4.30166024053589e-07
1.3176980855678,4.3162197798925e-07
1.32128854356662,4.33120798470402e-07
1.32487900156544,4.34657095309387e-07
1.32846945956426,4.3625150651432e-07
1.33205991756308,4.37827498804184e-07
1.33565037556191,4.39531485658396e-07
1.33924083356073,4.41207737590745e-07
1.34283129155955,4.4296589329215e-07
1.34642174955837,4.44749590472996e-07
1.3500122075572,4.46577212614305e-07
1.35360266555602,4.48444385226461e-07
1.35719312355484,4.50350389536548e-07
1.36078358155366,4.52295883499261e-07
1.36437403955249,4.54286352986484e-07
1.36796449755131,4.56305572717393e-07
1.37155495555013,4.58356456606667e-07
1.37514541354895,4.6055423622341e-07
1.37873587154777,4.62689193415548e-07
1.3823263295466,4.64870238159438e-07
1.38591678754542,4.67115632223944e-07
1.38950724554424,4.69400050275838e-07
1.39309770354306,4.71732275183017e-07
1.39668816154189,4.74110631085288e-07
1.40027861954071,4.76542285777293e-07
1.40386907753953,4.79016726550513e-07
1.40745953553835,4.81562147842395e-07
1.41104999353718,4.84180202396867e-07
1.414640451536,4.87237358979388e-07
1.41823090953482,4.8915068311783e-07
1.42182136753364,4.92019150978667e-07
1.42541182553247,4.94830447344795e-07
1.42900228353129,4.97701081339569e-07
1.43259274153011,5.00628238534249e-07
1.43618319952893,5.03629497230949e-07
1.43977365752775,5.06698542656123e-07
1.44336411552658,5.09856351087823e-07
1.4469545735254,5.1309915679744e-07
1.45054503152422,5.16458218927151e-07
1.45413548952304,5.19902783540047e-07
1.45772594752187,5.23782722600372e-07
1.46131640552069,5.27264625943529e-07
1.46490686351951,5.31229382214765e-07
1.46849732151833,5.35430444837772e-07
1.47208777951716,5.39970276410408e-07
1.47567823751598,5.44954065509239e-07
1.4792686955148,5.50605326105521e-07
1.48285915351362,5.57304220935787e-07
1.48644961151244,5.65854574153986e-07
1.49004006951127,5.78205981454821e-07
1.49363052751009,6.00781027456349e-07
1.49722098550891,6.73602548608804e-07
1.50081144350773,2.83397433396023e-07
1.50440190150656,4.85521166800352e-07
1.50799235950538,5.21782148426138e-07
1.5115828175042,5.38112035054745e-07
1.51517327550302,5.4859972857161e-07
1.51876373350185,5.56605860702321e-07
1.52235419150067,5.63345453764274e-07
1.52594464949949,5.69352830387771e-07
1.52953510749831,5.74907257868462e-07
1.53312556549713,5.80127379910207e-07
1.53671602349596,5.84949971283039e-07
1.54030648149478,5.88266052449054e-07
1.5438969394936,5.98968853459555e-07
1.54748739749242,6.02028621481548e-07
1.55107785549125,6.06666443731708e-07
1.55466831349007,6.1153808102364e-07
1.55825877148889,6.16507939551398e-07
1.56184922948771,6.21543537331609e-07
1.56543968748654,6.26651035302034e-07
1.56903014548536,6.31820151191452e-07
1.57262060348418,6.37056637532556e-07
1.576211061483,6.42355573267516e-07
1.57980151948183,6.47798378213628e-07
1.58339197748065,6.53307047580314e-07
1.58698243547947,6.58744281259368e-07
1.59057289347829,6.64398712986476e-07
1.59416335147711,6.70121752288101e-07
1.59775380947594,6.75938375143732e-07
1.60134426747476,6.81857244105878e-07
1.60493472547358,6.87877598961202e-07
1.6085251834724,6.94000606188926e-07
1.61211564147123,7.00233143120146e-07
1.61570609947005,7.06579351947056e-07
1.61929655746887,7.13026955728255e-07
1.62288701546769,7.19633998031101e-07
1.62647747346652,7.26390115166631e-07
1.63006793146534,7.33172836476169e-07
1.63365838946416,7.40124640078857e-07
1.63724884746298,7.47234956224709e-07
1.6408393054618,7.54478330415964e-07
1.64442976346063,7.61868791962195e-07
1.64802022145945,7.69407588781775e-07
1.65161067945827,7.77101977384146e-07
1.65520113745709,7.84956749997511e-07
1.65879159545592,7.92974293656759e-07
1.66238205345474,8.01177428277643e-07
1.66597251145356,8.09515887702623e-07
1.66956296945238,8.18150366435364e-07
1.67315342745121,8.26837118809886e-07
1.67674388545003,8.35765026860442e-07
1.68033434344885,8.44897530799395e-07
1.68392480144767,8.54238695935814e-07
1.6875152594465,8.63798240837527e-07
1.69110571744532,8.7357820438774e-07
1.69469617544414,8.83592436405587e-07
1.69828663344296,8.93841866993366e-07
1.70187709144178,9.04350374214551e-07
1.70546754944061,9.15095040611634e-07
1.70905800743943,9.26149183138898e-07
1.71264846543825,9.37399024855882e-07
1.71623892343707,9.49006343598221e-07
1.7198293814359,9.60899310408782e-07
1.72341983943472,9.73100075365155e-07
1.72701029743354,9.85622591881684e-07
1.73060075543236,9.98478600374845e-07
1.73419121343119,1.01168697813772e-06
1.73778167143001,1.02525535301402e-06
1.74137212942883,1.03920570760819e-06
1.74496258742765,1.05354392257994e-06
1.74855304542647,1.06831050915764e-06
1.7521435034253,1.08347919524909e-06
1.75573396142412,1.09913051102758e-06
1.75932441942294,1.11523485280689e-06
1.76291487742176,1.13182138886579e-06
1.76650533542059,1.14892635286359e-06
1.77009579341941,1.16656755119238e-06
1.77368625141823,1.18476857355093e-06
1.77727670941705,1.20355991746754e-06
1.78086716741588,1.22296501483154e-06
1.7844576254147,1.2430221991935e-06
1.78804808341352,1.26372642067128e-06
1.79163854141234,1.28527126465268e-06
1.79522899941117,1.30742895260056e-06
1.79881945740999,1.33048238085008e-06
1.80240991540881,1.35433028308662e-06
1.80600037340763,1.37906876388481e-06
1.80959083140645,1.40473952178817e-06
1.81318128940528,1.43140396552605e-06
1.8167717474041,1.45911374518119e-06
1.82036220540292,1.48793316701455e-06
1.82395266340174,1.51793082277506e-06
1.82754312140057,1.54918889525766e-06
1.83113357939939,1.58167443012556e-06
1.83472403739821,1.61578360875197e-06
1.83831449539703,1.65132113538543e-06
1.84190495339586,1.68844827069758e-06
1.84549541139468,1.72730640733837e-06
1.8490858693935,1.76803088682296e-06
1.85267632739232,1.81073457149701e-06
1.85626678539114,1.85557983741243e-06
1.85985724338997,1.90272587136549e-06
1.86344770138879,1.95236157304087e-06
1.86703815938761,2.00465883238133e-06
1.87062861738643,2.05989268488671e-06
1.87421907538526,2.11839090845424e-06
1.87780953338408,2.18015093621447e-06
1.8813999913829,2.24568141213282e-06
1.88499044938172,2.31536401081325e-06
1.88858090738055,2.38952290264663e-06
1.89217136537937,2.46863396300747e-06
1.89576182337819,2.55320258469755e-06
1.89935228137701,2.64381717378246e-06
1.90294273937583,2.74113810861528e-06
1.90653319737466,2.84595988369157e-06
1.91012365537348,2.95918221528267e-06
1.9137141133723,3.08199729641571e-06
1.91730457137112,3.21457879550663e-06
1.92089502936995,3.36020670317563e-06
1.92448548736877,3.51944022435863e-06
1.92807594536759,3.69457226082972e-06
1.93166640336641,3.88810658354829e-06
1.93525686136524,4.10312032016779e-06
1.93884731936406,4.34338986247633e-06
1.94243777736288,4.61365365266542e-06
1.9460282353617,4.91989913989516e-06
1.94961869336053,5.26983362923998e-06
1.95320915135935,5.67350730294836e-06
1.95679960935817,6.14488574020158e-06
1.96039006735699,6.69992625697789e-06
1.96398052535581,7.36719572404171e-06
1.96757098335464,8.18207473534683e-06
1.97116144135346,9.19997599824338e-06
1.97475189935228,1.05075340788012e-05
1.9783423573511,1.22489223488655e-05
1.98193281534993,1.46829752479533e-05
1.98552327334875,1.83255474786272e-05
1.98911373134757,2.4373859208314e-05
1.99270418934639,3.6386207606195e-05
1.99629464734522,7.1762376108901e-05
1.99988510534404,0.00260789232236342
2.00347556334286,7.59232197232793e-05
2.00706602134168,3.74124906536086e-05
2.01065647934051,2.48201075958645e-05
2.01424693733933,1.85688146918973e-05
2.01783739533815,1.48323076087226e-05
2.02142785333697,1.2347240413275e-05
2.02501831133579,1.05751128101523e-05
2.02860876933462,9.24761917782305e-06
2.03219922733344,8.21610649188479e-06
2.03578968533226,7.39156227803266e-06
2.03938014333108,6.71760142598892e-06
2.04297060132991,6.15319749018401e-06
2.04656105932873,5.67990685734847e-06
2.05015151732755,5.2730783238188e-06
2.05374197532637,4.92050467372854e-06
2.05733243332519,4.61207906629834e-06
2.06092289132402,4.34000065854823e-06
2.06451334932284,4.09820359551391e-06
2.06810380732166,3.8819064189613e-06
2.07169426532048,3.68727942601265e-06
2.07528472331931,3.51122712608353e-06
2.07887518131813,3.35117701287766e-06
2.08246563931695,3.20515366421386e-06
2.08605609731577,3.07114889180275e-06
2.0896465553146,2.94803489361807e-06
2.09323701331342,2.8343765773726e-06
2.09682747131224,2.72915637798782e-06
2.10041792931106,2.63145596143295e-06
2.10400838730989,2.54051219609034e-06
2.10759884530871,2.45564189266451e-06
2.11118930330753,2.37625844562718e-06
2.11477976130635,2.30184608522432e-06
2.11837021930517,2.2319490499255e-06
2.121960677304,2.16619220316359e-06
2.12555113530282,2.10411164275955e-06
2.12914159330164,2.04568575424472e-06
2.13273205130046,1.99030072315911e-06
2.13632250929929,1.93783884909457e-06
2.13991296729811,1.8880829510339e-06
2.14350342529693,1.84082302591772e-06
2.14709388329575,1.79587960815204e-06
2.15068434129458,1.75307989379673e-06
2.1542747992934,1.71228155263249e-06
2.15786525729222,1.67334371315837e-06
2.16145571529104,1.63614758029438e-06
2.16504617328986,1.60056148151354e-06
2.16863663128869,1.56657239024269e-06
2.17222708928751,1.53387520055e-06
2.17581754728633,1.50257280257157e-06
2.17940800528515,1.47254204313056e-06
2.18299846328398,1.44369270940758e-06
2.1865889212828,1.4159575426494e-06
2.19017937928162,1.38927257802086e-06
2.19376983728044,1.36358635200836e-06
2.19736029527927,1.33883511756451e-06
2.20095075327809,1.31497456213349e-06
2.20454121127691,1.29194522151789e-06
2.20813166927573,1.26974237603823e-06
2.21172212727456,1.24827174559969e-06
2.21531258527338,1.22753928491463e-06
2.2189030432722,1.2074889532228e-06
2.22249350127102,1.18808645680051e-06
2.22608395926984,1.16930919058813e-06
2.22967441726867,1.15112190735699e-06
2.23326487526749,1.13349930640657e-06
2.23685533326631,1.11641890401158e-06
2.24044579126513,1.09984870804722e-06
2.24403624926396,1.08378056666265e-06
2.24762670726278,1.0681870635502e-06
2.2512171652616,1.05306696531995e-06
2.25480762326042,1.03824108353439e-06
2.25839808125925,1.02396833822146e-06
2.26198853925807,1.01006792417994e-06
2.26557899725689,9.96543102003256e-07
2.26916945525571,9.83382572717878e-07
2.27275991325454,9.7057672988656e-07
2.27635037125336,9.58104711771e-07
2.27994082925218,9.45962845602977e-07
2.283531287251,9.3413855484338e-07
2.28712174524982,9.22631504071834e-07
2.29071220324865,9.11298467205359e-07
2.29430266124747,9.00380254751888e-07
2.29789311924629,8.89679304740932e-07
2.30148357724511,8.79253493397015e-07
2.30507403524394,8.69072355832293e-07
2.30866449324276,8.59141713020378e-07
2.31225495124158,8.49435465363009e-07
2.3158454092404,8.39963275485974e-07
2.31943586723923,8.30707061863711e-07
2.32302632523805,8.21671301427069e-07
2.32661678323687,8.12835777697185e-07
2.33020724123569,8.04342575257044e-07
2.33379769923451,7.95620865127852e-07
2.33738815723334,7.87392684356106e-07
2.34097861523216,7.79327194659884e-07
2.34456907323098,7.71430493604575e-07
2.3481595312298,7.6368734387567e-07
2.35174998922863,7.56116163950154e-07
2.35534044722745,7.48701182394133e-07
2.35893090522627,7.41441800112593e-07
2.36252136322509,7.34329140291222e-07
2.36611182122392,7.27372677628162e-07
2.36970227922274,7.20545897111793e-07
2.37329273722156,7.13971446043118e-07
2.37688319522038,7.07303567830353e-07
2.38047365321921,7.00922511164889e-07
2.38406411121803,6.9461649495419e-07
2.38765456921685,6.88456914556156e-07
2.39124502721567,6.8241436543094e-07
2.39483548521449,6.76491243372202e-07
2.39842594321332,6.70680802675612e-07
2.40201640121214,6.64986061945736e-07
2.40560685921096,6.5939172568917e-07
2.40919731720978,6.5390008625732e-07
2.41278777520861,6.48417344849997e-07
2.41637823320743,6.44151499438e-07
2.41996869120625,6.38344156864394e-07
2.42355914920507,6.33246583866634e-07
2.4271496072039,6.2827154483871e-07
2.43074006520272,6.23411850725238e-07
2.43433052320154,6.18652655457014e-07
2.43792098120036,6.14001886085104e-07
2.44151143919918,6.09449423088142e-07
2.44510189719801,6.05001152575359e-07
2.44869235519683,6.00655733539025e-07
2.45228281319565,5.96439361918315e-07
2.45587327119447,5.92343441733895e-07
2.4594637291933,5.88197805748968e-07
2.46305418719212,5.84376889986327e-07
2.46664464519094,5.80654530305654e-07
2.47023510318976,5.7710413609373e-07
2.47382556118859,5.73789533702797e-07
2.47741601918741,5.70768969769312e-07
2.48100647718623,5.68188950355356e-07
2.48459693518505,5.66336970572765e-07
2.48818739318387,5.65903597813957e-07
2.4917778511827,5.6891839010587e-07
2.49536830918152,5.85328483220488e-07
2.49895876718034,8.51142969400576e-07
2.50254922517916,5.3072919627651e-07
2.50613968317799,5.21784203730515e-07
2.50973014117681,5.21774806976998e-07
2.51332059917563,5.20677322193364e-07
2.51691105717445,5.18884560272083e-07
2.52050151517328,5.1670959851257e-07
2.5240919731721,5.14318356292686e-07
2.52768243117092,5.11798614601132e-07
2.53127288916974,5.09207909862455e-07
2.53486334716857,5.06573493120109e-07
2.53845380516739,5.03916972093535e-07
2.54204426316621,4.98645546183837e-07
2.54563472116503,4.98819682576102e-07
2.54922517916385,4.96180590435462e-07
2.55281563716268,4.93597711621718e-07
2.5564060951615,4.91044321881578e-07
2.55999655316032,4.88528499543356e-07
2.56358701115914,4.86045816114164e-07
2.56717746915797,4.8359979673462e-07
2.57076792715679,4.81190702288624e-07
2.57435838515561,4.78814255989118e-07
2.57794884315443,4.76485555753984e-07
2.58153930115326,4.74155337797244e-07
2.58512975915208,4.72097800339008e-07
2.5887202171509,4.6976042587155e-07
2.59231067514972,4.67575464765245e-07
2.59590113314854,4.65436372189801e-07
2.59949159114737,4.6333911208322e-07
2.60308204914619,4.61285136765271e-07
2.60667250714501,4.59270171917907e-07
2.61026296514383,4.57300203391112e-07
2.61385342314266,4.55368641211175e-07
2.61744388114148,4.53480521759177e-07
2.6210343391403,4.5162093235434e-07
2.62462479713912,4.49835286955362e-07
2.62821525513795,4.48025113657164e-07
2.63180571313677,4.46316169955792e-07
2.63539617113559,4.4463672208705e-07
2.63898662913441,4.42995162005075e-07
2.64257708713324,4.41398924696674e-07
2.64616754513206,4.39842597664278e-07
2.64975800313088,4.38331073736164e-07
2.6533484611297,4.36860088094245e-07
2.65693891912852,4.35436903303023e-07
2.66052937712735,4.34052566589252e-07
2.66411983512617,4.32722906709134e-07
2.66771029312499,4.31460609953077e-07
2.67130075112381,4.30154382445903e-07
2.67489120912264,4.28959372549766e-07
2.67848166712146,4.27808601417465e-07
2.68207212512028,4.26703792627081e-07
2.6856625831191,4.25644103109592e-07
2.68925304111792,4.24632735053453e-07
2.69284349911675,4.23672769438999e-07
2.69643395711557,4.22759049092895e-07
2.70002441511439,4.21903759511616e-07
2.70361487311321,4.21075173674265e-07
2.70720533111204,4.20362572624636e-07
2.71079578911086,4.1958426129098e-07
2.71438624710968,4.19020416269699e-07
2.7179767051085,4.18425912156621e-07
2.72156716310733,4.1790985135823e-07
2.72515762110615,4.17445124372524e-07
2.72874807910497,4.17046467500709e-07
2.73233853710379,4.16711850709628e-07
2.73592899510262,4.16445953574256e-07
2.73951945310144,4.1624229356459e-07
2.74310991110026,4.16125180162553e-07
2.74670036909908,4.16103021031576e-07
2.7502908270979,4.16101587253541e-07
2.75388128509673,4.16097450741578e-07
2.75747174309555,4.16345653221017e-07
2.76106220109437,4.16604206697884e-07
2.76465265909319,4.16963703198563e-07
2.76824311709202,4.17409499368729e-07
2.77183357509084,4.17954475755623e-07
2.77542403308966,4.18591141403663e-07
2.77901449108848,4.19342676564727e-07
2.78260494908731,4.20199367784074e-07
2.78619540708613,4.21181018807007e-07
2.78978586508495,4.22124784419804e-07
2.79337632308377,4.23457866202002e-07
2.7969667810826,4.24733660650108e-07
2.80055723908142,4.26237909857664e-07
2.80414769708024,4.27876906141664e-07
2.80773815507906,4.29661474955557e-07
2.81132861307788,4.31604054655907e-07
2.81491907107671,4.337247423581e-07
2.81850952907553,4.36025313828038e-07
2.82209998707435,4.38519565236228e-07
2.82569044507317,4.41218511869715e-07
2.829280903072,4.44220473128777e-07
2.83287136107082,4.47072902047875e-07
2.83646181906964,4.50574219867769e-07
2.84005227706846,4.54244784428278e-07
2.84364273506729,4.58195446603329e-07
2.84723319306611,4.62430040147994e-07
2.85082365106493,4.66996541446639e-07
2.85441410906375,4.71907336870541e-07
2.85800456706257,4.77195996001541e-07
2.8615950250614,4.82886696956562e-07
2.86518548306022,4.89024051178452e-07
2.86877594105904,4.95619641911545e-07
2.87236639905786,5.02789506550609e-07
2.87595685705669,5.10386265587108e-07
2.87954731505551,5.18713031095611e-07
2.88313777305433,5.27656476327153e-07
2.88672823105315,5.37348991757663e-07
2.89031868905198,5.47847910453293e-07
2.8939091470508,5.59237882960651e-07
2.89749960504962,5.71606611322279e-07
2.90109006304844,5.85068799672523e-07
2.90468052104727,5.99747076761316e-07
2.90827097904609,6.1578590026312e-07
2.91186143704491,6.33332299414338e-07
2.91545189504373,6.52282540722099e-07
2.91904235304255,6.7388292326293e-07
2.92263281104138,6.97346294451418e-07
2.9262232690402,7.23358422842829e-07
2.92981372703902,7.52322351957261e-07
2.93340418503784,7.8470858532836e-07
2.93699464303667,8.21105545899371e-07
2.94058510103549,8.6224354125775e-07
2.94417555903431,9.09038211092468e-07
2.94776601703313,9.62657984364524e-07
2.95135647503196,1.0246243461239e-06
2.95494693303078,1.09702059687885e-06
2.9585373910296,1.18123358189389e-06
2.96212784902842,1.28391952542005e-06
2.96571830702724,1.40795923489398e-06
2.96930876502607,1.56162668679878e-06
2.97289922302489,1.75678028264818e-06
2.97648968102371,2.01245339014874e-06
2.98008013902253,2.36141325623849e-06
2.98367059702136,2.86529474218955e-06
2.98726105502018,3.65534770596571e-06
2.990851513019,5.06948765729377e-06
2.99444197101782,8.32289957774922e-06
2.99803242901665,2.36214591642455e-05
3.00162288701547,2.77008356644747e-05
3.00521334501429,8.69101760805254e-06
3.00880380301311,5.14252458813616e-06
3.01239426101194,3.64703536879755e-06
3.01598471901076,2.82340146158028e-06
3.01957517700958,2.30240469827675e-06
3.0231656350084,1.94347861614418e-06
3.02675609300722,1.68141562991646e-06
3.03034655100605,1.48185361332637e-06
3.03393700900487,1.32493278518533e-06
3.03752746700369,1.1983278156254e-06
3.04111792500251,1.09286138233124e-06
3.04470838300134,1.00860010657912e-06
3.04829884100016,9.34462411372828e-07
3.05188929899898,8.71131989809057e-07
3.0554797569978,8.16296453227417e-07
3.05907021499663,7.68385574507495e-07
3.06266067299545,7.2618253569871e-07
3.06625113099427,6.88758934705772e-07
3.06984158899309,6.55369516595977e-07
3.07343204699191,6.25413088188532e-07
3.07702250499074,5.98395772476379e-07
3.08061296298956,5.73968450576077e-07
3.08420342098838,5.51560481509761e-07
3.0877938789872,5.31450635135907e-07
3.09138433698603,5.12856254792472e-07
3.09497479498485,4.95797920195848e-07
3.09856525298367,4.80064916722994e-07
3.10215571098249,4.65540293423473e-07
3.10574616898132,4.52086118629334e-07
3.10933662698014,4.39596992853816e-07
3.11292708497896,4.27970797118956e-07
3.11651754297778,4.17147390402088e-07
3.1201080009766,4.07017684953266e-07
3.12369845897543,3.97584886468729e-07
3.12728891697425,3.88447811224672e-07
3.13087937497307,3.80261348945317e-07
3.13446983297189,3.72399730810385e-07
3.13806029097072,3.65010692402208e-07
3.14165074896954,3.58031517312403e-07
3.14524120696836,3.51434390509523e-07
3.14883166496718,3.45188758556691e-07
3.15242212296601,3.39277147119893e-07
3.15601258096483,3.33664778381517e-07
3.15960303896365,3.28342648167152e-07
3.16319349696247,3.23259786484603e-07
3.1667839549613,3.18549570001329e-07
3.17037441296012,3.13630849502618e-07
3.17396487095894,3.09352383165206e-07
3.17755532895776,3.05175119893368e-07
3.18114578695658,3.01173921437689e-07
3.18473624495541,2.97339242555011e-07
3.18832670295423,2.93669169022763e-07
3.19191716095305,2.90145596069812e-07
3.19550761895187,2.86763851382286e-07
3.1990980769507,2.83519702919405e-07
3.20268853494952,2.80403650760834e-07
3.20627899294834,2.77369676697977e-07
3.20986945094716,2.7446891627857e-07
3.21345990894599,2.71722840206593e-07
3.21705036694481,2.69035934756015e-07
3.22064082494363,2.66439730969103e-07
3.22423128294245,2.63940603441929e-07
3.22782174094128,2.61521169977459e-07
3.2314121989401,2.59184074830926e-07
3.23500265693892,2.56921015917254e-07
3.23859311493774,2.5473291604716e-07
3.24218357293656,2.52608522920597e-07
3.24577403093539,2.50537657548284e-07
3.24936448893421,2.48577157475974e-07
3.25295494693303,2.46627739093527e-07
3.25654540493185,2.44758337349909e-07
3.26013586293068,2.42927234706095e-07
3.2637263209295,2.41156041877603e-07
3.26731677892832,2.39432020918994e-07
3.27090723692714,2.37754717849035e-07
3.27449769492596,2.36119064276907e-07
3.27808815292479,2.34530974069174e-07
3.28167861092361,2.32979364997131e-07
3.28526906892243,2.31464625693559e-07
3.28885952692125,2.2996698125105e-07
3.29244998492008,2.28554183647503e-07
3.2960404429189,2.27148848403002e-07
3.29963090091772,2.25774922104666e-07
3.30322135891654,2.24440349452005e-07
3.30681181691537,2.2313024041176e-07
3.31040227491419,2.21847510383078e-07
3.31399273291301,2.20596459071893e-07
3.31758319091183,2.19369170296168e-07
3.32117364891066,2.1817048572423e-07
3.32476410690948,2.16978537148929e-07
3.3283545649083,2.15855628589776e-07
3.33194502290712,2.14681168405934e-07
3.33553548090594,2.13620139805232e-07
3.33912593890477,2.12504764252436e-07
3.34271639690359,2.11459441617613e-07
3.34630685490241,2.10411281358382e-07
3.34989731290123,2.09389552188537e-07
3.35348777090006,2.08385582828327e-07
3.35707822889888,2.07398276713612e-07
3.3606686868977,2.06425441583147e-07
3.36425914489652,2.05478817196953e-07
3.36784960289535,2.04539900936363e-07
3.37144006089417,2.03611657476361e-07
3.37503051889299,2.02751597404004e-07
3.37862097689181,2.01878665873281e-07
3.38221143489063,2.00950419078102e-07
3.38580189288946,2.00098722615485e-07
3.38939235088828,1.99254162290827e-07
3.3929828088871,1.98427069782907e-07
3.39657326688592,1.97608135799997e-07
3.40016372488475,1.96814067539454e-07
3.40375418288357,1.96029012688291e-07
3.40734464088239,1.95275870358789e-07
3.41093509888121,1.94578341549158e-07
3.41452555688004,1.94378876840755e-07
3.41811601487886,1.92579073226129e-07
3.42170647287768,1.92020406821967e-07
3.4252969308765,1.91348692941037e-07
3.42888738887533,1.90652919088706e-07
3.43247784687415,1.89958839286363e-07
3.43606830487297,1.89277542891633e-07
3.43965876287179,1.88599027388783e-07
3.44324922087061,1.87933826041045e-07
3.44683967886944,1.87279639444587e-07
3.45043013686826,1.8665401047873e-07
3.45402059486708,1.86024041488175e-07
3.4576110528659,1.86807500156113e-07
3.46120151086473,1.84642190631282e-07
3.46479196886355,1.84095768495529e-07
3.46838242686237,1.83518781487022e-07
3.47197288486119,1.82974820486077e-07
3.47556334286002,1.82446360513619e-07
3.47915380085884,1.81959029060923e-07
3.48274425885766,1.81531582319661e-07
3.48633471685648,1.81210791981655e-07
3.48992517485531,1.81105858869925e-07
3.49351563285413,1.81600935205884e-07
3.49710609085295,1.85319837123962e-07
3.50069654885177,1.71153203164436e-07
3.50428700685059,1.73450916484708e-07
3.50787746484942,1.74362698283702e-07
3.51146792284824,1.74378880319093e-07
3.51505838084706,1.74132663512478e-07
3.51864883884588,1.73762716688721e-07
3.52223929684471,1.73329687846475e-07
3.52582975484353,1.72842068808882e-07
3.52942021284235,1.72313234475038e-07
3.53301067084117,1.71709348432871e-07
3.53660112884,1.70938807505991e-07
3.54019158683882,1.6897753004608e-07
3.54378204483764,1.73445528560311e-07
3.54737250283646,1.71136988165781e-07
3.55096296083528,1.70310569304557e-07
3.55455341883411,1.69687356429827e-07
3.55814387683293,1.69136370566183e-07
3.56173433483175,1.68609385047786e-07
3.56532479283057,1.68105110799081e-07
3.5689152508294,1.67614122666722e-07
3.57250570882822,1.67134009222286e-07
3.57609616682704,1.66649925270507e-07
3.57968662482586,1.66226340835519e-07
3.58327708282469,1.65862381648465e-07
3.58686754082351,1.65185120607881e-07
3.59045799882233,1.64759192817755e-07
3.59404845682115,1.64318833421071e-07
3.59763891481997,1.6386689395022e-07
3.6012293728188,1.63425365220858e-07
3.60481983081762,1.62987181014368e-07
3.60841028881644,1.62550806584244e-07
3.61200074681526,1.62114580039109e-07
3.61559120481409,1.61687523973982e-07
3.61918166281291,1.61264318291378e-07
3.62277212081173,1.60826985707563e-07
3.62636257881055,1.60387708335433e-07
3.62995303680938,1.59989551156464e-07
3.6335434948082,1.59566824449021e-07
3.63713395280702,1.59160121985486e-07
3.64072441080584,1.5875013104316e-07
3.64431486880467,1.58344656662221e-07
3.64790532680349,1.57940945830797e-07
3.65149578480231,1.57541918760716e-07
3.65508624280113,1.57145081420203e-07
3.65867670079995,1.56747567533073e-07
3.66226715879878,1.56368499133929e-07
3.6658576167976,1.55966066517921e-07
3.66944807479642,1.55574257718502e-07
3.67303853279524,1.5519721127645e-07
3.67662899079407,1.54808688643133e-07
3.68021944879289,1.54432304978823e-07
3.68380990679171,1.54056923175996e-07
3.68740036479053,1.53683407538095e-07
3.69099082278936,1.53311661814529e-07
3.69458128078818,1.52944799937726e-07
3.698171738787,1.52582163840788e-07
3.70176219678582,1.52209529728069e-07
3.70535265478464,1.51875960470794e-07
3.70894311278347,1.51491740564008e-07
3.71253357078229,1.5115203648621e-07
3.71612402878111,1.50787328837957e-07
3.71971448677993,1.50441411643889e-07
3.72330494477876,1.50090041656891e-07
3.72689540277758,1.49744146437948e-07
3.7304858607764,1.49398396979038e-07
3.73407631877522,1.49059792381749e-07
3.73766677677405,1.48715086423185e-07
3.74125723477287,1.48382574509717e-07
3.74484769277169,1.4804284313263e-07
3.74843815077051,1.47708125832996e-07
3.75202860876934,1.47355764297035e-07
3.75561906676816,1.47064713393134e-07
3.75920952476698,1.4672978646844e-07
3.7627999827658,1.46407154565296e-07
3.76639044076462,1.4608458969154e-07
3.76998089876345,1.45766013149842e-07
3.77357135676227,1.45444033714124e-07
3.77716181476109,1.45130167367683e-07
3.78075227275991,1.44807168316189e-07
3.78434273075874,1.44496914932664e-07
3.78793318875756,1.44091538575292e-07
3.79152364675638,1.43964590204548e-07
3.7951141047552,1.43603648501749e-07
3.79870456275403,1.43319846903318e-07
3.80229502075285,1.43015578269615e-07
3.80588547875167,1.42720263030846e-07
3.80947593675049,1.42421484334948e-07
3.81306639474931,1.42130339573565e-07
3.81665685274814,1.41840882871358e-07
3.82024731074696,1.41553174233683e-07
3.82383776874578,1.41262848539368e-07
3.8274282267446,1.40997230624861e-07
3.83101868474343,1.40735163190953e-07
3.83460914274225,1.40437851858365e-07
3.83819960074107,1.40166765404505e-07
3.84179005873989,1.3990117268858e-07
3.84538051673872,1.39619591439962e-07
3.84897097473754,1.39361603198077e-07
3.85256143273636,1.39097706666606e-07
3.85615189073518,1.38840507890771e-07
3.85974234873401,1.38581559761863e-07
3.86333280673283,1.38338105369699e-07
3.86692326473165,1.38080495275525e-07
3.87051372273047,1.37829895581336e-07
3.87410418072929,1.3774010904296e-07
3.87769463872812,1.37422714489423e-07
3.88128509672694,1.37135785294064e-07
3.88487555472576,1.3692797129944e-07
3.88846601272458,1.36709387252043e-07
3.89205647072341,1.36497632622692e-07
3.89564692872223,1.36296439367786e-07
3.89923738672105,1.36111759308764e-07
3.90282784471987,1.35933769772067e-07
3.9064183027187,1.35787301853346e-07
3.91000876071752,1.35708221181032e-07
3.91359921871634,1.36000481954122e-07
3.91718967671516,1.34189721998512e-07
3.92078013471399,1.34681410747518e-07
3.92437059271281,1.3462823368675e-07
3.92796105071163,1.34551312643847e-07
3.93155150871045,1.34463770165232e-07
3.93514196670927,1.34388489028546e-07
3.9387324247081,1.34325337102435e-07
3.94232288270692,1.34284756969914e-07
3.94591334070574,1.34274819261854e-07
3.94950379870456,1.34298266573634e-07
3.95309425670339,1.34351313852549e-07
3.95668471470221,1.34477985141786e-07
3.96027517270103,1.3464814979937e-07
3.96386563069985,1.34948123361793e-07
3.96745608869867,1.35325522225499e-07
3.9710465466975,1.35887075474004e-07
3.97463700469632,1.36671588850641e-07
3.97822746269514,1.37806636244175e-07
3.98181792069396,1.39487988390221e-07
3.98540837869279,1.42134269108538e-07
3.98899883669161,1.46679334280648e-07
3.99258929469043,1.55932919389474e-07
3.99617975268925,1.83322985884816e-07
3.99977021068808,1.2386593995271e-06
4.0033606686869,6.63466627278966e-08
4.00695112668572,9.61503559492973e-08
4.01054158468454,1.05952217679563e-07
4.01413204268337,1.1070271500135e-07
4.01772250068219,1.13442801893343e-07
4.02131295868101,1.15183993456804e-07
4.02490341667983,1.16350095485627e-07
4.02849387467865,1.17159489263169e-07
4.03208433267748,1.17719871314938e-07
4.0356747906763,1.18095370584254e-07
4.03926524867512,1.18221371715387e-07
4.04285570667394,1.19990317277995e-07
4.04644616467277,1.19094132967213e-07
4.05003662267159,1.19085777486054e-07
4.05362708067041,1.19097184472418e-07
4.05721753866923,1.19095129544594e-07
4.06080799666806,1.1906579449439e-07
4.06439845466688,1.19020840771246e-07
4.0679889126657,1.18958067377126e-07
4.07157937066452,1.18879105154432e-07
4.07516982866334,1.18786766047112e-07
4.07876028666217,1.18696877804629e-07
4.08235074466099,1.18591168810501e-07
4.08594120265981,1.18412227771564e-07
4.08953166065863,1.18297230070339e-07
4.09312211865746,1.18172279349367e-07
4.09671257665628,1.18026250338009e-07
4.1003030346551,1.17882951955194e-07
4.10389349265392,1.17730850028292e-07
4.10748395065275,1.17574780978542e-07
4.11107440865157,1.17417245234354e-07
4.11466486665039,1.17252901092723e-07
4.11825532464921,1.17095079360754e-07
4.12184578264803,1.16932980135754e-07
4.12543624064686,1.16865064688028e-07
4.12902669864568,1.16506574670015e-07
4.1326171566445,1.16357458538597e-07
4.13620761464332,1.16192999740523e-07
4.13979807264215,1.1601841396823e-07
4.14338853064097,1.15839379983814e-07
4.14697898863979,1.15659298048473e-07
4.15056944663861,1.15474766641318e-07
4.15415990463744,1.15294416341369e-07
4.15775036263626,1.15112224394223e-07
4.16134082063508,1.14941478466057e-07
4.1649312786339,1.14727724025821e-07
4.16852173663272,1.14702455363537e-07
4.17211219463155,1.14348077527737e-07
4.17570265263037,1.14164267394639e-07
4.17929311062919,1.13973104558206e-07
4.18288356862801,1.13786120980009e-07
4.18647402662684,1.13592460367074e-07
4.19006448462566,1.13404326166167e-07
4.19365494262448,1.13210752422355e-07
4.1972454006233,1.1302040077405e-07
4.20083585862213,1.12830038695019e-07
4.20442631662095,1.12675792541893e-07
4.20801677461977,1.12446847712685e-07
4.21160723261859,1.12180945039169e-07
4.21519769061742,1.12029928763186e-07
4.21878814861624,1.11846836374997e-07
4.22237860661506,1.11648614979195e-07
4.22596906461388,1.11455244330165e-07
4.22955952261271,1.1125887215824e-07
4.23314998061153,1.11063639717028e-07
4.23674043861035,1.10858682027681e-07
4.24033089660917,1.10667001989899e-07
4.24392135460799,1.10450796204571e-07
4.24751181260682,1.10302787587521e-07
4.25110227060564,1.10025083750256e-07
4.25469272860446,1.09944150358905e-07
4.25828318660328,1.09697374388198e-07
4.26187364460211,1.09489688405763e-07
4.26546410260093,1.09283282751076e-07
4.26905456059975,1.09079582991367e-07
4.27264501859857,1.08870313696136e-07
4.2762354765974,1.08664291500132e-07
4.27982593459622,1.08455191606178e-07
4.28341639259504,1.08241071143824e-07
4.28700685059386,1.07981620565935e-07
4.29059730859268,1.07964357727476e-07
4.29418776659151,1.07670707506758e-07
4.29777822459033,1.07463798254817e-07
4.30136868258915,1.07240534090154e-07
4.30495914058797,1.0703303664258e-07
4.3085495985868,1.06810355059463e-07
4.31214005658562,1.06599336915672e-07
4.31573051458444,1.06382082974942e-07
4.31932097258326,1.06165043874473e-07
4.32291143058209,1.05940106950886e-07
4.32650188858091,1.05734495642163e-07
4.33009234657973,1.05485574831498e-07
4.33368280457855,1.05297637761007e-07
4.33727326257737,1.05068396789088e-07
4.3408637205762,1.0483270617592e-07
4.34445417857502,1.04591146332078e-07
4.34804463657384,1.04360459977123e-07
4.35163509457266,1.04122913044119e-07
4.35522555257149,1.03880500686205e-07
4.35881601057031,1.03635020163846e-07
4.36240646856913,1.03392549188079e-07
4.36599692656795,1.0313308846777e-07
4.36958738456678,1.02876900598056e-07
4.3731778425656,1.0251526982755e-07
4.37676830056442,1.02368960386749e-07
4.38035875856324,1.02025832037535e-07
4.38394921656207,1.01782902979487e-07
4.38753967456089,1.0149620738717e-07
4.39113013255971,1.01199380885839e-07
4.39472059055853,1.00896692387628e-07
4.39831104855736,1.00585108137019e-07
4.40190150655618,1.00259359447998e-07
4.405491964555,9.99289727045093e-08
4.40908242255382,9.95980383520906e-08
4.41267288055264,9.93067327330389e-08
4.41626333855147,9.80974426648612e-08
4.41985379655029,9.82376195855045e-08
4.42344425454911,9.78408162614722e-08
4.42703471254793,9.73944754316436e-08
4.43062517054676,9.69026484059375e-08
4.43421562854558,9.63758182283744e-08
4.4378060865444,9.57916700418004e-08
4.44139654454322,9.51581832379492e-08
4.44498700254205,9.44544975880698e-08
4.44857746054087,9.36743990219866e-08
4.45216791853969,9.2756536211725e-08
4.45575837653851,9.16239629269944e-08
4.45934883453733,9.10894281998687e-08
4.46293929253616,8.95502720980168e-08
4.46652975053498,8.79413916872789e-08
4.4701202085338,8.60225404918973e-08
4.47371066653262,8.36217585220625e-08
4.47730112453145,8.05186856591196e-08
4.48089158253027,7.6307882109181e-08
4.48448204052909,7.02214550576763e-08
4.48807249852791,6.05644507827397e-08
4.49166295652673,4.28354313404257e-08
4.49525341452556,1.17583870065361e-08
4.49884387252438,3.47724727654826e-07
4.5024343305232,2.98747012401593e-07
4.50602478852202,1.81828446750101e-07
4.50961524652085,1.51635389546069e-07
4.51320570451967,1.3773188763928e-07
4.51679616251849,1.29697635162135e-07
4.52038662051731,1.24442085441398e-07
4.52397707851614,1.20715531673812e-07
4.52756753651496,1.17927496789517e-07
4.53115799451378,1.15755511382507e-07
4.5347484525126,1.14009160460964e-07
4.53833891051143,1.12610653762538e-07
4.54192936851025,1.13531908986185e-07
4.54551982650907,1.10101518261914e-07
4.54911028450789,1.09234802679323e-07
4.55270074250671,1.08440742910819e-07
4.55629120050554,1.07725120597706e-07
4.55988165850436,1.07073620364915e-07
4.56347211650318,1.06481385891205e-07
4.567062574502,1.05936912353576e-07
4.57065303250083,1.05431944974221e-07
4.57424349049965,1.04970148593484e-07
4.57783394849847,1.04525130819624e-07
4.58142440649729,1.04120838981619e-07
4.58501486449612,1.03775184520826e-07
4.58860532249494,1.03390838526915e-07
4.59219578049376,1.0303605648964e-07
4.59578623849258,1.02709023116526e-07
4.59937669649141,1.02397754285734e-07
4.60296715449023,1.02097556036461e-07
4.60655761248905,1.0181107891952e-07
4.61014807048787,1.0153979305629e-07
4.61373852848669,1.01273879763538e-07
4.61732898648552,1.0103141963392e-07
4.62091944448434,1.00813624713197e-07
4.62450990248316,1.00705053990337e-07
4.62810036048198,1.00005559583244e-07
4.63169081848081,9.99501286622316e-08
4.63528127647963,9.975173251343e-08
4.63887173447845,9.95467948150814e-08
4.64246219247727,9.93399053868729e-08
4.6460526504761,9.91391611202991e-08
4.64964310847492,9.89353970645892e-08
4.65323356647374,9.87409379788669e-08
4.65682402447256,9.85470696586259e-08
4.66041448247138,9.83647262337751e-08
4.66400494047021,9.81438527997479e-08
4.66759539846903,9.79707896770873e-08
4.67118585646785,9.77930031101511e-08
4.67477631446667,9.76188124126558e-08
4.6783667724655,9.74383266054932e-08
4.68195723046432,9.72671928596788e-08
4.68554768846314,9.70934465021484e-08
4.68913814646196,9.69289449455058e-08
4.69272860446079,9.67606019108253e-08
4.69631906245961,9.66031102167648e-08
4.69990952045843,9.64299416656118e-08
4.70349997845725,9.63089252662948e-08
4.70709043645607,9.60856647743408e-08
4.7106808944549,9.59927026650277e-08
4.71427135245372,9.57841087295468e-08
4.71786181045254,9.56459310323982e-08
4.72145226845136,9.5487346569934e-08
4.72504272645019,9.53380933150999e-08
4.72863318444901,9.51886199659977e-08
4.73222364244783,9.50416632799116e-08
4.73581410044665,9.48932196462924e-08
4.73940455844548,9.47503590900355e-08
4.7429950164443,9.46010708000107e-08
4.74658547444312,9.44514946302503e-08
4.75017593244194,9.42961229146698e-08
4.75376639044077,9.43158584218919e-08
4.75735684843959,9.40759122800428e-08
4.76094730643841,9.39307848891137e-08
4.76453776443723,9.37898237689618e-08
4.76812822243606,9.3655994539678e-08
4.77171868043488,9.35156482131548e-08
4.7753091384337,9.33857776108948e-08
4.77889959643252,9.32531272168667e-08
4.78249005443134,9.31204978667799e-08
4.78608051243017,9.29755964098872e-08
4.78967097042899,9.30154606761e-08
4.79326142842781,9.27713266485071e-08
4.79685188642663,9.26343696698602e-08
4.80044234442546,9.25118230818237e-08
4.80403280242428,9.2382596826852e-08
4.8076232604231,9.22556730207523e-08
4.81121371842192,9.21384064867467e-08
4.81480417642075,9.2017671676417e-08
4.81839463441957,9.1898375894786e-08
4.82198509241839,9.17769390119524e-08
4.82557555041721,9.16770967092064e-08
4.82916600841603,9.15161506442292e-08
4.83275646641486,9.1512569192103e-08
4.83634692441368,9.13566264263087e-08
4.8399373824125,9.12378294439474e-08
4.84352784041132,9.11141954077993e-08
4.84711829841015,9.10161923943697e-08
4.85070875640897,9.0910350537525e-08
4.85429921440779,9.08053870482089e-08
4.85788967240661,9.07030965688424e-08
4.86148013040544,9.06069053713127e-08
4.86507058840426,9.05065733936247e-08
4.86866104640308,9.04089516762877e-08
4.8722515044019,9.03485874439948e-08
4.87584196240072,9.01910457860239e-08
4.87943242039955,9.00796718434447e-08
4.88302287839837,9.00294010739386e-08
4.88661333639719,8.99411712416364e-08
4.89020379439601,8.98627269646484e-08
4.89379425239484,8.97811896034166e-08
4.89738471039366,8.9708645524226e-08
4.90097516839248,8.96344588595498e-08
4.9045656263913,8.95656094436514e-08
4.90815608439013,8.94991224293188e-08
4.91174654238895,8.94538763750209e-08
4.91533700038777,8.93983093023036e-08
4.91892745838659,8.93490589002157e-08
4.92251791638541,8.93158353197799e-08
4.92610837438424,8.92898884472859e-08
4.92969883238306,8.92730611975749e-08
4.93328929038188,8.92719175047654e-08
4.9368797483807,8.92840145413317e-08
4.94047020637953,8.93162221418896e-08
4.94406066437835,8.93713207463019e-08
4.94765112237717,8.94528479966537e-08
4.95124158037599,8.95631557299173e-08
4.95483203837482,8.97284188178589e-08
4.95842249637364,9.01203396457823e-08
4.96201295437246,9.03182413928277e-08
4.96560341237128,9.07227990226873e-08
4.96919387037011,9.13200060581726e-08
4.97278432836893,9.21529088576997e-08
4.97637478636775,9.33775612150831e-08
4.97996524436657,9.52535132333924e-08
4.98355570236539,9.83202625206255e-08
4.98714616036422,1.03853097750149e-07
4.99073661836304,1.15485069939697e-07
4.99432707636186,1.4761066873024e-07
4.99791753436068,3.25541780475763e-07
