freqs,specs
0,0.000851361700169261
0.00359045799882233,7.24204808296587e-08
0.00718091599764466,7.04725958031207e-08
0.010771373996467,7.01093837555607e-08
0.0143618319952893,6.99860556897351e-08
0.0179522899941117,6.99327264387137e-08
0.021542747992934,6.99099104760167e-08
0.0251332059917563,6.99028837957143e-08
0.0287236639905786,6.9907853583362e-08
0.032314121989401,6.99286728106961e-08
0.0359045799882233,6.99838102051499e-08
0.0394950379870456,7.02914308611859e-08
0.043085495985868,6.95324212723439e-08
0.0466759539846903,6.97505046527148e-08
0.0502664119835126,6.98061022473736e-08
0.053856869982335,6.98376462789663e-08
0.0574473279811573,6.98574165283355e-08
0.0610377859799796,6.98783802046566e-08
0.0646282439788019,6.98971672318545e-08
0.0682187019776243,6.99216915737442e-08
0.0718091599764466,6.99381945633797e-08
0.0753996179752689,6.99595580236482e-08
0.0789900759740913,6.99889954734306e-08
0.0825805339729136,6.98540189354619e-08
0.0861709919717359,6.99930896523732e-08
0.0897614499705583,7.0021486514541e-08
0.0933519079693806,7.00459390400381e-08
0.0969423659682029,7.00684138483575e-08
0.100532823967025,7.00936316771471e-08
0.104123281965848,7.01179742155823e-08
0.10771373996467,7.01425026016487e-08
0.111304197963492,7.01702006462719e-08
0.114894655962315,7.01966895898291e-08
0.118485113961137,7.02234243755189e-08
0.122075571959959,7.0246072492889e-08
0.125666029958782,7.02860861545378e-08
0.129256487957604,7.03147576278224e-08
0.132846945956426,7.03457074913956e-08
0.136437403955249,7.03790327518831e-08
0.140027861954071,7.04080602084535e-08
0.143618319952893,7.04431898385318e-08
0.147208777951716,7.04785691581845e-08
0.150799235950538,7.05147300554689e-08
0.15438969394936,7.05545620264634e-08
0.157980151948183,7.05979076565852e-08
0.161570609947005,7.0660468322452e-08
0.165161067945827,7.05346839770615e-08
0.16875152594465,7.0669577024687e-08
0.172341983943472,7.072086112959e-08
0.175932441942294,7.07667828964846e-08
0.179522899941117,7.08151469129238e-08
0.183113357939939,7.08560204603593e-08
0.186703815938761,7.0900636172021e-08
0.190294273937583,7.09474610574748e-08
0.193884731936406,7.09917738911417e-08
0.197475189935228,7.10393255659113e-08
0.20106564793405,7.10882474844146e-08
0.204656105932873,7.11551021322481e-08
0.208246563931695,7.11786364032394e-08
0.211837021930517,7.12309511372534e-08
0.21542747992934,7.12821469830497e-08
0.219017937928162,7.13305838862885e-08
0.222608395926984,7.13911754865944e-08
0.226198853925807,7.14437926030145e-08
0.229789311924629,7.1498308928367e-08
0.233379769923451,7.15542345312077e-08
0.236970227922274,7.1609851015968e-08
0.240560685921096,7.16659185343608e-08
0.244151143919918,7.17178107649955e-08
0.247741601918741,7.18061614356143e-08
0.251332059917563,7.18554688602622e-08
0.254922517916385,7.19159588500564e-08
0.258512975915208,7.19801085783774e-08
0.26210343391403,7.20361792079587e-08
0.265693891912852,7.21113047636752e-08
0.269284349911675,7.2191156427828e-08
0.272874807910497,7.22559135318531e-08
0.276465265909319,7.23017365527508e-08
0.280055723908142,7.23637468299151e-08
0.283646181906964,7.2431001157914e-08
0.287236639905786,7.2465740342337e-08
0.290827097904609,7.25750614900607e-08
0.294417555903431,7.2646762512408e-08
0.298008013902253,7.27208544144606e-08
0.301598471901076,7.28003595832573e-08
0.305188929899898,7.28669792985183e-08
0.30877938789872,7.29438602588009e-08
0.312369845897543,7.30216219750397e-08
0.315960303896365,7.30996983218054e-08
0.319550761895187,7.31790197381433e-08
0.32314121989401,7.32591761464896e-08
0.326731677892832,7.33395855137142e-08
0.330322135891654,7.34250211575207e-08
0.333912593890477,7.35078935496581e-08
0.337503051889299,7.35921934911631e-08
0.341093509888121,7.36766525400513e-08
0.344683967886944,7.37690521984024e-08
0.348274425885766,7.38543730114315e-08
0.351864883884588,7.39431110541429e-08
0.355455341883411,7.40335719349768e-08
0.359045799882233,7.41257377815378e-08
0.362636257881055,7.42177289021351e-08
0.366226715879878,7.4311627466031e-08
0.3698171738787,7.43971695782821e-08
0.373407631877522,7.45004803120907e-08
0.376998089876345,7.4597869396773e-08
0.380588547875167,7.46962878527881e-08
0.384179005873989,7.4790989554443e-08
0.387769463872812,7.48965675649304e-08
0.391359921871634,7.49983263323755e-08
0.394950379870456,7.51005716166993e-08
0.398540837869279,7.52060318346665e-08
0.402131295868101,7.531139040971e-08
0.405721753866923,7.54181751709919e-08
0.409312211865746,7.55250520481283e-08
0.412902669864568,7.56366658980881e-08
0.41649312786339,7.57467295078828e-08
0.420083585862213,7.58589940834116e-08
0.423674043861035,7.59740844726945e-08
0.427264501859857,7.60819794574497e-08
0.43085495985868,7.61995422600284e-08
0.434445417857502,7.63171223103617e-08
0.438035875856324,7.64358878065028e-08
0.441626333855147,7.655549818001e-08
0.445216791853969,7.66764872505863e-08
0.448807249852791,7.67987431391822e-08
0.452397707851614,7.6924394713524e-08
0.455988165850436,7.70485830749809e-08
0.459578623849258,7.71751969112662e-08
0.463169081848081,7.73028927094105e-08
0.466759539846903,7.74343422530504e-08
0.470349997845725,7.75636824321945e-08
0.473940455844548,7.76962606719633e-08
0.47753091384337,7.78303761341449e-08
0.481121371842192,7.7966850911066e-08
0.484711829841015,7.81024741137254e-08
0.488302287839837,7.82404362177822e-08
0.491892745838659,7.83753226798466e-08
0.495483203837482,7.85251232606618e-08
0.499073661836304,7.86677351026323e-08
0.502664119835126,7.88128380046155e-08
0.506254577833949,7.89607135042776e-08
0.509845035832771,7.91049920576986e-08
0.513435493831593,7.9255437187407e-08
0.517025951830416,7.9406757419576e-08
0.520616409829238,7.95616267874087e-08
0.52420686782806,7.9716095203066e-08
0.527797325826883,7.9872987835587e-08
0.531387783825705,8.00315869835774e-08
0.534978241824527,8.0189047105037e-08
0.53856869982335,8.03525816856126e-08
0.542159157822172,8.05166262969412e-08
0.545749615820994,8.06820706325746e-08
0.549340073819817,8.08567413618773e-08
0.552930531818639,8.10220919602435e-08
0.556520989817461,8.11933335995062e-08
0.560111447816284,8.13664782982917e-08
0.563701905815106,8.15427639386072e-08
0.567292363813928,8.17201870517381e-08
0.57088282181275,8.18998838460099e-08
0.574473279811573,8.20792349734056e-08
0.578063737810395,8.22655031307835e-08
0.581654195809218,8.24522524231197e-08
0.58524465380804,8.26404187285445e-08
0.588835111806862,8.28320192759136e-08
0.592425569805685,8.30245968818802e-08
0.596016027804507,8.32201435771098e-08
0.599606485803329,8.34180106434154e-08
0.603196943802151,8.36188570644748e-08
0.606787401800974,8.38203962670431e-08
0.610377859799796,8.40258136687826e-08
0.613968317798618,8.42339477818241e-08
0.617558775797441,8.44436459990236e-08
0.621149233796263,8.46568223364263e-08
0.624739691795085,8.48733234553065e-08
0.628330149793908,8.50945349127457e-08
0.63192060779273,8.53026412972645e-08
0.635511065791552,8.55325318136191e-08
0.639101523790375,8.57603284621236e-08
0.642691981789197,8.59909776832354e-08
0.646282439788019,8.62234268946555e-08
0.649872897786842,8.64599387509689e-08
0.653463355785664,8.66989373494871e-08
0.657053813784486,8.6948883446738e-08
0.660644271783309,8.71890860937253e-08
0.664234729782131,8.74379331664637e-08
0.667825187780953,8.76908361662265e-08
0.671415645779776,8.79509626660368e-08
0.675006103778598,8.82062687908798e-08
0.67859656177742,8.84702159843825e-08
0.682187019776243,8.87379670265917e-08
0.685777477775065,8.90099031390798e-08
0.689367935773887,8.92846872712228e-08
0.69295839377271,8.95639117766693e-08
0.696548851771532,8.98433634525155e-08
0.700139309770354,9.01427581423986e-08
0.703729767769177,9.04364712019849e-08
0.707320225767999,9.07370662292795e-08
0.710910683766821,9.10595439142615e-08
0.714501141765644,9.13093099626981e-08
0.718091599764466,9.16392999137324e-08
0.721682057763288,9.1960430202068e-08
0.725272515762111,9.22856657598699e-08
0.728862973760933,9.26150771243628e-08
0.732453431759755,9.29500331280744e-08
0.736043889758578,9.32912637550218e-08
0.7396343477574,9.36329309125081e-08
0.743224805756222,9.39887710652788e-08
0.746815263755045,9.43494025757162e-08
0.750405721753867,9.47165288573233e-08
0.753996179752689,9.50798218903825e-08
0.757586637751512,9.54696591968196e-08
0.761177095750334,9.58586444020889e-08
0.764767553749156,9.62559377564151e-08
0.768358011747979,9.66613395850442e-08
0.771948469746801,9.70749816783231e-08
0.775538927745623,9.74979620396211e-08
0.779129385744446,9.79331820272993e-08
0.782719843743268,9.83713188429775e-08
0.78631030174209,9.88244443967372e-08
0.789900759740913,9.92896215981905e-08
0.793491217739735,9.97778461477238e-08
0.797081675738557,1.00235372300322e-07
0.80067213373738,1.00739811839717e-07
0.804262591736202,1.0125261513996e-07
0.807853049735024,1.0177794978048e-07
0.811443507733847,1.0232121980208e-07
0.815033965732669,1.02876154836788e-07
0.818624423731491,1.03447809681591e-07
0.822214881730314,1.04037806799133e-07
0.825805339729136,1.04646741771041e-07
0.829395797727958,1.05276480033057e-07
0.832986255726781,1.05939680498668e-07
0.836576713725603,1.06462875286331e-07
0.840167171724425,1.07245067457765e-07
0.843757629723248,1.07969010509282e-07
0.84734808772207,1.08714305646837e-07
0.850938545720892,1.09483963926486e-07
0.854529003719715,1.10284537196892e-07
0.858119461718537,1.11117164932004e-07
0.861709919717359,1.11982925720318e-07
0.865300377716182,1.1289038482286e-07
0.868890835715004,1.1383748497634e-07
0.872481293713826,1.14830930979846e-07
0.876071751712649,1.15908131611328e-07
0.879662209711471,1.16936581040592e-07
0.883252667710293,1.18091167231605e-07
0.886843125709115,1.19303677403061e-07
0.890433583707938,1.20584453000304e-07
0.89402404170676,1.21939537258838e-07
0.897614499705583,1.23379383340106e-07
0.901204957704405,1.24913050271055e-07
0.904795415703227,1.26551275432918e-07
0.90838587370205,1.28305529919533e-07
0.911976331700872,1.30189844084311e-07
0.915566789699694,1.32211424730658e-07
0.919157247698516,1.34493180310086e-07
0.922747705697339,1.36859020212035e-07
0.926338163696161,1.3947822894502e-07
0.929928621694984,1.42359357930098e-07
0.933519079693806,1.45546135726938e-07
0.937109537692628,1.4908430795738e-07
0.940699995691451,1.53045438778859e-07
0.944290453690273,1.57506886736011e-07
0.947880911689095,1.62591320758467e-07
0.951471369687917,1.68421774497514e-07
0.95506182768674,1.75183189598741e-07
0.958652285685562,1.82837259256473e-07
0.962242743684384,1.92701299157023e-07
0.965833201683207,2.04217959604256e-07
0.969423659682029,2.1850812884613e-07
0.973014117680852,2.36684457744907e-07
0.976604575679674,2.60563099773453e-07
0.980195033678496,2.93281245307354e-07
0.983785491677318,3.40768742139439e-07
0.987375949676141,4.157135334986e-07
0.990966407674963,5.51018829704041e-07
0.994556865673785,8.66461883987716e-07
0.998147323672608,2.41129193543311e-06
1.00173778167143,2.42951826680072e-06
1.00532823967025,7.51148225750206e-07
1.00891869766907,4.26074928660338e-07
1.0125091556679,2.89454650901894e-07
1.01609961366672,2.15487289544781e-07
1.01969007166554,1.70126904919537e-07
1.02328052966436,1.40325540075925e-07
1.02687098766319,1.19981216421498e-07
1.03046144566201,1.05826066528523e-07
1.03405190366083,9.59233782325328e-08
1.03764236165965,8.89990702079991e-08
1.04123281965848,8.65509019389563e-08
1.0448232776573,8.14094063759311e-08
1.04841373565612,7.93876991908931e-08
1.05200419365494,7.82291654374824e-08
1.05559465165377,7.76796224523297e-08
1.05918510965259,7.75697407704019e-08
1.06277556765141,7.77725225184157e-08
1.06636602565023,7.81973219442983e-08
1.06995648364905,7.87916659302135e-08
1.07354694164788,7.94929306801521e-08
1.0771373996467,8.02753954904185e-08
1.08072785764552,8.11299039345382e-08
1.08431831564434,8.19480882611309e-08
1.08790877364317,8.28496244485076e-08
1.09149923164199,8.37543032075407e-08
1.09508968964081,8.46639302109719e-08
1.09868014763963,8.55653893727206e-08
1.10227060563846,8.64703691663328e-08
1.10586106363728,8.736782923122e-08
1.1094515216361,8.82543413121466e-08
1.11304197963492,8.91357416626683e-08
1.11663243763374,9.0006737475226e-08
1.12022289563257,9.08696774891569e-08
1.12381335363139,9.16831392617191e-08
1.12740381163021,9.25462732905492e-08
1.13099426962903,9.33776950646315e-08
1.13458472762786,9.41980602243388e-08
1.13817518562668,9.50155938523715e-08
1.1417656436255,9.58118871091073e-08
1.14535610162432,9.66053260703294e-08
1.14894655962315,9.73922018192427e-08
1.15253701762197,9.81700685661498e-08
1.15612747562079,9.89443533273649e-08
1.15971793361961,9.97166501955172e-08
1.16330839161844,1.00543623641806e-07
1.16689884961726,1.01182591319606e-07
1.17048930761608,1.01947025450124e-07
1.1740797656149,1.02694510446235e-07
1.17767022361372,1.0343420518265e-07
1.18126068161255,1.04178187737869e-07
1.18485113961137,1.0491058374528e-07
1.18844159761019,1.05640337892341e-07
1.19203205560901,1.0637040054059e-07
1.19562251360784,1.07095787731162e-07
1.19921297160666,1.07820904355199e-07
1.20280342960548,1.08548481098525e-07
1.2063938876043,1.0924015247918e-07
1.20998434560313,1.09975988859448e-07
1.21357480360195,1.10698011847449e-07
1.21716526160077,1.11419012993363e-07
1.22075571959959,1.12134315923763e-07
1.22434617759841,1.12857746153209e-07
1.22793663559724,1.13578895033765e-07
1.23152709359606,1.14300330160901e-07
1.23511755159488,1.15023392151779e-07
1.2387080095937,1.15747999369092e-07
1.24229846759253,1.16474271800205e-07
1.24588892559135,1.17213886049506e-07
1.24947938359017,1.17927748363991e-07
1.25306984158899,1.1866099983813e-07
1.25666029958782,1.19395911322873e-07
1.26025075758664,1.20136821390794e-07
1.26384121558546,1.20870887136362e-07
1.26743167358428,1.21614501189827e-07
1.2710221315831,1.22361290767641e-07
1.27461258958193,1.23111528749552e-07
1.27820304758075,1.23865924811759e-07
1.28179350557957,1.24624339778041e-07
1.28538396357839,1.2539059748771e-07
1.28897442157722,1.26139561278519e-07
1.29256487957604,1.26916266079807e-07
1.29615533757486,1.27692214095616e-07
1.29974579557368,1.28472664569554e-07
1.30333625357251,1.29260249538007e-07
1.30692671157133,1.30048999010183e-07
1.31051716957015,1.30843980597238e-07
1.31410762756897,1.31644081722616e-07
1.3176980855678,1.32451633224803e-07
1.32128854356662,1.33264563970443e-07
1.32487900156544,1.34083443456634e-07
1.32846945956426,1.3490954485408e-07
1.33205991756308,1.3573993697206e-07
1.33565037556191,1.36578191600517e-07
1.33924083356073,1.37423529029529e-07
1.34283129155955,1.38277312620962e-07
1.34642174955837,1.39134824158205e-07
1.3500122075572,1.40001534891966e-07
1.35360266555602,1.40876024143639e-07
1.35719312355484,1.4175700905137e-07
1.36078358155366,1.4264850746315e-07
1.36437403955249,1.43547241779359e-07
1.36796449755131,1.44457369815189e-07
1.37155495555013,1.45363864430306e-07
1.37514541354895,1.46290260565483e-07
1.37873587154777,1.47223449755016e-07
1.3823263295466,1.48165812519904e-07
1.38591678754542,1.49118737100535e-07
1.38950724554424,1.50079404808826e-07
1.39309770354306,1.51050439106352e-07
1.39668816154189,1.52031038642759e-07
1.40027861954071,1.53022637541642e-07
1.40386907753953,1.54024403281006e-07
1.40745953553835,1.55037157921781e-07
1.41104999353718,1.56060679334422e-07
1.414640451536,1.57095185916447e-07
1.41823090953482,1.58141421132582e-07
1.42182136753364,1.59199341134482e-07
1.42541182553247,1.60261027103882e-07
1.42900228353129,1.61350916937325e-07
1.43259274153011,1.62445576015393e-07
1.43618319952893,1.6355337296077e-07
1.43977365752775,1.64673848652848e-07
1.44336411552658,1.65807495458617e-07
1.4469545735254,1.66954893905897e-07
1.45054503152422,1.68115851864548e-07
1.45413548952304,1.69292741514455e-07
1.45772594752187,1.70482767985455e-07
1.46131640552069,1.71688946012232e-07
1.46490686351951,1.72914982619922e-07
1.46849732151833,1.74135771650586e-07
1.47208777951716,1.75390502669241e-07
1.47567823751598,1.76658719247805e-07
1.4792686955148,1.77943233866458e-07
1.48285915351362,1.79247295596124e-07
1.48644961151244,1.805655080545e-07
1.49004006951127,1.81903633595416e-07
1.49363052751009,1.83244194678108e-07
1.49722098550891,1.84624575227164e-07
1.50081144350773,1.86016778899713e-07
1.50440190150656,1.87427305726995e-07
1.50799235950538,1.88873251135357e-07
1.5115828175042,1.90313814114851e-07
1.51517327550302,1.91784886737784e-07
1.51876373350185,1.93277248836586e-07
1.52235419150067,1.94792002696356e-07
1.52594464949949,1.96329295697704e-07
1.52953510749831,1.97889058491755e-07
1.53312556549713,1.99469430709548e-07
1.53671602349596,2.01079218327068e-07
1.54030648149478,2.02710393501427e-07
1.5438969394936,2.04366091066326e-07
1.54748739749242,2.06041674455925e-07
1.55107785549125,2.07761962288769e-07
1.55466831349007,2.09495486617705e-07
1.55825877148889,2.11258134066894e-07
1.56184922948771,2.13049049432558e-07
1.56543968748654,2.14869718554049e-07
1.56903014548536,2.16720157041884e-07
1.57262060348418,2.18602810749811e-07
1.576211061483,2.20506784139806e-07
1.57980151948183,2.22452624301278e-07
1.58339197748065,2.24429948425391e-07
1.58698243547947,2.26438749241744e-07
1.59057289347829,2.28496236992487e-07
1.59416335147711,2.30571612076853e-07
1.59775380947594,2.32688771719232e-07
1.60134426747476,2.34843596957433e-07
1.60493472547358,2.37038884802129e-07
1.6085251834724,2.39272315373058e-07
1.61211564147123,2.41547194117218e-07
1.61570609947005,2.43861245703825e-07
1.61929655746887,2.46225283632753e-07
1.62288701546769,2.48629767285162e-07
1.62647747346652,2.51080943665681e-07
1.63006793146534,2.53588142623316e-07
1.63365838946416,2.56121298646407e-07
1.63724884746298,2.58718397919235e-07
1.6408393054618,2.61366034613089e-07
1.64442976346063,2.64067123982067e-07
1.64802022145945,2.66822537747574e-07
1.65161067945827,2.69634206442604e-07
1.65520113745709,2.72503159371878e-07
1.65879159545592,2.75434595557378e-07
1.66238205345474,2.78426352253069e-07
1.66597251145356,2.81481709816864e-07
1.66956296945238,2.8460111387402e-07
1.67315342745121,2.87800314044269e-07
1.67674388545003,2.91057199278001e-07
1.68033434344885,2.94390177933683e-07
1.68392480144767,2.97798996670632e-07
1.6875152594465,3.01285266643917e-07
1.69110571744532,3.04853126615471e-07
1.69469617544414,3.08504417706049e-07
1.69828663344296,3.12240430416868e-07
1.70187709144178,3.16068378626548e-07
1.70546754944061,3.19989340193773e-07
1.70905800743943,3.24006178879393e-07
1.71264846543825,3.28166294628577e-07
1.71623892343707,3.3234360954131e-07
1.7198293814359,3.36670131305273e-07
1.72341983943472,3.41103377538015e-07
1.72701029743354,3.45640550261283e-07
1.73060075543236,3.50322260239962e-07
1.73419121343119,3.55142035786562e-07
1.73778167143001,3.60083988226055e-07
1.74137212942883,3.65158300999712e-07
1.74496258742765,3.7037450738535e-07
1.74855304542647,3.75738912315056e-07
1.7521435034253,3.81256815769936e-07
1.75573396142412,3.86942786914831e-07
1.75932441942294,3.92792154181496e-07
1.76291487742176,3.98819169546993e-07
1.76650533542059,4.05031092305296e-07
1.77009579341941,4.11437422954783e-07
1.77368625141823,4.18046891388399e-07
1.77727670941705,4.24868830951167e-07
1.78086716741588,4.31914769489912e-07
1.7844576254147,4.39194362011928e-07
1.78804808341352,4.46720671796841e-07
1.79163854141234,4.54506146919241e-07
1.79522899941117,4.62560091964263e-07
1.79881945740999,4.70908921629454e-07
1.80240991540881,4.79557983955315e-07
1.80600037340763,4.88526928815271e-07
1.80959083140645,4.97832743318241e-07
1.81318128940528,5.07497764555544e-07
1.8167717474041,5.17540965410355e-07
1.82036220540292,5.27987952649918e-07
1.82395266340174,5.38854921967809e-07
1.82754312140057,5.50180025133022e-07
1.83113357939939,5.61990073365913e-07
1.83472403739821,5.74359677102366e-07
1.83831449539703,5.87122517893091e-07
1.84190495339586,6.00586063188184e-07
1.84549541139468,6.14661256143252e-07
1.8490858693935,6.29405046492059e-07
1.85267632739232,6.44865020202708e-07
1.85626678539114,6.61096500382434e-07
1.85985724338997,6.78159085830246e-07
1.86344770138879,6.96120621756762e-07
1.86703815938761,7.15050278797532e-07
1.87062861738643,7.35031530852861e-07
1.87421907538526,7.56157875166728e-07
1.87780953338408,7.7848089659162e-07
1.8813999913829,8.02217596467241e-07
1.88499044938172,8.27415569745948e-07
1.88858090738055,8.54235785230539e-07
1.89217136537937,8.82842173317687e-07
1.89576182337819,9.13417875523349e-07
1.89935228137701,9.46174906645003e-07
1.90294273937583,9.81352929492638e-07
1.90653319737466,1.0192402633678e-06
1.91012365537348,1.06015422745401e-06
1.9137141133723,1.10447981547693e-06
1.91730457137112,1.15280732141288e-06
1.92089502936995,1.20510828795911e-06
1.92448548736877,1.26265633819766e-06
1.92807594536759,1.32593316335121e-06
1.93166640336641,1.39585486764948e-06
1.93525686136524,1.47353306805185e-06
1.93884731936406,1.56032899367124e-06
1.94243777736288,1.65795360533889e-06
1.9460282353617,1.76855230763226e-06
1.94961869336053,1.89492132557917e-06
1.95320915135935,2.04066324675933e-06
1.95679960935817,2.21050640397755e-06
1.96039006735699,2.41202110082491e-06
1.96398052535581,2.65261158203573e-06
1.96757098335464,2.94678394405899e-06
1.97116144135346,3.31425272883496e-06
1.97475189935228,3.78625814897159e-06
1.9783423573511,4.41478819102943e-06
1.98193281534993,5.29316765970559e-06
1.98552327334875,6.60732703937734e-06
1.98911373134757,8.78852643541954e-06
1.99270418934639,1.31172643760844e-05
1.99629464734522,2.58402909519472e-05
1.99988510534404,0.000850148438712833
2.00347556334286,2.75227596235368e-05
2.00706602134168,1.35445842435415e-05
2.01065647934051,8.98361278708369e-06
2.01424693733933,6.72114421674107e-06
2.01783739533815,5.36937071615039e-06
2.02142785333697,4.47055596446193e-06
2.02501831133579,3.82970062838598e-06
2.02860876933462,3.34968413802937e-06
2.03219922733344,2.9767085301267e-06
2.03578968533226,2.67855286132269e-06
2.03938014333108,2.43469115885822e-06
2.04297060132991,2.23187485140629e-06
2.04656105932873,2.06007818542004e-06
2.05015151732755,1.91292212526031e-06
2.05374197532637,1.78543415963234e-06
2.05733243332519,1.67391675227966e-06
2.06092289132402,1.57554248999461e-06
2.06451334932284,1.48811809336019e-06
2.06810380732166,1.4099171298073e-06
2.07169426532048,1.33954137798756e-06
2.07528472331931,1.27588049047655e-06
2.07887518131813,1.218015898533e-06
2.08246563931695,1.16517143305072e-06
2.08605609731577,1.11676826765879e-06
2.0896465553146,1.07222896510668e-06
2.09323701331342,1.03111934848788e-06
2.09682747131224,9.93055858452174e-07
2.10041792931106,9.57718430965182e-07
2.10400838730989,9.2481864855976e-07
2.10759884530871,8.94112859127434e-07
2.11118930330753,8.65393726646339e-07
2.11477976130635,8.38467954226647e-07
2.11837021930517,8.13172751372431e-07
2.121960677304,7.89340606247651e-07
2.12555113530282,7.66960841510427e-07
2.12914159330164,7.4575707424039e-07
2.13273205130046,7.25708594939447e-07
2.13632250929929,7.06719956964826e-07
2.13991296729811,6.88696688571178e-07
2.14350342529693,6.71584171765637e-07
2.14709388329575,6.55306073727381e-07
2.15068434129458,6.39802287180165e-07
2.1542747992934,6.25020983997886e-07
2.15786525729222,6.10912462210249e-07
2.16145571529104,5.9743078911444e-07
2.16504617328986,5.84539249811813e-07
2.16863663128869,5.72191778258303e-07
2.17222708928751,5.60360699422446e-07
2.17581754728633,5.49013394675632e-07
2.17940800528515,5.38122629223173e-07
2.18299846328398,5.27654387672759e-07
2.1865889212828,5.17590929267151e-07
2.19017937928162,5.07908561924732e-07
2.19376983728044,4.98583970231089e-07
2.19736029527927,4.89599023536878e-07
2.20095075327809,4.80935802252301e-07
2.20454121127691,4.72586010557243e-07
2.20813166927573,4.6449967786001e-07
2.21172212727456,4.56703722914079e-07
2.21531258527338,4.49166226940506e-07
2.2189030432722,4.41874479261322e-07
2.22249350127102,4.34823337380331e-07
2.22608395926984,4.27991920041427e-07
2.22967441726867,4.21374427630142e-07
2.23326487526749,4.149602009979e-07
2.23685533326631,4.08741438455115e-07
2.24044579126513,4.02707009203984e-07
2.24403624926396,3.96847152870808e-07
2.24762670726278,3.91180092469804e-07
2.2512171652616,3.85648693660992e-07
2.25480762326042,3.8027997069062e-07
2.25839808125925,3.75062459004427e-07
2.26198853925807,3.69974672954442e-07
2.26557899725689,3.65043221279556e-07
2.26916945525571,3.60237618060561e-07
2.27275991325454,3.55559666683465e-07
2.27635037125336,3.5099998795762e-07
2.27994082925218,3.46558353789331e-07
2.283531287251,3.42229303118618e-07
2.28712174524982,3.38001996392493e-07
2.29071220324865,3.33893495418474e-07
2.29430266124747,3.29877453196679e-07
2.29789311924629,3.25958619356636e-07
2.30148357724511,3.22133988965931e-07
2.30507403524394,3.18396381224008e-07
2.30866449324276,3.14747571324961e-07
2.31225495124158,3.11182794010647e-07
2.3158454092404,3.07699956007844e-07
2.31943586723923,3.04294172390777e-07
2.32302632523805,3.00963894674562e-07
2.32661678323687,2.9770542198304e-07
2.33020724123569,2.94526217751741e-07
2.33379769923451,2.91407329423957e-07
2.33738815723334,2.88356470452619e-07
2.34097861523216,2.85370839394614e-07
2.34456907323098,2.82441719338248e-07
2.3481595312298,2.79579788037266e-07
2.35174998922863,2.76774628667667e-07
2.35534044722745,2.74025784846969e-07
2.35893090522627,2.71334286747324e-07
2.36252136322509,2.6869337584004e-07
2.36611182122392,2.66105598313709e-07
2.36970227922274,2.63539363691809e-07
2.37329273722156,2.61074505430619e-07
2.37688319522038,2.58633462151405e-07
2.38047365321921,2.56238367818468e-07
2.38406411121803,2.53888946981841e-07
2.38765456921685,2.51579524372432e-07
2.39124502721567,2.49314590576567e-07
2.39483548521449,2.47091557844938e-07
2.39842594321332,2.44906022388682e-07
2.40201640121214,2.42761533062704e-07
2.40560685921096,2.40654939072326e-07
2.40919731720978,2.38585498048769e-07
2.41278777520861,2.36550525524934e-07
2.41637823320743,2.34551577630922e-07
2.41996869120625,2.32586375026544e-07
2.42355914920507,2.30651587775333e-07
2.4271496072039,2.28763775488335e-07
2.43074006520272,2.26893344398615e-07
2.43433052320154,2.25056602907125e-07
2.43792098120036,2.23250982214033e-07
2.44151143919918,2.21473706091463e-07
2.44510189719801,2.19725355426228e-07
2.44869235519683,2.1800544128054e-07
2.45228281319565,2.16312300715288e-07
2.45587327119447,2.14646556930378e-07
2.4594637291933,2.13006753582764e-07
2.46305418719212,2.1139224756951e-07
2.46664464519094,2.0979341691186e-07
2.47023510318976,2.08235802761026e-07
2.47382556118859,2.06694555599971e-07
2.47741601918741,2.05175983086428e-07
2.48100647718623,2.03681587193868e-07
2.48459693518505,2.02206746079221e-07
2.48818739318387,2.00753878840963e-07
2.4917778511827,1.99313043545047e-07
2.49536830918152,1.97920723202129e-07
2.49895876718034,1.96529372257331e-07
2.50254922517916,1.95160819595127e-07
2.50613968317799,1.93818849980796e-07
2.50973014117681,1.9246804423785e-07
2.51332059917563,1.91159394666082e-07
2.51691105717445,1.89866121659883e-07
2.52050151517328,1.88589887079378e-07
2.5240919731721,1.87330901981327e-07
2.52768243117092,1.86089133538792e-07
2.53127288916974,1.8486338006073e-07
2.53486334716857,1.83657932360813e-07
2.53845380516739,1.82464279237899e-07
2.54204426316621,1.81287028544775e-07
2.54563472116503,1.80124086105179e-07
2.54922517916385,1.78995981964609e-07
2.55281563716268,1.77853455510922e-07
2.5564060951615,1.76736107055579e-07
2.55999655316032,1.75633613171009e-07
2.56358701115914,1.74546005959117e-07
2.56717746915797,1.73471455386296e-07
2.57076792715679,1.72410809034818e-07
2.57435838515561,1.71360308571019e-07
2.57794884315443,1.70329483082439e-07
2.58153930115326,1.69308165738213e-07
2.58512975915208,1.68298867586586e-07
2.5887202171509,1.67299154594962e-07
2.59231067514972,1.66320553597765e-07
2.59590113314854,1.65347625051097e-07
2.59949159114737,1.6438659981168e-07
2.60308204914619,1.63438211403651e-07
2.60667250714501,1.6249962928772e-07
2.61026296514383,1.61572768941437e-07
2.61385342314266,1.60655752179807e-07
2.61744388114148,1.59755905887854e-07
2.6210343391403,1.58859571020907e-07
2.62462479713912,1.57976403664469e-07
2.62821525513795,1.57106500813654e-07
2.63180571313677,1.56219945777899e-07
2.63539617113559,1.5537652606871e-07
2.63898662913441,1.54533689213657e-07
2.64257708713324,1.53699774461475e-07
2.64616754513206,1.52874276702937e-07
2.64975800313088,1.52058151552019e-07
2.6533484611297,1.51250888838623e-07
2.65693891912852,1.50455623826117e-07
2.66052937712735,1.49663997485276e-07
2.66411983512617,1.48882918953895e-07
2.66771029312499,1.4811054122175e-07
2.67130075112381,1.47348485257148e-07
2.67489120912264,1.46590396234927e-07
2.67848166712146,1.45843378414873e-07
2.68207212512028,1.45104085838193e-07
2.6856625831191,1.443732993288e-07
2.68925304111792,1.43648488555522e-07
2.69284349911675,1.42932471780784e-07
2.69643395711557,1.42222619465206e-07
2.70002441511439,1.41526258418712e-07
2.70361487311321,1.40833550895605e-07
2.70720533111204,1.40149957916192e-07
2.71079578911086,1.39485535091737e-07
2.71438624710968,1.38766606891237e-07
2.7179767051085,1.38117253592187e-07
2.72156716310733,1.3746192092334e-07
2.72515762110615,1.36813165633134e-07
2.72874807910497,1.36168688309702e-07
2.73233853710379,1.35530980879569e-07
2.73592899510262,1.34899833260022e-07
2.73951945310144,1.34274118919963e-07
2.74310991110026,1.3365629788926e-07
2.74670036909908,1.3304463101488e-07
2.7502908270979,1.32438508504581e-07
2.75388128509673,1.31861640789625e-07
2.75747174309555,1.31248574614612e-07
2.76106220109437,1.30661054899198e-07
2.76465265909319,1.30080136551478e-07
2.76824311709202,1.29505219460833e-07
2.77183357509084,1.28936581004553e-07
2.77542403308966,1.28373524987075e-07
2.77901449108848,1.27815678474595e-07
2.78260494908731,1.2726653020969e-07
2.78619540708613,1.26721274550783e-07
2.78978586508495,1.26180979745111e-07
2.79337632308377,1.2563932014217e-07
2.7969667810826,1.25132744642423e-07
2.80055723908142,1.2460773221779e-07
2.80414769708024,1.24091960041107e-07
2.80773815507906,1.23583659229075e-07
2.81132861307788,1.23079679416177e-07
2.81491907107671,1.2258398661321e-07
2.81850952907553,1.22094904873661e-07
2.82209998707435,1.21606887945363e-07
2.82569044507317,1.2113286773441e-07
2.829280903072,1.20664239191303e-07
2.83287136107082,1.20206805337662e-07
2.83646181906964,1.19687201649137e-07
2.84005227706846,1.19279869615419e-07
2.84364273506729,1.18840976949697e-07
2.84723319306611,1.18408003859517e-07
2.85082365106493,1.17980888956745e-07
2.85441410906375,1.17562618152436e-07
2.85800456706257,1.171529789353e-07
2.8615950250614,1.16755505275793e-07
2.86518548306022,1.16361894896884e-07
2.86877594105904,1.15982177721894e-07
2.87236639905786,1.1561541563433e-07
2.87595685705669,1.15283199809398e-07
2.87954731505551,1.14896333742036e-07
2.88313777305433,1.1457194847197e-07
2.88672823105315,1.14258975105008e-07
2.89031868905198,1.13962669944168e-07
2.8939091470508,1.13684470942904e-07
2.89749960504962,1.13427860993896e-07
2.90109006304844,1.13194770364733e-07
2.90468052104727,1.12996399510225e-07
2.90827097904609,1.12826322397761e-07
2.91186143704491,1.12699080354936e-07
2.91545189504373,1.12654815090537e-07
2.91904235304255,1.12318424850495e-07
2.92263281104138,1.12469587623284e-07
2.9262232690402,1.12562556579382e-07
2.92981372703902,1.12724212560634e-07
2.93340418503784,1.12977171498282e-07
2.93699464303667,1.13350782265992e-07
2.94058510103549,1.13869359986618e-07
2.94417555903431,1.14568620118687e-07
2.94776601703313,1.15504418943924e-07
2.95135647503196,1.16735913577288e-07
2.95494693303078,1.18352118320494e-07
2.9585373910296,1.20330656607309e-07
2.96212784902842,1.23384217370093e-07
2.96571830702724,1.27193032353186e-07
2.96930876502607,1.3239806146556e-07
2.97289922302489,1.39644283414956e-07
2.97648968102371,1.50005290116529e-07
2.98008013902253,1.65370847369397e-07
2.98367059702136,1.89330585849574e-07
2.98726105502018,2.29558439033169e-07
2.990851513019,3.05803819825093e-07
2.99444197101782,4.88747208404911e-07
2.99803242901665,1.36535924718053e-06
3.00162288701547,1.65671760353653e-06
3.00521334501429,5.28618732695859e-07
3.00880380301311,3.25122172480808e-07
3.01239426101194,2.42534114853502e-07
3.01598471901076,1.9903639461202e-07
3.01957517700958,1.72829203094997e-07
3.0231656350084,1.55659081428606e-07
3.02675609300722,1.4372963234457e-07
3.03034655100605,1.35063583296176e-07
3.03393700900487,1.28543587242685e-07
3.03752746700369,1.23503821047105e-07
3.04111792500251,1.17918222550277e-07
3.04470838300134,1.16161720781146e-07
3.04829884100016,1.13482180055186e-07
3.05188929899898,1.11221368158976e-07
3.0554797569978,1.09290112990386e-07
3.05907021499663,1.0762072318377e-07
3.06266067299545,1.06159338637831e-07
3.06625113099427,1.04865613999766e-07
3.06984158899309,1.03714398073918e-07
3.07343204699191,1.02677642580134e-07
3.07702250499074,1.01744474965981e-07
3.08061296298956,1.00963225057504e-07
3.08420342098838,9.99510250592959e-08
3.0877938789872,9.92632646270369e-08
3.09138433698603,9.8582869517061e-08
3.09497479498485,9.79390172792848e-08
3.09856525298367,9.73276040200545e-08
3.10215571098249,9.67504317020074e-08
3.10574616898132,9.62015203836697e-08
3.10933662698014,9.56776715791156e-08
3.11292708497896,9.5176751262986e-08
3.11651754297778,9.46967669795167e-08
3.1201080009766,9.42375268341296e-08
3.12369845897543,9.37464605696517e-08
3.12728891697425,9.33470245621218e-08
3.13087937497307,9.29315500839304e-08
3.13446983297189,9.25266782287806e-08
3.13806029097072,9.21399815838613e-08
3.14165074896954,9.17497006711109e-08
3.14524120696836,9.13748764764367e-08
3.14883166496718,9.10074870902764e-08
3.15242212296601,9.06524183637701e-08
3.15601258096483,9.03018788409532e-08
3.15960303896365,8.99569677132544e-08
3.16319349696247,8.96004429914549e-08
3.1667839549613,8.93081902765085e-08
3.17037441296012,8.89783177813614e-08
3.17396487095894,8.86585730301784e-08
3.17755532895776,8.83444774442855e-08
3.18114578695658,8.80371335361303e-08
3.18473624495541,8.77336125868616e-08
3.18832670295423,8.74344333287359e-08
3.19191716095305,8.71386846980013e-08
3.19550761895187,8.68478369466416e-08
3.1990980769507,8.65609547229833e-08
3.20268853494952,8.62766186284178e-08
3.20627899294834,8.60031490876522e-08
3.20986945094716,8.57234756061051e-08
3.21345990894599,8.54499942134484e-08
3.21705036694481,8.51797686345407e-08
3.22064082494363,8.49133930782868e-08
3.22423128294245,8.46484528186424e-08
3.22782174094128,8.43872472971266e-08
3.2314121989401,8.41293542288107e-08
3.23500265693892,8.38721920952682e-08
3.23859311493774,8.36189966216265e-08
3.24218357293656,8.33685053904256e-08
3.24577403093539,8.31303904684383e-08
3.24936448893421,8.28692127558005e-08
3.25295494693303,8.26264098076572e-08
3.25654540493185,8.23847852967042e-08
3.26013586293068,8.21475590313746e-08
3.2637263209295,8.19053400152573e-08
3.26731677892832,8.1669713044882e-08
3.27090723692714,8.14347931749295e-08
3.27449769492596,8.12065917932084e-08
3.27808815292479,8.09757680618547e-08
3.28167861092361,8.07474149312985e-08
3.28526906892243,8.05220161620668e-08
3.28885952692125,8.02914807185452e-08
3.29244998492008,8.00707909199049e-08
3.2960404429189,7.98500315480964e-08
3.29963090091772,7.96313219114224e-08
3.30322135891654,7.94075206426506e-08
3.30681181691537,7.91938172379518e-08
3.31040227491419,7.89789135111173e-08
3.31399273291301,7.87647604504957e-08
3.31758319091183,7.85538661425244e-08
3.32117364891066,7.83435664067492e-08
3.32476410690948,7.8134399582392e-08
3.3283545649083,7.79248015377579e-08
3.33194502290712,7.77203033980223e-08
3.33553548090594,7.75156794647404e-08
3.33912593890477,7.73126151292846e-08
3.34271639690359,7.71165281875355e-08
3.34630685490241,7.69079072959315e-08
3.34989731290123,7.6708962359527e-08
3.35348777090006,7.65110357579251e-08
3.35707822889888,7.63131411979231e-08
3.3606686868977,7.61189530020518e-08
3.36425914489652,7.59260745981715e-08
3.36784960289535,7.57426274579112e-08
3.37144006089417,7.55238099391076e-08
3.37503051889299,7.53402972862082e-08
3.37862097689181,7.51514776110213e-08
3.38221143489063,7.49621124633505e-08
3.38580189288946,7.47808686298538e-08
3.38939235088828,7.45921919717793e-08
3.3929828088871,7.44063369209591e-08
3.39657326688592,7.42240941537325e-08
3.40016372488475,7.40394607664288e-08
3.40375418288357,7.38571378582032e-08
3.40734464088239,7.36759419656952e-08
3.41093509888121,7.34933111371772e-08
3.41452555688004,7.3316270668906e-08
3.41811601487886,7.31383700472231e-08
3.42170647287768,7.29613853076645e-08
3.4252969308765,7.27765440190139e-08
3.42888738887533,7.26102167625071e-08
3.43247784687415,7.24360625167556e-08
3.43606830487297,7.22629292219911e-08
3.43965876287179,7.20912772513565e-08
3.44324922087061,7.19199550048837e-08
3.44683967886944,7.17492422711929e-08
3.45043013686826,7.15775096258916e-08
3.45402059486708,7.14141367659777e-08
3.4576110528659,7.12464730769136e-08
3.46120151086473,7.10808084533462e-08
3.46479196886355,7.09213041889158e-08
3.46838242686237,7.0740033937027e-08
3.47197288486119,7.05803204917522e-08
3.47556334286002,7.04181171999041e-08
3.47915380085884,7.02563244894676e-08
3.48274425885766,7.00963872028653e-08
3.48633471685648,6.99363418413251e-08
3.48992517485531,6.97795460494026e-08
3.49351563285413,6.95979812703563e-08
3.49710609085295,6.94533351851994e-08
3.50069654885177,6.92971080131155e-08
3.50428700685059,6.91405651585739e-08
3.50787746484942,6.90032917643345e-08
3.51146792284824,6.88343235339114e-08
3.51505838084706,6.86791668475845e-08
3.51864883884588,6.85254250346973e-08
3.52223929684471,6.83724517024883e-08
3.52582975484353,6.82208860766504e-08
3.52942021284235,6.80698329687647e-08
3.53301067084117,6.79223933346572e-08
3.53660112884,6.77677603502321e-08
3.54019158683882,6.76189192679336e-08
3.54378204483764,6.7469836351893e-08
3.54737250283646,6.73140726959012e-08
3.55096296083528,6.71829286482274e-08
3.55455341883411,6.7033984345977e-08
3.55814387683293,6.68879644968271e-08
3.56173433483175,6.67428418049056e-08
3.56532479283057,6.6599416973582e-08
3.5689152508294,6.64558721112971e-08
3.57250570882822,6.63133194040698e-08
3.57609616682704,6.61708512801491e-08
3.57968662482586,6.60300671183358e-08
3.58327708282469,6.58898017541821e-08
3.58686754082351,6.5751712571317e-08
3.59045799882233,6.56010100910617e-08
3.59404845682115,6.54686913879754e-08
3.59763891481997,6.53314237676801e-08
3.6012293728188,6.51933557315233e-08
3.60481983081762,6.50574142450865e-08
3.60841028881644,6.49214484718489e-08
3.61200074681526,6.47861268800082e-08
3.61559120481409,6.46493394289357e-08
3.61918166281291,6.45174617284114e-08
3.62277212081173,6.4383693786206e-08
3.62636257881055,6.42512096075159e-08
3.62995303680938,6.41244207385971e-08
3.6335434948082,6.39839237315229e-08
3.63713395280702,6.38533156269431e-08
3.64072441080584,6.37229773979077e-08
3.64431486880467,6.35932091545874e-08
3.64790532680349,6.34629348797249e-08
3.65149578480231,6.33337947747564e-08
3.65508624280113,6.32048813488619e-08
3.65867670079995,6.30780136373609e-08
3.66226715879878,6.29506286650505e-08
3.6658576167976,6.28240008899831e-08
3.66944807479642,6.26983467878287e-08
3.67303853279524,6.25692450980407e-08
3.67662899079407,6.24447814381289e-08
3.68021944879289,6.23202567125792e-08
3.68380990679171,6.21959135216376e-08
3.68740036479053,6.20747668660981e-08
3.69099082278936,6.19503233498112e-08
3.69458128078818,6.18274487566706e-08
3.698171738787,6.17028242498892e-08
3.70176219678582,6.15829158607632e-08
3.70535265478464,6.14618415499043e-08
3.70894311278347,6.13413568207859e-08
3.71253357078229,6.12202002229678e-08
3.71612402878111,6.1101159850503e-08
3.71971448677993,6.09817372231902e-08
3.72330494477876,6.0862389451262e-08
3.72689540277758,6.07448590293548e-08
3.7304858607764,6.06267801092018e-08
3.73407631877522,6.05094618162163e-08
3.73766677677405,6.03919803818482e-08
3.74125723477287,6.02754814440441e-08
3.74484769277169,6.01593556288592e-08
3.74843815077051,6.00436081129737e-08
3.75202860876934,5.99282894612733e-08
3.75561906676816,5.98142285368069e-08
3.75920952476698,5.9699384383886e-08
3.7627999827658,5.95853199926938e-08
3.76639044076462,5.94712606409109e-08
3.76998089876345,5.93590482120769e-08
3.77357135676227,5.92459800366514e-08
3.77716181476109,5.91337378049742e-08
3.78075227275991,5.9020281951616e-08
3.78434273075874,5.89086318039331e-08
3.78793318875756,5.87978019937869e-08
3.79152364675638,5.86865376524853e-08
3.7951141047552,5.85764612085069e-08
3.79870456275403,5.84660763810465e-08
3.80229502075285,5.83563802416397e-08
3.80588547875167,5.82470576847208e-08
3.80947593675049,5.81394246182901e-08
3.81306639474931,5.80289419625715e-08
3.81665685274814,5.79204457533765e-08
3.82024731074696,5.78113526207722e-08
3.82383776874578,5.77068891661569e-08
3.8274282267446,5.76008323246075e-08
3.83101868474343,5.74991854726628e-08
3.83460914274225,5.74347639342345e-08
3.83819960074107,5.72414524911031e-08
3.84179005873989,5.71508697210056e-08
3.84538051673872,5.70478121158821e-08
3.84897097473754,5.69433953311071e-08
3.85256143273636,5.68371448858667e-08
3.85615189073518,5.67309735204446e-08
3.85974234873401,5.66237585270688e-08
3.86333280673283,5.65187256525603e-08
3.86692326473165,5.64108238434812e-08
3.87051372273047,5.6301138659325e-08
3.87410418072929,5.61822884019556e-08
3.87769463872812,5.61725338499273e-08
3.88128509672694,5.60073735608318e-08
3.88487555472576,5.58949361775135e-08
3.88846601272458,5.57863036933545e-08
3.89205647072341,5.56797343086761e-08
3.89564692872223,5.55722177776498e-08
3.89923738672105,5.5465607328432e-08
3.90282784471987,5.535632431388e-08
3.9064183027187,5.52552992224015e-08
3.91000876071752,5.51574155583314e-08
3.91359921871634,5.50765956923167e-08
3.91718967671516,5.53142979230474e-08
3.92078013471399,5.46825528517319e-08
3.92437059271281,5.46223684364136e-08
3.92796105071163,5.45207447502964e-08
3.93155150871045,5.44093274126788e-08
3.93514196670927,5.42922872095096e-08
3.9387324247081,5.41701641382121e-08
3.94232288270692,5.40444842098863e-08
3.94591334070574,5.39102219005083e-08
3.94950379870456,5.37738435844905e-08
3.95309425670339,5.36337529095202e-08
3.95668471470221,5.35040372779223e-08
3.96027517270103,5.32282967129625e-08
3.96386563069985,5.3091563949873e-08
3.96745608869867,5.28945785036742e-08
3.9710465466975,5.26646333790758e-08
3.97463700469632,5.23909882864756e-08
3.97822746269514,5.20568142957098e-08
3.98181792069396,5.16231274436144e-08
3.98540837869279,5.10216233242997e-08
3.98899883669161,5.0075360840243e-08
3.99258929469043,4.82985884263606e-08
3.99617975268925,4.3356706115808e-08
3.99977021068808,1.28750873894684e-07
4.0033606686869,6.47552007989775e-08
4.00695112668572,5.87314352495107e-08
4.01054158468454,5.67615816317923e-08
4.01413204268337,5.57561941077498e-08
4.01772250068219,5.51345884999635e-08
4.02131295868101,5.47035614242226e-08
4.02490341667983,5.43868914726155e-08
4.02849387467865,5.41553852943115e-08
4.03208433267748,5.40044632447177e-08
4.0356747906763,5.39932381073879e-08
4.03926524867512,5.47832584928634e-08
4.04285570667394,5.17390550579934e-08
4.04644616467277,5.25361403823345e-08
4.05003662267159,5.25860905211175e-08
4.05362708067041,5.25360677168807e-08
4.05721753866923,5.24552942314707e-08
4.06080799666806,5.23638190672419e-08
4.06439845466688,5.22684963868658e-08
4.0679889126657,5.21702559849263e-08
4.07157937066452,5.20739894986469e-08
4.07516982866334,5.19786842416748e-08
4.07876028666217,5.18847108891914e-08
4.08235074466099,5.175831530368e-08
4.08594120265981,5.16931517252534e-08
4.08953166065863,5.16020883038055e-08
4.09312211865746,5.15119907900755e-08
4.09671257665628,5.14242021851681e-08
4.1003030346551,5.13339585728528e-08
4.10389349265392,5.1245988799326e-08
4.10748395065275,5.11592999590617e-08
4.11107440865157,5.10738179639267e-08
4.11466486665039,5.09892424277001e-08
4.11825532464921,5.09069333337988e-08
4.12184578264803,5.0837470645192e-08
4.12543624064686,5.07237083482122e-08
4.12902669864568,5.06479043980506e-08
4.1326171566445,5.05672897089378e-08
4.13620761464332,5.04851082366433e-08
4.13979807264215,5.04109216362944e-08
4.14338853064097,5.03300012571226e-08
4.14697898863979,5.02512669867382e-08
4.15056944663861,5.01693115328507e-08
4.15415990463744,5.00941020834355e-08
4.15775036263626,5.00185927977431e-08
4.16134082063508,4.99497400127383e-08
4.1649312786339,4.97975135603903e-08
4.16852173663272,4.97708610206238e-08
4.17211219463155,4.96993811904971e-08
4.17570265263037,4.96258245963961e-08
4.17929311062919,4.95510020293663e-08
4.18288356862801,4.94766170775864e-08
4.18647402662684,4.94027277558062e-08
4.19006448462566,4.93298214573631e-08
4.19365494262448,4.92553828422836e-08
4.1972454006233,4.91828857802567e-08
4.20083585862213,4.91116068278067e-08
4.20442631662095,4.905354011422e-08
4.20801677461977,4.89579979493341e-08
4.21160723261859,4.88888663626866e-08
4.21519769061742,4.8818223390142e-08
4.21878814861624,4.87468337639909e-08
4.22237860661506,4.86771839330773e-08
4.22596906461388,4.86060101615761e-08
4.22955952261271,4.85351807791764e-08
4.23314998061153,4.84675090629676e-08
4.23674043861035,4.83975357610976e-08
4.24033089660917,4.83276732718587e-08
4.24392135460799,4.82576271089581e-08
4.24751181260682,4.81931804100238e-08
4.25110227060564,4.81226250796087e-08
4.25469272860446,4.80541214386135e-08
4.25828318660328,4.79861490054053e-08
4.26187364460211,4.79196986155304e-08
4.26546410260093,4.78516218706224e-08
4.26905456059975,4.77844553385894e-08
4.27264501859857,4.77131016132401e-08
4.2762354765974,4.76511690622972e-08
4.27982593459622,4.75856898308141e-08
4.28341639259504,4.7520763139328e-08
4.28700685059386,4.74665249331568e-08
4.29059730859268,4.73868602234631e-08
4.29418776659151,4.73227254025854e-08
4.29777822459033,4.72585060183877e-08
4.30136868258915,4.71967121191632e-08
4.30495914058797,4.71289205892861e-08
4.3085495985868,4.70655559758011e-08
4.31214005658562,4.70030660250067e-08
4.31573051458444,4.69365955608382e-08
4.31932097258326,4.68737014747744e-08
4.32291143058209,4.68108712346451e-08
4.32650188858091,4.67467936494684e-08
4.33009234657973,4.66895755605141e-08
4.33368280457855,4.66248257790801e-08
4.33727326257737,4.65622271969432e-08
4.3408637205762,4.64982496856026e-08
4.34445417857502,4.64473304032321e-08
4.34804463657384,4.63812512932033e-08
4.35163509457266,4.63195231683534e-08
4.35522555257149,4.62601426332374e-08
4.35881601057031,4.61991287233601e-08
4.36240646856913,4.61382523147003e-08
4.36599692656795,4.60781387682621e-08
4.36958738456678,4.60222080907747e-08
4.3731778425656,4.59590839386457e-08
4.37676830056442,4.58996680247341e-08
4.38035875856324,4.58399945642131e-08
4.38394921656207,4.57733213653083e-08
4.38753967456089,4.57245833408e-08
4.39113013255971,4.56661380660895e-08
4.39472059055853,4.56069324829473e-08
4.39831104855736,4.5551520382144e-08
4.40190150655618,4.54939107485399e-08
4.405491964555,4.54369718236604e-08
4.40908242255382,4.53806011442975e-08
4.41267288055264,4.53222389580959e-08
4.41626333855147,4.52668784683883e-08
4.41985379655029,4.52119787531368e-08
4.42344425454911,4.51614508837154e-08
4.42703471254793,4.50888673870572e-08
4.43062517054676,4.50388510366448e-08
4.43421562854558,4.49848137035692e-08
4.4378060865444,4.49295084994709e-08
4.44139654454322,4.48758561609638e-08
4.44498700254205,4.48216205220248e-08
4.44857746054087,4.47676355831989e-08
4.45216791853969,4.47108216521604e-08
4.45575837653851,4.46582022886274e-08
4.45934883453733,4.46050865711151e-08
4.46293929253616,4.4551315002599e-08
4.46652975053498,4.45219681172298e-08
4.4701202085338,4.44485314518804e-08
4.47371066653262,4.43950694531211e-08
4.47730112453145,4.43425248634341e-08
4.48089158253027,4.4289893167189e-08
4.48448204052909,4.4238270694368e-08
4.48807249852791,4.41865941221829e-08
4.49166295652673,4.41351377638757e-08
4.49525341452556,4.40836944748399e-08
4.49884387252438,4.40323801729798e-08
4.5024343305232,4.39806078428194e-08
4.50602478852202,4.39243639620378e-08
4.50961524652085,4.38882828787102e-08
4.51320570451967,4.38354945353489e-08
4.51679616251849,4.378487061286e-08
4.52038662051731,4.37354090662143e-08
4.52397707851614,4.36861715123619e-08
4.52756753651496,4.36375856101834e-08
4.53115799451378,4.35896148408266e-08
4.5347484525126,4.35375172350382e-08
4.53833891051143,4.34913299078546e-08
4.54192936851025,4.34439964281101e-08
4.54551982650907,4.33969917027588e-08
4.54911028450789,4.33465905200355e-08
4.55270074250671,4.33020470657585e-08
4.55629120050554,4.32556599892045e-08
4.55988165850436,4.32093939294055e-08
4.56347211650318,4.31622001698837e-08
4.567062574502,4.31175085129755e-08
4.57065303250083,4.30722737162342e-08
4.57424349049965,4.30300245670868e-08
4.57783394849847,4.29815828088612e-08
4.58142440649729,4.29379287610714e-08
4.58501486449612,4.2894894646876e-08
4.58860532249494,4.28638789096331e-08
4.59219578049376,4.27989580655561e-08
4.59578623849258,4.27581570173755e-08
4.59937669649141,4.27155608162644e-08
4.60296715449023,4.26737962473521e-08
4.60655761248905,4.26317900682262e-08
4.61014807048787,4.25895755692318e-08
4.61373852848669,4.25482346414932e-08
4.61732898648552,4.25046508262114e-08
4.62091944448434,4.2464365728078e-08
4.62450990248316,4.2423739902741e-08
4.62810036048198,4.23837564403071e-08
4.63169081848081,4.23416994176652e-08
4.63528127647963,4.2302821302428e-08
4.63887173447845,4.22631810770678e-08
4.64246219247727,4.22239055241797e-08
4.6460526504761,4.21853231194613e-08
4.64964310847492,4.21473337406941e-08
4.65323356647374,4.21093998063193e-08
4.65682402447256,4.20725788736564e-08
4.66041448247138,4.20347546364491e-08
4.66400494047021,4.19980988773931e-08
4.66759539846903,4.19626099154905e-08
4.67118585646785,4.19409972060443e-08
4.67477631446667,4.18875621091413e-08
4.6783667724655,4.18532380122666e-08
4.68195723046432,4.18185235957964e-08
4.68554768846314,4.1782976124481e-08
4.68913814646196,4.17521360683233e-08
4.69272860446079,4.17190792063939e-08
4.69631906245961,4.16893347046997e-08
4.69990952045843,4.16480503085617e-08
4.70349997845725,4.16180426720638e-08
4.70709043645607,4.15854617735832e-08
4.7106808944549,4.15470891754242e-08
4.71427135245372,4.15458526700667e-08
4.71786181045254,4.15058047510589e-08
4.72145226845136,4.14750442895251e-08
4.72504272645019,4.14460793487934e-08
4.72863318444901,4.14176685572306e-08
4.73222364244783,4.1390657929484e-08
4.73581410044665,4.13644599619075e-08
4.73940455844548,4.13387021990718e-08
4.7429950164443,4.13137076705712e-08
4.74658547444312,4.1289770978998e-08
4.75017593244194,4.12669415239699e-08
4.75376639044077,4.11942844417395e-08
4.75735684843959,4.122055362307e-08
4.76094730643841,4.12003427620742e-08
4.76453776443723,4.11810935920827e-08
4.76812822243606,4.11624605510514e-08
4.77171868043488,4.11441981525205e-08
4.7753091384337,4.11273901713846e-08
4.77889959643252,4.11121516606563e-08
4.78249005443134,4.10976733690283e-08
4.78608051243017,4.1084488236156e-08
4.78967097042899,4.10744682592352e-08
4.79326142842781,4.10766124564096e-08
4.79685188642663,4.10338602188548e-08
4.80044234442546,4.1033510368529e-08
4.80403280242428,4.10280642571955e-08
4.8076232604231,4.10224508092567e-08
4.81121371842192,4.10216499810731e-08
4.81480417642075,4.10186578270716e-08
4.81839463441957,4.10185155326799e-08
4.82198509241839,4.10137806890788e-08
4.82557555041721,4.10195955873935e-08
4.82916600841603,4.10226772807057e-08
4.83275646641486,4.10217899662974e-08
4.83634692441368,4.11403197952995e-08
4.8399373824125,4.1074117460396e-08
4.84352784041132,4.1083748764363e-08
4.84711829841015,4.10997534649886e-08
4.85070875640897,4.11199645351137e-08
4.85429921440779,4.11439153661303e-08
4.85788967240661,4.11713851799478e-08
4.86148013040544,4.12011162623941e-08
4.86507058840426,4.12376151587864e-08
4.86866104640308,4.12770230060465e-08
4.8722515044019,4.13187257348303e-08
4.87584196240072,4.13392068197589e-08
4.87943242039955,4.14483041593534e-08
4.88302287839837,4.15015293519524e-08
4.88661333639719,4.15679041402452e-08
4.89020379439601,4.16424967245925e-08
4.89379425239484,4.17265833242502e-08
4.89738471039366,4.18182428363055e-08
4.90097516839248,4.19198018523537e-08
4.9045656263913,4.20270930853061e-08
4.90815608439013,4.21456983919862e-08
4.91174654238895,4.22675683226263e-08
4.91533700038777,4.23466204066715e-08
4.91892745838659,4.29889457247619e-08
4.92251791638541,4.2927926986084e-08
4.92610837438424,4.31146673314804e-08
4.92969883238306,4.33471277900326e-08
4.93328929038188,4.36179604544246e-08
4.9368797483807,4.39278179315827e-08
4.94047020637953,4.42821631213285e-08
4.94406066437835,4.46887695439116e-08
4.94765112237717,4.51604478258667e-08
4.95124158037599,4.57100946155692e-08
4.95483203837482,4.63690210787534e-08
4.95842249637364,4.74882808847814e-08
4.96201295437246,4.79009446812597e-08
4.96560341237128,4.90370622712084e-08
4.96919387037011,5.04129862825783e-08
4.97278432836893,5.21543059365656e-08
4.97637478636775,5.44340079977991e-08
4.97996524436657,5.75436052811064e-08
4.98355570236539,6.20278203797321e-08
4.98714616036422,6.90418230838284e-08
4.99073661836304,8.15291612889833e-08
4.99432707636186,1.099035418606e-07
4.99791753436068,2.36785045347094e-07
