freqs,specs
0,0.000412841423640505
0.00359045799882233,3.44423523267265e-08
0.00718091599764466,3.40069583854348e-08
0.010771373996467,3.39265806246975e-08
0.0143618319952893,3.39022481688033e-08
0.0179522899941117,3.38919810533482e-08
0.021542747992934,3.38892415157281e-08
0.0251332059917563,3.38911828695043e-08
0.0287236639905786,3.38974470528805e-08
0.032314121989401,3.39082417023992e-08
0.0359045799882233,3.39451705641069e-08
0.0394950379870456,3.41059336796545e-08
0.043085495985868,3.3730941510893e-08
0.0466759539846903,3.38287205418094e-08
0.0502664119835126,3.38569027234822e-08
0.053856869982335,3.38687355513482e-08
0.0574473279811573,3.3880826770763e-08
0.0610377859799796,3.38921924416882e-08
0.0646282439788019,3.39019911654386e-08
0.0682187019776243,3.39107467334199e-08
0.0718091599764466,3.39175669437111e-08
0.0753996179752689,3.39257994697132e-08
0.0789900759740913,3.39309678023794e-08
0.0825805339729136,3.39910777946035e-08
0.0861709919717359,3.39747758598612e-08
0.0897614499705583,3.39661504441064e-08
0.0933519079693806,3.39785810996451e-08
0.0969423659682029,3.39926068919035e-08
0.100532823967025,3.40032274986961e-08
0.104123281965848,3.40158888636674e-08
0.10771373996467,3.40280494365219e-08
0.111304197963492,3.40412635075301e-08
0.114894655962315,3.4054409627295e-08
0.118485113961137,3.40651821284311e-08
0.122075571959959,3.40704306199219e-08
0.125666029958782,3.40990195410594e-08
0.129256487957604,3.41155481559871e-08
0.132846945956426,3.41276488400839e-08
0.136437403955249,3.41447640158746e-08
0.140027861954071,3.41615668605499e-08
0.143618319952893,3.41769386496989e-08
0.147208777951716,3.41929720064837e-08
0.150799235950538,3.42126127080314e-08
0.15438969394936,3.42276233106314e-08
0.157980151948183,3.42451794892415e-08
0.161570609947005,3.42651989730081e-08
0.165161067945827,3.42846918982526e-08
0.16875152594465,3.42986233700498e-08
0.172341983943472,3.43283956913081e-08
0.175932441942294,3.43453223750689e-08
0.179522899941117,3.43675003374247e-08
0.183113357939939,3.43916231795861e-08
0.186703815938761,3.44135108871283e-08
0.190294273937583,3.44359090367675e-08
0.193884731936406,3.44577719591604e-08
0.197475189935228,3.44844911409885e-08
0.20106564793405,3.45038598594292e-08
0.204656105932873,3.45167017023975e-08
0.208246563931695,3.45522666684357e-08
0.211837021930517,3.45901851502118e-08
0.21542747992934,3.46115878788872e-08
0.219017937928162,3.46374100173517e-08
0.222608395926984,3.46642301918754e-08
0.226198853925807,3.46925624915179e-08
0.229789311924629,3.47221343057323e-08
0.233379769923451,3.47500973501733e-08
0.236970227922274,3.47817646329438e-08
0.240560685921096,3.48172358373374e-08
0.244151143919918,3.48450354654277e-08
0.247741601918741,3.48867769458245e-08
0.251332059917563,3.51147589820961e-08
0.254922517916385,3.49380458658059e-08
0.258512975915208,3.49730496397332e-08
0.26210343391403,3.5013708865099e-08
0.265693891912852,3.5050570593454e-08
0.269284349911675,3.50889492922068e-08
0.272874807910497,3.5130689557615e-08
0.276465265909319,3.51718942489522e-08
0.280055723908142,3.52140446072114e-08
0.283646181906964,3.52609656770432e-08
0.287236639905786,3.52995984637406e-08
0.290827097904609,3.53080784729514e-08
0.294417555903431,3.54972705818334e-08
0.298008013902253,3.55296572647243e-08
0.301598471901076,3.5597665028506e-08
0.305188929899898,3.56897788734931e-08
0.30877938789872,3.57996461275129e-08
0.312369845897543,3.59503232947989e-08
0.315960303896365,3.61659330247167e-08
0.319550761895187,3.65107761390757e-08
0.32314121989401,3.71753953327153e-08
0.326731677892832,3.89137866695522e-08
0.330322135891654,4.78145528041239e-08
0.333912593890477,1.53983970332231e-07
0.337503051889299,4.00255955687811e-08
0.341093509888121,3.66047464069098e-08
0.344683967886944,3.59667957079729e-08
0.348274425885766,3.57984977014642e-08
0.351864883884588,3.57601305466921e-08
0.355455341883411,3.57679761805642e-08
0.359045799882233,3.57980981613688e-08
0.362636257881055,3.58433454019816e-08
0.366226715879878,3.58900431260802e-08
0.3698171738787,3.59598909785147e-08
0.373407631877522,3.62063888981796e-08
0.376998089876345,3.59277895132296e-08
0.380588547875167,3.60153790044081e-08
0.384179005873989,3.60791499754933e-08
0.387769463872812,3.61376681945198e-08
0.391359921871634,3.61886826385077e-08
0.394950379870456,3.6240140981271e-08
0.398540837869279,3.62894206369428e-08
0.402131295868101,3.63378297859689e-08
0.405721753866923,3.63836779895146e-08
0.409312211865746,3.64167600156056e-08
0.412902669864568,3.64042158081268e-08
0.41649312786339,3.67688841996413e-08
0.420083585862213,3.66728375862036e-08
0.423674043861035,3.67100988363184e-08
0.427264501859857,3.67572788307551e-08
0.43085495985868,3.6804566302352e-08
0.434445417857502,3.68562125333651e-08
0.438035875856324,3.6909649123839e-08
0.441626333855147,3.69634579883705e-08
0.445216791853969,3.70176278587714e-08
0.448807249852791,3.70734836315345e-08
0.452397707851614,3.71284245954395e-08
0.455988165850436,3.71897291616412e-08
0.459578623849258,3.72300530301308e-08
0.463169081848081,3.73394302457752e-08
0.466759539846903,3.73715149669384e-08
0.470349997845725,3.7427348597939e-08
0.473940455844548,3.74849289728403e-08
0.47753091384337,3.75442591314747e-08
0.481121371842192,3.76041667949352e-08
0.484711829841015,3.76656323652983e-08
0.488302287839837,3.77254963967758e-08
0.491892745838659,3.77861535887486e-08
0.495483203837482,3.78520330882829e-08
0.499073661836304,3.79067821143538e-08
0.502664119835126,3.79842160389804e-08
0.506254577833949,3.80327298803643e-08
0.509845035832771,3.80952652336668e-08
0.513435493831593,3.81583600959867e-08
0.517025951830416,3.82248960041228e-08
0.520616409829238,3.82881838954341e-08
0.52420686782806,3.83523389756887e-08
0.527797325826883,3.84168619293213e-08
0.531387783825705,3.84810739678596e-08
0.534978241824527,3.85430967443994e-08
0.53856869982335,3.86431030171786e-08
0.542159157822172,3.86922523905473e-08
0.545749615820994,3.87309176691595e-08
0.549340073819817,3.88039741403705e-08
0.552930531818639,3.88679018093842e-08
0.556520989817461,3.89313942644664e-08
0.560111447816284,3.89958052856644e-08
0.563701905815106,3.90602688906568e-08
0.567292363813928,3.91231038514502e-08
0.57088282181275,3.91856644878729e-08
0.574473279811573,3.92454520417837e-08
0.578063737810395,3.93039430088033e-08
0.581654195809218,3.9370174326279e-08
0.58524465380804,3.93942308337581e-08
0.588835111806862,3.94767703674589e-08
0.592425569805685,3.9529168101614e-08
0.596016027804507,3.95825851438625e-08
0.599606485803329,3.96319258499597e-08
0.603196943802151,3.96781630222467e-08
0.606787401800974,3.97210553037793e-08
0.610377859799796,3.97593910185869e-08
0.613968317798618,3.97943689082287e-08
0.617558775797441,3.98219296372978e-08
0.621149233796263,3.98446636185609e-08
0.624739691795085,3.98306445585708e-08
0.628330149793908,3.99068175479152e-08
0.63192060779273,3.99107296054193e-08
0.635511065791552,3.99269939403052e-08
0.639101523790375,3.99614931580223e-08
0.642691981789197,4.0036901935947e-08
0.646282439788019,4.02166033941004e-08
0.649872897786842,4.06566160113837e-08
0.653463355785664,4.17942579711444e-08
0.657053813784486,4.50623082498171e-08
0.660644271783309,5.66669698999658e-08
0.664234729782131,1.24556260849012e-07
0.667825187780953,2.91634586837778e-07
0.671415645779776,9.05210092592e-08
0.675006103778598,6.61596806610326e-08
0.67859656177742,5.77014827626994e-08
0.682187019776243,5.36799492734261e-08
0.685777477775065,5.14335868881299e-08
0.689367935773887,5.0050700614589e-08
0.69295839377271,4.91448853720397e-08
0.696548851771532,4.85294817360892e-08
0.700139309770354,4.81017532396416e-08
0.703729767769177,4.77926654214614e-08
0.707320225767999,4.73985810181583e-08
0.710910683766821,4.74775707683558e-08
0.714501141765644,4.73898326583934e-08
0.718091599764466,4.73349895995926e-08
0.721682057763288,4.7319579341617e-08
0.725272515762111,4.73286578444222e-08
0.728862973760933,4.73629717534074e-08
0.732453431759755,4.74150538574882e-08
0.736043889758578,4.74826863312e-08
0.7396343477574,4.75651990899431e-08
0.743224805756222,4.76652492708723e-08
0.746815263755045,4.77716544581503e-08
0.750405721753867,4.7879679201636e-08
0.753996179752689,4.80396214332499e-08
0.757586637751512,4.81346093015121e-08
0.761177095750334,4.82781988261874e-08
0.764767553749156,4.8430269648418e-08
0.768358011747979,4.85889981565725e-08
0.771948469746801,4.87540765906172e-08
0.775538927745623,4.89274160733599e-08
0.779129385744446,4.91058287166581e-08
0.782719843743268,4.92919972408471e-08
0.78631030174209,4.94873579795847e-08
0.789900759740913,4.9677003080615e-08
0.793491217739735,4.9885719540341e-08
0.797081675738557,5.01214706635962e-08
0.80067213373738,5.03367108715083e-08
0.804262591736202,5.05653153213054e-08
0.807853049735024,5.08040102135761e-08
0.811443507733847,5.10482457594111e-08
0.815033965732669,5.1302075112984e-08
0.818624423731491,5.15663245025364e-08
0.822214881730314,5.18370226956922e-08
0.825805339729136,5.21183205702175e-08
0.829395797727958,5.24315878356007e-08
0.832986255726781,5.26915577986034e-08
0.836576713725603,5.30140401875008e-08
0.840167171724425,5.3333078822813e-08
0.843757629723248,5.36696247007166e-08
0.84734808772207,5.40157009561105e-08
0.850938545720892,5.43770378830914e-08
0.854529003719715,5.4753066562322e-08
0.858119461718537,5.51423648054279e-08
0.861709919717359,5.55499688645249e-08
0.865300377716182,5.5980196131293e-08
0.868890835715004,5.64200271304193e-08
0.872481293713826,5.68685790384615e-08
0.876071751712649,5.73609014550687e-08
0.879662209711471,5.78736019271069e-08
0.883252667710293,5.84075665025844e-08
0.886843125709115,5.89736653630389e-08
0.890433583707938,5.95678146096858e-08
0.89402404170676,6.0197096854838e-08
0.897614499705583,6.08643940588613e-08
0.901204957704405,6.15720436069266e-08
0.904795415703227,6.23251111627048e-08
0.90838587370205,6.31259110818106e-08
0.911976331700872,6.39669722769357e-08
0.915566789699694,6.48570832659481e-08
0.919157247698516,6.62016107962759e-08
0.922747705697339,6.71058587234734e-08
0.926338163696161,6.82683761641218e-08
0.929928621694984,6.95621658745791e-08
0.933519079693806,7.09853881198241e-08
0.937109537692628,7.25643893085442e-08
0.940699995691451,7.43250717531485e-08
0.944290453690273,7.63002457393468e-08
0.947880911689095,7.85337714769059e-08
0.951471369687917,8.10859286683519e-08
0.95506182768674,8.40404705835675e-08
0.958652285685562,8.74748954721152e-08
0.962242743684384,9.15708567017525e-08
0.965833201683207,9.65011293726178e-08
0.969423659682029,1.02571216357108e-07
0.973014117680852,1.10246065115525e-07
0.976604575679674,1.20263006233498e-07
0.980195033678496,1.33902841976329e-07
0.983785491677318,1.53583568044181e-07
0.987375949676141,1.84479113072268e-07
0.990966407674963,2.39983477833517e-07
0.994556865673785,3.68883807419912e-07
0.998147323672608,9.98153879605442e-07
1.00173778167143,9.74000425328885e-07
1.00532823967025,2.88883432487727e-07
1.00891869766907,1.55901278808966e-07
1.0125091556679,9.97967040953961e-08
1.01609961366672,6.93256324911078e-08
1.01969007166554,5.06970933778951e-08
1.02328052966436,3.87094536374899e-08
1.02687098766319,3.09992511926835e-08
1.03046144566201,2.63288072212975e-08
1.03405190366083,2.3896092407781e-08
1.03764236165965,2.30187473071216e-08
1.04123281965848,2.27617902402971e-08
1.0448232776573,2.38160184753236e-08
1.04841373565612,2.48580340562954e-08
1.05200419365494,2.60368023106591e-08
1.05559465165377,2.72552234123403e-08
1.05918510965259,2.84635946243591e-08
1.06277556765141,2.96379872588195e-08
1.06636602565023,3.07632552250406e-08
1.06995648364905,3.18331835044517e-08
1.07354694164788,3.28499670088993e-08
1.0771373996467,3.38048057385845e-08
1.08072785764552,3.46624724195978e-08
1.08431831564434,3.56510275996823e-08
1.08790877364317,3.6475592716138e-08
1.09149923164199,3.72437486567105e-08
1.09508968964081,3.79970367883999e-08
1.09868014763963,3.87165066522006e-08
1.10227060563846,3.94096817876722e-08
1.10586106363728,4.00746441165652e-08
1.1094515216361,4.07162881411601e-08
1.11304197963492,4.13339910996306e-08
1.11663243763374,4.19313625350676e-08
1.12022289563257,4.25169496554845e-08
1.12381335363139,4.30616168722291e-08
1.12740381163021,4.36190643608929e-08
1.13099426962903,4.41546075624731e-08
1.13458472762786,4.46782497633402e-08
1.13817518562668,4.51851480008166e-08
1.1417656436255,4.56834557624342e-08
1.14535610162432,4.61724726447067e-08
1.14894655962315,4.66527758853413e-08
1.15253701762197,4.71251950489962e-08
1.15612747562079,4.75914077966546e-08
1.15971793361961,4.80448631404866e-08
1.16330839161844,4.8489014588339e-08
1.16689884961726,4.89496722565798e-08
1.17048930761608,4.93877709591072e-08
1.1740797656149,4.9827510286152e-08
1.17767022361372,5.02652800066365e-08
1.18126068161255,5.06959524326468e-08
1.18485113961137,5.11264535580855e-08
1.18844159761019,5.15536010043306e-08
1.19203205560901,5.19789866595569e-08
1.19562251360784,5.24046921105932e-08
1.19921297160666,5.28289951198912e-08
1.20280342960548,5.32527462211726e-08
1.2063938876043,5.36774465889524e-08
1.20998434560313,5.41118924990727e-08
1.21357480360195,5.45239694732407e-08
1.21716526160077,5.49513083171389e-08
1.22075571959959,5.53818083397192e-08
1.22434617759841,5.58127096944832e-08
1.22793663559724,5.62471497226229e-08
1.23152709359606,5.66861153123328e-08
1.23511755159488,5.71297992642254e-08
1.2387080095937,5.75765475766363e-08
1.24229846759253,5.80292258402503e-08
1.24588892559135,5.8487282415806e-08
1.24947938359017,5.89354365752932e-08
1.25306984158899,5.94839487344265e-08
1.25666029958782,5.9948580973756e-08
1.26025075758664,6.04409803041281e-08
1.26384121558546,6.09535274269521e-08
1.26743167358428,6.14854711199556e-08
1.2710221315831,6.20345080047247e-08
1.27461258958193,6.26084102854759e-08
1.27820304758075,6.32106999775606e-08
1.28179350557957,6.38471221322125e-08
1.28538396357839,6.45249324622483e-08
1.28897442157722,6.52594192747735e-08
1.29256487957604,6.57093261581091e-08
1.29615533757486,6.68950492752424e-08
1.29974579557368,6.79033445522996e-08
1.30333625357251,6.90463716463476e-08
1.30692671157133,7.0415180852458e-08
1.31051716957015,7.21197925489796e-08
1.31410762756897,7.43601605671879e-08
1.3176980855678,7.75388138915501e-08
1.32128854356662,8.25798637070001e-08
1.32487900156544,9.20916086451603e-08
1.32846945956426,1.17119999406616e-07
1.33205991756308,3.02424817583688e-07
1.33565037556191,1.23093763590827e-07
1.33924083356073,6.07042676522935e-08
1.34283129155955,5.71042426289288e-08
1.34642174955837,5.83129797476808e-08
1.3500122075572,5.99090421388328e-08
1.35360266555602,6.13585061406319e-08
1.35719312355484,6.26219196793568e-08
1.36078358155366,6.37307465525201e-08
1.36437403955249,6.47212531545273e-08
1.36796449755131,6.56315959580386e-08
1.37155495555013,6.64573091441449e-08
1.37514541354895,6.72428242396433e-08
1.37873587154777,6.79826383829707e-08
1.3823263295466,6.86917500562191e-08
1.38591678754542,6.93762038218983e-08
1.38950724554424,7.00408946292661e-08
1.39309770354306,7.06894223937883e-08
1.39668816154189,7.13253559118483e-08
1.40027861954071,7.19522463311474e-08
1.40386907753953,7.25702852559015e-08
1.40745953553835,7.31816379489609e-08
1.41104999353718,7.37972048891418e-08
1.414640451536,7.44007269175812e-08
1.41823090953482,7.50024299033229e-08
1.42182136753364,7.56271205192507e-08
1.42541182553247,7.62176520085107e-08
1.42900228353129,7.682101677611e-08
1.43259274153011,7.7428783736187e-08
1.43618319952893,7.80359832990083e-08
1.43977365752775,7.86460838603382e-08
1.44336411552658,7.92618196454974e-08
1.4469545735254,7.98803874500383e-08
1.45054503152422,8.0504168447073e-08
1.45413548952304,8.11389752425626e-08
1.45772594752187,8.17434727131985e-08
1.46131640552069,8.23895038114354e-08
1.46490686351951,8.3035274005788e-08
1.46849732151833,8.36874829594135e-08
1.47208777951716,8.43399331155051e-08
1.47567823751598,8.50022486524784e-08
1.4792686955148,8.5669953042372e-08
1.48285915351362,8.63452747483918e-08
1.48644961151244,8.70302084426692e-08
1.49004006951127,8.77222118266205e-08
1.49363052751009,8.8417183712691e-08
1.49722098550891,8.90816388438708e-08
1.50081144350773,8.98365010732697e-08
1.50440190150656,9.05618681141746e-08
1.50799235950538,9.12960639092898e-08
1.5115828175042,9.20384897398202e-08
1.51517327550302,9.27900571359754e-08
1.51876373350185,9.35535348327602e-08
1.52235419150067,9.43278683160404e-08
1.52594464949949,9.51111579957098e-08
1.52953510749831,9.59051714134586e-08
1.53312556549713,9.6719138753946e-08
1.53671602349596,9.75300070290076e-08
1.54030648149478,9.83672270292727e-08
1.5438969394936,9.9238889677382e-08
1.54748739749242,1.00065646251982e-07
1.55107785549125,1.00932873822361e-07
1.55466831349007,1.0181717902249e-07
1.55825877148889,1.02714424723611e-07
1.56184922948771,1.03625843487528e-07
1.56543968748654,1.04553649633677e-07
1.56903014548536,1.05494578209211e-07
1.57262060348418,1.06450203070123e-07
1.576211061483,1.07424181872557e-07
1.57980151948183,1.08394563204553e-07
1.58339197748065,1.09300448362147e-07
1.58698243547947,1.10594028844799e-07
1.59057289347829,1.11584610990355e-07
1.59416335147711,1.12645601117118e-07
1.59775380947594,1.13737735778777e-07
1.60134426747476,1.14855438433233e-07
1.60493472547358,1.15999789105841e-07
1.6085251834724,1.17171999255e-07
1.61211564147123,1.18373698566564e-07
1.61570609947005,1.19607497794095e-07
1.61929655746887,1.20878829080422e-07
1.62288701546769,1.22189278428554e-07
1.62647747346652,1.23486144313176e-07
1.63006793146534,1.24918177570207e-07
1.63365838946416,1.26399350802174e-07
1.63724884746298,1.27936125372834e-07
1.6408393054618,1.29576149434931e-07
1.64442976346063,1.31351023202111e-07
1.64802022145945,1.33330372915506e-07
1.65161067945827,1.35643678333979e-07
1.65520113745709,1.38595646704027e-07
1.65879159545592,1.43061636453648e-07
1.66238205345474,1.53149499235373e-07
1.66597251145356,2.80877622440877e-07
1.66956296945238,1.20748662016868e-07
1.67315342745121,1.3050447590072e-07
1.67674388545003,1.35194027080158e-07
1.68033434344885,1.38401130935024e-07
1.68392480144767,1.41018027288873e-07
1.6875152594465,1.43361102573065e-07
1.69110571744532,1.45559747069902e-07
1.69469617544414,1.47683627030646e-07
1.69828663344296,1.49768764272474e-07
1.70187709144178,1.51826336658001e-07
1.70546754944061,1.53766777469449e-07
1.70905800743943,1.56495074456851e-07
1.71264846543825,1.58382935366713e-07
1.71623892343707,1.60514486297903e-07
1.7198293814359,1.62713851104046e-07
1.72341983943472,1.64963200128746e-07
1.72701029743354,1.67263865622822e-07
1.73060075543236,1.69617712897118e-07
1.73419121343119,1.72029763376194e-07
1.73778167143001,1.74501224023062e-07
1.74137212942883,1.77034977519663e-07
1.74496258742765,1.79631307947908e-07
1.74855304542647,1.82209949613156e-07
1.7521435034253,1.8503746676576e-07
1.75573396142412,1.87868866579741e-07
1.75932441942294,1.90762502643657e-07
1.76291487742176,1.93743980230701e-07
1.76650533542059,1.96816127161085e-07
1.77009579341941,1.99981460489992e-07
1.77368625141823,2.03243362387235e-07
1.77727670941705,2.06609349806724e-07
1.78086716741588,2.10082866289719e-07
1.7844576254147,2.13671644479878e-07
1.78804808341352,2.17370705852518e-07
1.79163854141234,2.21220589885813e-07
1.79522899941117,2.25187364516682e-07
1.79881945740999,2.29286729936533e-07
1.80240991540881,2.33542771478847e-07
1.80600037340763,2.37950391316194e-07
1.80959083140645,2.42525806132565e-07
1.81318128940528,2.47275535374621e-07
1.8167717474041,2.52208531240616e-07
1.82036220540292,2.57338877144985e-07
1.82395266340174,2.6267921108811e-07
1.82754312140057,2.68233563013334e-07
1.83113357939939,2.74041501145493e-07
1.83472403739821,2.80081827163001e-07
1.83831449539703,2.86385971142133e-07
1.84190495339586,2.92987993174475e-07
1.84549541139468,2.99890965287778e-07
1.8490858693935,3.07121706976224e-07
1.85267632739232,3.14705999276486e-07
1.85626678539114,3.22667436728904e-07
1.85985724338997,3.31037612354224e-07
1.86344770138879,3.3984439827163e-07
1.86703815938761,3.49129974219059e-07
1.87062861738643,3.58945251275184e-07
1.87421907538526,3.69278271739747e-07
1.87780953338408,3.80194244078063e-07
1.8813999913829,3.91854408983631e-07
1.88499044938172,4.04212689382587e-07
1.88858090738055,4.17359707229162e-07
1.89217136537937,4.31380238117449e-07
1.89576182337819,4.46365297164814e-07
1.89935228137701,4.62420486108929e-07
1.90294273937583,4.79663316952284e-07
1.90653319737466,4.9823061984135e-07
1.91012365537348,5.18276196170058e-07
1.9137141133723,5.40016944493444e-07
1.91730457137112,5.63699899946487e-07
1.92089502936995,5.89295598140431e-07
1.92448548736877,6.17511056325395e-07
1.92807594536759,6.48512164051256e-07
1.93166640336641,6.82771957866214e-07
1.93525686136524,7.20832529819401e-07
1.93884731936406,7.63359097827015e-07
1.94243777736288,8.11190062257039e-07
1.9460282353617,8.65385793407401e-07
1.94961869336053,9.27299300974725e-07
1.95320915135935,9.98716581361072e-07
1.95679960935817,1.0819947459954e-06
1.96039006735699,1.18043948050447e-06
1.96398052535581,1.2984150269622e-06
1.96757098335464,1.44255024929662e-06
1.97116144135346,1.62257196690537e-06
1.97475189935228,1.85379637363389e-06
1.9783423573511,2.16169015101154e-06
1.98193281534993,2.59196489048381e-06
1.98552327334875,3.23568208237674e-06
1.98911373134757,4.30406098745016e-06
1.99270418934639,6.42414805424773e-06
1.99629464734522,1.26541613454868e-05
1.99988510534404,0.000412132708527047
2.00347556334286,1.34890378512159e-05
2.00706602134168,6.63760284914394e-06
2.01065647934051,4.40254354819658e-06
2.01424693733933,3.29393248405877e-06
2.01783739533815,2.63159395861898e-06
2.02142785333697,2.19120303555751e-06
2.02501831133579,1.87720840743693e-06
2.02860876933462,1.64202169521931e-06
2.03219922733344,1.45927744805567e-06
2.03578968533226,1.31316395453953e-06
2.03938014333108,1.19360169978807e-06
2.04297060132991,1.09446309011054e-06
2.04656105932873,1.01022312860308e-06
2.05015151732755,9.38121727227907e-07
2.05374197532637,8.75655075684008e-07
2.05733243332519,8.21012321411337e-07
2.06092289132402,7.72812207458196e-07
2.06451334932284,7.2997764308669e-07
2.06810380732166,6.91657861817122e-07
2.07169426532048,6.57178816042431e-07
2.07528472331931,6.25985330444505e-07
2.07887518131813,5.97618648775881e-07
2.08246563931695,5.71885977478453e-07
2.08605609731577,5.48071237769157e-07
2.0896465553146,5.26204351934275e-07
2.09323701331342,5.06069522453937e-07
2.09682747131224,4.87423297617128e-07
2.10041792931106,4.70107705493552e-07
2.10400838730989,4.53988450343903e-07
2.10759884530871,4.38945691933748e-07
2.11118930330753,4.24873595794547e-07
2.11477976130635,4.11681531622041e-07
2.11837021930517,3.99289640002906e-07
2.121960677304,3.8761938910512e-07
2.12555113530282,3.76637932484849e-07
2.12914159330164,3.66264610965655e-07
2.13273205130046,3.56436165656203e-07
2.13632250929929,3.47126600577304e-07
2.13991296729811,3.38302433688987e-07
2.14350342529693,3.29917731013902e-07
2.14709388329575,3.21942998640849e-07
2.15068434129458,3.14348556934584e-07
2.1542747992934,3.0710678344185e-07
2.15786525729222,3.0019338626854e-07
2.16145571529104,2.93587623005564e-07
2.16504617328986,2.87287536651659e-07
2.16863663128869,2.81232808582112e-07
2.17222708928751,2.75438058447052e-07
2.17581754728633,2.69880416367718e-07
2.17940800528515,2.64544848613626e-07
2.18299846328398,2.5942138215196e-07
2.1865889212828,2.54494633188998e-07
2.19017937928162,2.49752490240037e-07
2.19376983728044,2.45187352891158e-07
2.19736029527927,2.40792442939928e-07
2.20095075327809,2.36548008898746e-07
2.20454121127691,2.32469083134991e-07
2.20813166927573,2.28519208457816e-07
2.21172212727456,2.2465978503286e-07
2.21531258527338,2.2099484093569e-07
2.2189030432722,2.17433748820939e-07
2.22249350127102,2.13985173642743e-07
2.22608395926984,2.10646735724528e-07
2.22967441726867,2.0741467811328e-07
2.23326487526749,2.04282075907219e-07
2.23685533326631,2.01244797228622e-07
2.24044579126513,1.98299948126358e-07
2.24403624926396,1.9544204001064e-07
2.24762670726278,1.92677988435569e-07
2.2512171652616,1.90061348956641e-07
2.25480762326042,1.8736051060229e-07
2.25839808125925,1.84822860446582e-07
2.26198853925807,1.82359599251687e-07
2.26557899725689,1.79961348764528e-07
2.26916945525571,1.77631401088696e-07
2.27275991325454,1.75368166788781e-07
2.27635037125336,1.73168716834021e-07
2.27994082925218,1.71029328353053e-07
2.283531287251,1.68950677881649e-07
2.28712174524982,1.66925465675908e-07
2.29071220324865,1.64946767584276e-07
2.29430266124747,1.63120300459128e-07
2.29789311924629,1.6127028892554e-07
2.30148357724511,1.59493193061644e-07
2.30507403524394,1.57795529084165e-07
2.30866449324276,1.56182555745756e-07
2.31225495124158,1.54670903420054e-07
2.3158454092404,1.53297525204532e-07
2.31943586723923,1.52136990952228e-07
2.32302632523805,1.5136770672806e-07
2.32661678323687,1.51560551527516e-07
2.33020724123569,1.55962443969599e-07
2.33379769923451,7.45144461385192e-08
2.33738815723334,1.33357664975581e-07
2.34097861523216,1.35853597150081e-07
2.34456907323098,1.35852524765601e-07
2.3481595312298,1.35189111960514e-07
2.35174998922863,1.34264290276047e-07
2.35534044722745,1.33217455850612e-07
2.35893090522627,1.32112737827972e-07
2.36252136322509,1.30979269299905e-07
2.36611182122392,1.29831688754635e-07
2.36970227922274,1.28675689041117e-07
2.37329273722156,1.27431630984195e-07
2.37688319522038,1.26487540238042e-07
2.38047365321921,1.25340904810067e-07
2.38406411121803,1.2423042025841e-07
2.38765456921685,1.23137945267998e-07
2.39124502721567,1.22061392665279e-07
2.39483548521449,1.21002453384679e-07
2.39842594321332,1.19959967737196e-07
2.40201640121214,1.1893222131766e-07
2.40560685921096,1.17922586905909e-07
2.40919731720978,1.16931021270828e-07
2.41278777520861,1.15963557217403e-07
2.41637823320743,1.14922152348658e-07
2.41996869120625,1.13999647470626e-07
2.42355914920507,1.13090074777591e-07
2.4271496072039,1.12166318821677e-07
2.43074006520272,1.11262069222076e-07
2.43433052320154,1.10371575970629e-07
2.43792098120036,1.09492478878239e-07
2.44151143919918,1.08629253316536e-07
2.44510189719801,1.07777661906453e-07
2.44869235519683,1.06938471426017e-07
2.45228281319565,1.06115795060464e-07
2.45587327119447,1.05321857139781e-07
2.4594637291933,1.04491448830601e-07
2.46305418719212,1.03733313006751e-07
2.46664464519094,1.02941609458607e-07
2.47023510318976,1.02169804289379e-07
2.47382556118859,1.01415323925559e-07
2.47741601918741,1.00670286535419e-07
2.48100647718623,9.9937521251881e-08
2.48459693518505,9.921380579626e-08
2.48818739318387,9.85013221420499e-08
2.4917778511827,9.7791211074196e-08
2.49536830918152,9.70987727045403e-08
2.49895876718034,9.64247043702715e-08
2.50254922517916,9.57450740727939e-08
2.50613968317799,9.50810291643655e-08
2.50973014117681,9.44270490572012e-08
2.51332059917563,9.3776635764347e-08
2.51691105717445,9.31374368479484e-08
2.52050151517328,9.25062640433256e-08
2.5240919731721,9.18824321507998e-08
2.52768243117092,9.126566578246e-08
2.53127288916974,9.06594231964371e-08
2.53486334716857,9.00578875601622e-08
2.53845380516739,8.94390749889786e-08
2.54204426316621,8.88618148890981e-08
2.54563472116503,8.83122710780012e-08
2.54922517916385,8.77304347581676e-08
2.55281563716268,8.71613852665105e-08
2.5564060951615,8.66019656727938e-08
2.55999655316032,8.60456124197036e-08
2.56358701115914,8.54980472635331e-08
2.56717746915797,8.49542864275548e-08
2.57076792715679,8.44155321558376e-08
2.57435838515561,8.38844958557833e-08
2.57794884315443,8.33567388827423e-08
2.58153930115326,8.28225197657823e-08
2.58512975915208,8.24248958116316e-08
2.5887202171509,8.18135977843002e-08
2.59231067514972,8.128068740316e-08
2.59590113314854,8.07751055199567e-08
2.59949159114737,8.02676444963414e-08
2.60308204914619,7.97604805039248e-08
2.60667250714501,7.92549754034879e-08
2.61026296514383,7.87489319089341e-08
2.61385342314266,7.82417496215264e-08
2.61744388114148,7.77296273991247e-08
2.6210343391403,7.71999712569473e-08
2.62462479713912,7.66204947060255e-08
2.62821525513795,7.62085947848528e-08
2.63180571313677,7.56455784505276e-08
2.63539617113559,7.50732352648442e-08
2.63898662913441,7.44783031489541e-08
2.64257708713324,7.38454247962665e-08
2.64616754513206,7.31542118903129e-08
2.64975800313088,7.23790238066693e-08
2.6533484611297,7.1483135642404e-08
2.65693891912852,7.04412634581974e-08
2.66052937712735,6.9640704120604e-08
2.66411983512617,7.96369328329554e-08
2.66771029312499,1.92253386973501e-07
2.67130075112381,9.05803902089366e-08
2.67489120912264,8.10580592656048e-08
2.67848166712146,7.76202751747202e-08
2.68207212512028,7.57569616972385e-08
2.6856625831191,7.45179511703278e-08
2.68925304111792,7.35876424545326e-08
2.69284349911675,7.2829543278045e-08
2.69643395711557,7.21840147233833e-08
2.70002441511439,7.16163046462717e-08
2.70361487311321,7.10840524719117e-08
2.70720533111204,7.08063646699512e-08
2.71079578911086,7.00986140289709e-08
2.71438624710968,6.9677173669228e-08
2.7179767051085,6.92640576292988e-08
2.72156716310733,6.88647622492347e-08
2.72515762110615,6.84760757745879e-08
2.72874807910497,6.81001355603706e-08
2.73233853710379,6.7733644076983e-08
2.73592899510262,6.73738324404937e-08
2.73951945310144,6.70204112323651e-08
2.74310991110026,6.66692791835205e-08
2.74670036909908,6.63030229609141e-08
2.7502908270979,6.60680310719359e-08
2.75388128509673,6.57292150507874e-08
2.75747174309555,6.53761980311782e-08
2.76106220109437,6.50593403283588e-08
2.76465265909319,6.47479193780363e-08
2.76824311709202,6.44387406698521e-08
2.77183357509084,6.41347492492688e-08
2.77542403308966,6.38361619191043e-08
2.77901449108848,6.35393417398828e-08
2.78260494908731,6.3245499622548e-08
2.78619540708613,6.29577080526856e-08
2.78978586508495,6.27295076225712e-08
2.79337632308377,6.24020205975975e-08
2.7969667810826,6.2116806922399e-08
2.80055723908142,6.18453717492462e-08
2.80414769708024,6.15687910593034e-08
2.80773815507906,6.13011508797085e-08
2.81132861307788,6.10338543692729e-08
2.81491907107671,6.07702813738324e-08
2.81850952907553,6.05087839325994e-08
2.82209998707435,6.02527857673659e-08
2.82569044507317,5.9992806798612e-08
2.829280903072,5.97509502545489e-08
2.83287136107082,5.94840733049985e-08
2.83646181906964,5.92375074032908e-08
2.84005227706846,5.89937811232907e-08
2.84364273506729,5.87511166064719e-08
2.84723319306611,5.85101473279691e-08
2.85082365106493,5.82716549537161e-08
2.85441410906375,5.80362472010851e-08
2.85800456706257,5.78011500757571e-08
2.8615950250614,5.75719373986641e-08
2.86518548306022,5.73455774559687e-08
2.86877594105904,5.71172263974201e-08
2.87236639905786,5.68834580358678e-08
2.87595685705669,5.66757336168983e-08
2.87954731505551,5.64371334691114e-08
2.88313777305433,5.62248747228699e-08
2.88672823105315,5.60091279727136e-08
2.89031868905198,5.5796388418729e-08
2.8939091470508,5.55853215349403e-08
2.89749960504962,5.5378801262032e-08
2.90109006304844,5.517428144015e-08
2.90468052104727,5.4971738379298e-08
2.90827097904609,5.47705915624317e-08
2.91186143704491,5.45702034060727e-08
2.91545189504373,5.43786985839113e-08
2.91904235304255,5.42241349503005e-08
2.92263281104138,5.4022223457134e-08
2.9262232690402,5.38396195810123e-08
2.92981372703902,5.36672691551514e-08
2.93340418503784,5.35029791762002e-08
2.93699464303667,5.3348943261691e-08
2.94058510103549,5.3203256883021e-08
2.94417555903431,5.30731742329206e-08
2.94776601703313,5.29589286723297e-08
2.95135647503196,5.28686776155291e-08
2.95494693303078,5.28097873548217e-08
2.9585373910296,5.27972244282963e-08
2.96212784902842,5.28274320780643e-08
2.96571830702724,5.29605469491797e-08
2.96930876502607,5.32085448583514e-08
2.97289922302489,5.36588276094319e-08
2.97648968102371,5.44418075797289e-08
2.98008013902253,5.5803853627864e-08
2.98367059702136,5.82784330727866e-08
2.98726105502018,6.31224274212277e-08
2.990851513019,7.3904998278742e-08
2.99444197101782,1.04286180093974e-07
2.99803242901665,2.69893353250619e-07
3.00162288701547,3.32899671812651e-07
3.00521334501429,1.16329900370446e-07
3.00880380301311,8.08264324939138e-08
3.01239426101194,6.782242386267e-08
3.01598471901076,6.15313884424491e-08
3.01957517700958,5.79665415428798e-08
3.0231656350084,5.57172109556983e-08
3.02675609300722,5.41805883421813e-08
3.03034655100605,5.30635216097323e-08
3.03393700900487,5.22140069582706e-08
3.03752746700369,5.15412180083195e-08
3.04111792500251,5.07103551444282e-08
3.04470838300134,5.04807866217133e-08
3.04829884100016,5.00902289061704e-08
3.05188929899898,4.97285908663027e-08
3.0554797569978,4.94043506733298e-08
3.05907021499663,4.91098192270641e-08
3.06266067299545,4.8839943347025e-08
3.06625113099427,4.8589988311338e-08
3.06984158899309,4.83557418805611e-08
3.07343204699191,4.81345109967376e-08
3.07702250499074,4.79336623364667e-08
3.08061296298956,4.77930751198677e-08
3.08420342098838,4.74660175781166e-08
3.0877938789872,4.7309196439598e-08
3.09138433698603,4.71323380502659e-08
3.09497479498485,4.69542636333316e-08
3.09856525298367,4.67873832763304e-08
3.10215571098249,4.66222209783945e-08
3.10574616898132,4.64592441155124e-08
3.10933662698014,4.63026121893724e-08
3.11292708497896,4.61489118683571e-08
3.11651754297778,4.59998945661177e-08
3.1201080009766,4.58547897831195e-08
3.12369845897543,4.56713050872468e-08
3.12728891697425,4.55492951407745e-08
3.13087937497307,4.54130262081847e-08
3.13446983297189,4.52764140687835e-08
3.13806029097072,4.51390978100734e-08
3.14165074896954,4.5005767380821e-08
3.14524120696836,4.48738917179129e-08
3.14883166496718,4.47447370020607e-08
3.15242212296601,4.46157437231935e-08
3.15601258096483,4.44929565402464e-08
3.15960303896365,4.43623673268166e-08
3.16319349696247,4.422876692616e-08
3.1667839549613,4.41275335367045e-08
3.17037441296012,4.4015307161381e-08
3.17396487095894,4.38956224710095e-08
3.17755532895776,4.37793263857706e-08
3.18114578695658,4.36682080976743e-08
3.18473624495541,4.35578167286708e-08
3.18832670295423,4.34517575939966e-08
3.19191716095305,4.33466207653686e-08
3.19550761895187,4.32426760359062e-08
3.1990980769507,4.31438043328469e-08
3.20268853494952,4.30617319531674e-08
3.20627899294834,4.290256232046e-08
3.20986945094716,4.28061145226555e-08
3.21345990894599,4.27542234526852e-08
3.21705036694481,4.26566870321482e-08
3.22064082494363,4.25734988442025e-08
3.22423128294245,4.24911687323845e-08
3.22782174094128,4.24099444855344e-08
3.2314121989401,4.23327659488004e-08
3.23500265693892,4.22589787017381e-08
3.23859311493774,4.21868594671555e-08
3.24218357293656,4.21240325912219e-08
3.24577403093539,4.20573073635737e-08
3.24936448893421,4.19897498069451e-08
3.25295494693303,4.19994182211962e-08
3.25654540493185,4.19400925536778e-08
3.26013586293068,4.18892991417184e-08
3.2637263209295,4.1862767647874e-08
3.26731677892832,4.1845602241003e-08
3.27090723692714,4.18378943495031e-08
3.27449769492596,4.18440847046183e-08
3.27808815292479,4.18683824237227e-08
3.28167861092361,4.19092441574308e-08
3.28526906892243,4.19685141385934e-08
3.28885952692125,4.20727130363881e-08
3.29244998492008,4.2164579545659e-08
3.2960404429189,4.23693889742783e-08
3.29963090091772,4.26087647004367e-08
3.30322135891654,4.29232824321508e-08
3.30681181691537,4.33485314416308e-08
3.31040227491419,4.39459685105203e-08
3.31399273291301,4.48047622979127e-08
3.31758319091183,4.6105926751309e-08
3.32117364891066,4.82447550410265e-08
3.32476410690948,5.22815565104908e-08
3.3283545649083,6.23802021396922e-08
3.33194502290712,1.26623650541236e-07
3.33553548090594,2.53080029201943e-08
3.33912593890477,1.96430339116692e-08
3.34271639690359,2.60260491527355e-08
3.34630685490241,2.9110399247899e-08
3.34989731290123,3.08647048729562e-08
3.35348777090006,3.19766598015321e-08
3.35707822889888,3.27285729919345e-08
3.3606686868977,3.32571117312726e-08
3.36425914489652,3.36399877364858e-08
3.36784960289535,3.39163239658887e-08
3.37144006089417,3.40357394670835e-08
3.37503051889299,3.49729198913325e-08
3.37862097689181,3.46080012548223e-08
3.38221143489063,3.46533768557534e-08
3.38580189288946,3.47095805520613e-08
3.38939235088828,3.47546231533347e-08
3.3929828088871,3.47854631260673e-08
3.39657326688592,3.4805070655181e-08
3.40016372488475,3.48161975892527e-08
3.40375418288357,3.48176668578699e-08
3.40734464088239,3.4811393803585e-08
3.41093509888121,3.47965062232652e-08
3.41452555688004,3.47827150760995e-08
3.41811601487886,3.4752248935723e-08
3.42170647287768,3.47388028793483e-08
3.4252969308765,3.46983001076928e-08
3.42888738887533,3.4664208562896e-08
3.43247784687415,3.46276624376349e-08
3.43606830487297,3.4587002791513e-08
3.43965876287179,3.45453851455441e-08
3.44324922087061,3.45015679677413e-08
3.44683967886944,3.44569697319906e-08
3.45043013686826,3.44127925367819e-08
3.45402059486708,3.43640204142437e-08
3.4576110528659,3.43091132556505e-08
3.46120151086473,3.42545364186151e-08
3.46479196886355,3.42146937176579e-08
3.46838242686237,3.4166649166642e-08
3.47197288486119,3.41109245538611e-08
3.47556334286002,3.40593040727242e-08
3.47915380085884,3.40068735593542e-08
3.48274425885766,3.39533344837934e-08
3.48633471685648,3.38991525344956e-08
3.48992517485531,3.38488708823785e-08
3.49351563285413,3.37907309644261e-08
3.49710609085295,3.37356696775351e-08
3.50069654885177,3.36862508436178e-08
3.50428700685059,3.3629108274853e-08
3.50787746484942,3.35787662479865e-08
3.51146792284824,3.35244714724368e-08
3.51505838084706,3.3472975028499e-08
3.51864883884588,3.34198389386661e-08
3.52223929684471,3.33690622014069e-08
3.52582975484353,3.33170489420795e-08
3.52942021284235,3.32660271899195e-08
3.53301067084117,3.32185037283134e-08
3.53660112884,3.31665633073206e-08
3.54019158683882,3.31193347888088e-08
3.54378204483764,3.30494491339918e-08
3.54737250283646,3.30251660194621e-08
3.55096296083528,3.29799424572191e-08
3.55455341883411,3.29360611299081e-08
3.55814387683293,3.28909110307879e-08
3.56173433483175,3.28482197057965e-08
3.56532479283057,3.28092499821402e-08
3.5689152508294,3.27721490583701e-08
3.57250570882822,3.27374205324251e-08
3.57609616682704,3.27034616119637e-08
3.57968662482586,3.26798256805926e-08
3.58327708282469,3.26823144742173e-08
3.58686754082351,3.25730336616975e-08
3.59045799882233,3.25735037076952e-08
3.59404845682115,3.25586387630137e-08
3.59763891481997,3.25448488133182e-08
3.6012293728188,3.25381359340169e-08
3.60481983081762,3.25368747594878e-08
3.60841028881644,3.25414625040422e-08
3.61200074681526,3.25563265795156e-08
3.61559120481409,3.25815135593395e-08
3.61918166281291,3.26170033343098e-08
3.62277212081173,3.2676740276088e-08
3.62636257881055,3.27343296666793e-08
3.62995303680938,3.28469322902888e-08
3.6335434948082,3.29844858524336e-08
3.63713395280702,3.31686047546253e-08
3.64072441080584,3.34215081992939e-08
3.64431486880467,3.37740501797735e-08
3.64790532680349,3.42845460674238e-08
3.65149578480231,3.50649618949913e-08
3.65508624280113,3.63671892664038e-08
3.65867670079995,3.8892360110795e-08
3.66226715879878,4.56227135896142e-08
3.6658576167976,1.12998448525541e-07
3.66944807479642,6.69078275563293e-09
3.67303853279524,1.99304841196102e-08
3.67662899079407,2.36219752800803e-08
3.68021944879289,2.5333934604963e-08
3.68380990679171,2.63063394385344e-08
3.68740036479053,2.6927060308792e-08
3.69099082278936,2.73532516708251e-08
3.69458128078818,2.76651136658821e-08
3.698171738787,2.79076437005204e-08
3.70176219678582,2.81392265746593e-08
3.70535265478464,2.85450754863346e-08
3.70894311278347,2.7381590901321e-08
3.71253357078229,2.80037771890326e-08
3.71612402878111,2.81582621298395e-08
3.71971448677993,2.82252113337955e-08
3.72330494477876,2.82689858391261e-08
3.72689540277758,2.82958694771727e-08
3.7304858607764,2.83095847654791e-08
3.73407631877522,2.83164262307209e-08
3.73766677677405,2.83141179363135e-08
3.74125723477287,2.83072762121573e-08
3.74484769277169,2.82980874795322e-08
3.74843815077051,2.83295398676467e-08
3.75202860876934,2.8254959000494e-08
3.75561906676816,2.82619414886159e-08
3.75920952476698,2.82279195050452e-08
3.7627999827658,2.81942051260432e-08
3.76639044076462,2.81667293368621e-08
3.76998089876345,2.81372035893072e-08
3.77357135676227,2.81047976427562e-08
3.77716181476109,2.80719385389383e-08
3.78075227275991,2.80395302777986e-08
3.78434273075874,2.80021154920943e-08
3.78793318875756,2.79669331960645e-08
3.79152364675638,2.79329271412476e-08
3.7951141047552,2.78897996570816e-08
3.79870456275403,2.78568821260086e-08
3.80229502075285,2.78222049151317e-08
3.80588547875167,2.77816134989482e-08
3.80947593675049,2.7740371329002e-08
3.81306639474931,2.77002849992392e-08
3.81665685274814,2.76605723796523e-08
3.82024731074696,2.76182501496569e-08
3.82383776874578,2.7579890398307e-08
3.8274282267446,2.75338019906234e-08
3.83101868474343,2.75058387407805e-08
3.83460914274225,2.74559297088108e-08
3.83819960074107,2.74100565440655e-08
3.84179005873989,2.73668864719349e-08
3.84538051673872,2.73260958045269e-08
3.84897097473754,2.72836287273062e-08
3.85256143273636,2.72397663097395e-08
3.85615189073518,2.71987183387015e-08
3.85974234873401,2.71559420045413e-08
3.86333280673283,2.71120750804527e-08
3.86692326473165,2.70728023785184e-08
3.87051372273047,2.70475919101316e-08
3.87410418072929,2.69696698532024e-08
3.87769463872812,2.69713389164123e-08
3.88128509672694,2.69002538046954e-08
3.88487555472576,2.68485268169751e-08
3.88846601272458,2.68067596990324e-08
3.89205647072341,2.67632948496997e-08
3.89564692872223,2.67189850446951e-08
3.89923738672105,2.6675296403254e-08
3.90282784471987,2.66320796455525e-08
3.9064183027187,2.65904592697603e-08
3.91000876071752,2.65434100497649e-08
3.91359921871634,2.64949074660345e-08
3.91718967671516,2.64255404231138e-08
3.92078013471399,2.64273028198318e-08
3.92437059271281,2.63802663902917e-08
3.92796105071163,2.63314845892884e-08
3.93155150871045,2.62887708920572e-08
3.93514196670927,2.62449438083083e-08
3.9387324247081,2.61998568857285e-08
3.94232288270692,2.61547809104977e-08
3.94591334070574,2.61116711723959e-08
3.94950379870456,2.60688108333254e-08
3.95309425670339,2.60277687350554e-08
3.95668471470221,2.59866076944176e-08
3.96027517270103,2.5916929375339e-08
3.96386563069985,2.58836208746355e-08
3.96745608869867,2.58423432403249e-08
3.9710465466975,2.58008102604472e-08
3.97463700469632,2.57516292823728e-08
3.97822746269514,2.57057289371998e-08
3.98181792069396,2.56577510381851e-08
3.98540837869279,2.56043264089206e-08
3.98899883669161,2.55484238492244e-08
3.99258929469043,2.5482024308457e-08
3.99617975268925,2.53609876435492e-08
3.99977021068808,3.52976450102765e-08
4.0033606686869,2.57425337283787e-08
4.00695112668572,2.55409315955117e-08
4.01054158468454,2.54476201598947e-08
4.01413204268337,2.53825124899187e-08
4.01772250068219,2.53276715118489e-08
4.02131295868101,2.5279466319255e-08
4.02490341667983,2.52339893460217e-08
4.02849387467865,2.51900689153346e-08
4.03208433267748,2.51495291163912e-08
4.0356747906763,2.51250308178037e-08
4.03926524867512,2.51422443851156e-08
4.04285570667394,2.49320266603432e-08
4.04644616467277,2.49424949446006e-08
4.05003662267159,2.48999573738198e-08
4.05362708067041,2.48640756103026e-08
4.05721753866923,2.48238736473145e-08
4.06080799666806,2.47822542433569e-08
4.06439845466688,2.47405820927187e-08
4.0679889126657,2.46998921628431e-08
4.07157937066452,2.46572684597911e-08
4.07516982866334,2.46133956353357e-08
4.07876028666217,2.45653797782531e-08
4.08235074466099,2.46408575668312e-08
4.08594120265981,2.45147944407542e-08
4.08953166065863,2.44598950503014e-08
4.09312211865746,2.44203635239105e-08
4.09671257665628,2.43785771673904e-08
4.1003030346551,2.43375414885395e-08
4.10389349265392,2.42970295121844e-08
4.10748395065275,2.42566297021498e-08
4.11107440865157,2.42150437055748e-08
4.11466486665039,2.41784294694261e-08
4.11825532464921,2.41397217288588e-08
4.12184578264803,2.41432960348785e-08
4.12543624064686,2.40284136077314e-08
4.12902669864568,2.39997968139037e-08
4.1326171566445,2.3960078965584e-08
4.13620761464332,2.39242573507926e-08
4.13979807264215,2.3883395380848e-08
4.14338853064097,2.38424768840819e-08
4.14697898863979,2.38018411409469e-08
4.15056944663861,2.37611581760547e-08
4.15415990463744,2.37235468698052e-08
4.15775036263626,2.36892939011321e-08
4.16134082063508,2.36549780179367e-08
4.1649312786339,2.35575940683754e-08
4.16852173663272,2.35465068445087e-08
4.17211219463155,2.35049658512053e-08
4.17570265263037,2.34626094210912e-08
4.17929311062919,2.34244429801812e-08
4.18288356862801,2.33838884635759e-08
4.18647402662684,2.33419941114528e-08
4.19006448462566,2.33006073016074e-08
4.19365494262448,2.32583574239888e-08
4.1972454006233,2.3218543566547e-08
4.20083585862213,2.31714027466823e-08
4.20442631662095,2.31362391635693e-08
4.20801677461977,2.30967407866178e-08
4.21160723261859,2.30000322960546e-08
4.21519769061742,2.29828056916315e-08
4.21878814861624,2.29431710552407e-08
4.22237860661506,2.28969664378624e-08
4.22596906461388,2.28524401147566e-08
4.22955952261271,2.28060223472502e-08
4.23314998061153,2.27576221620171e-08
4.23674043861035,2.27094316332127e-08
4.24033089660917,2.26563479830364e-08
4.24392135460799,2.2601232572503e-08
4.24751181260682,2.2562552152977e-08
4.25110227060564,2.24704229398382e-08
4.25469272860446,2.24560492520656e-08
4.25828318660328,2.2402221109777e-08
4.26187364460211,2.23408060955204e-08
4.26546410260093,2.22753169686771e-08
4.26905456059975,2.2211584222219e-08
4.27264501859857,2.21442674398978e-08
4.2762354765974,2.20691353219704e-08
4.27982593459622,2.19936440625882e-08
4.28341639259504,2.19098954555247e-08
4.28700685059386,2.18184021911131e-08
4.29059730859268,2.17138638257407e-08
4.29418776659151,2.16167326507271e-08
4.29777822459033,2.14783476365121e-08
4.30136868258915,2.13369400853981e-08
4.30495914058797,2.11610867218226e-08
4.3085495985868,2.09409048258692e-08
4.31214005658562,2.06599559464032e-08
4.31573051458444,2.02773289515404e-08
4.31932097258326,1.97183340503206e-08
4.32291143058209,1.8792976888808e-08
4.32650188858091,1.69371550523868e-08
4.33009234657973,1.1029367517822e-08
4.33368280457855,1.24691753514473e-07
4.33727326257737,3.13172642445661e-08
4.3408637205762,2.69094103153276e-08
4.34445417857502,2.53274761588345e-08
4.34804463657384,2.45037830562774e-08
4.35163509457266,2.39907821236367e-08
4.35522555257149,2.36388119671228e-08
4.35881601057031,2.33828338902368e-08
4.36240646856913,2.31888179158417e-08
4.36599692656795,2.30414830254116e-08
4.36958738456678,2.29714939366298e-08
4.3731778425656,2.33585088962775e-08
4.37676830056442,2.23041542729708e-08
4.38035875856324,2.23734949600935e-08
4.38394921656207,2.23272458211975e-08
4.38753967456089,2.22645352829942e-08
4.39113013255971,2.2202289430514e-08
4.39472059055853,2.21406964133622e-08
4.39831104855736,2.2079872635635e-08
4.40190150655618,2.20233519012137e-08
4.405491964555,2.19713353395266e-08
4.40908242255382,2.19238727138956e-08
4.41267288055264,2.18984541652717e-08
4.41626333855147,2.1682605064306e-08
4.41985379655029,2.17156692198301e-08
4.42344425454911,2.16881980125418e-08
4.42703471254793,2.16456907588729e-08
4.43062517054676,2.15974126409799e-08
4.43421562854558,2.15541591691967e-08
4.4378060865444,2.15100508282809e-08
4.44139654454322,2.14646537887849e-08
4.44498700254205,2.14198049444964e-08
4.44857746054087,2.13773746350666e-08
4.45216791853969,2.13330572658821e-08
4.45575837653851,2.1260531241541e-08
4.45934883453733,2.12556093222219e-08
4.46293929253616,2.12162877635958e-08
4.46652975053498,2.11715337973719e-08
4.4701202085338,2.11317825996554e-08
4.47371066653262,2.10920397213368e-08
4.47730112453145,2.1049774254902e-08
4.48089158253027,2.10115755812619e-08
4.48448204052909,2.09724195277606e-08
4.48807249852791,2.09309614366886e-08
4.49166295652673,2.08953321367862e-08
4.49525341452556,2.08667037088753e-08
4.49884387252438,2.07876715384983e-08
4.5024343305232,2.0752167636741e-08
4.50602478852202,2.0726229429522e-08
4.50961524652085,2.06850258057e-08
4.51320570451967,2.06463095766625e-08
4.51679616251849,2.06057499501253e-08
4.52038662051731,2.05652188691895e-08
4.52397707851614,2.05247802674606e-08
4.52756753651496,2.04827690495602e-08
4.53115799451378,2.0437647929629e-08
4.5347484525126,2.0399245462014e-08
4.53833891051143,2.03984014340649e-08
4.54192936851025,2.03112940186057e-08
4.54551982650907,2.0298517639986e-08
4.54911028450789,2.02437872155192e-08
4.55270074250671,2.0197587660402e-08
4.55629120050554,2.01534334880022e-08
4.55988165850436,2.01085116871949e-08
4.56347211650318,2.00602795339285e-08
4.567062574502,2.00130823300766e-08
4.57065303250083,1.99668440204338e-08
4.57424349049965,1.99172906819195e-08
4.57783394849847,1.98657754221598e-08
4.58142440649729,1.98168674546564e-08
4.58501486449612,1.97880826460145e-08
4.58860532249494,1.9709815329692e-08
4.59219578049376,1.96573736226994e-08
4.59578623849258,1.95961175680487e-08
4.59937669649141,1.95326160540986e-08
4.60296715449023,1.94664204410174e-08
4.60655761248905,1.93967831333767e-08
4.61014807048787,1.93223899804994e-08
4.61373852848669,1.92435332015641e-08
4.61732898648552,1.91547114749862e-08
4.62091944448434,1.90555696615296e-08
4.62450990248316,1.89487399796035e-08
4.62810036048198,1.88300011485147e-08
4.63169081848081,1.86870562324865e-08
4.63528127647963,1.85253428292685e-08
4.63887173447845,1.83281628515058e-08
4.64246219247727,1.8079707166994e-08
4.6460526504761,1.77598099143193e-08
4.64964310847492,1.73174907467785e-08
4.65323356647374,1.66617390219438e-08
4.65682402447256,1.55668147964727e-08
4.66041448247138,1.33466805740772e-08
4.66400494047021,7.8725246832946e-09
4.66759539846903,6.65329580237353e-08
4.67118585646785,2.88799209862098e-08
4.67477631446667,2.46483288218663e-08
4.6783667724655,2.30112877090712e-08
4.68195723046432,2.2136274765625e-08
4.68554768846314,2.15836088102351e-08
4.68913814646196,2.1197005071509e-08
4.69272860446079,2.09085782242572e-08
4.69631906245961,2.06798349235471e-08
4.69990952045843,2.04942369632445e-08
4.70349997845725,2.03330633511323e-08
4.70709043645607,2.00830372288399e-08
4.7106808944549,2.01258808327545e-08
4.71427135245372,2.00017878676305e-08
4.71786181045254,1.99089189745047e-08
4.72145226845136,1.98224998064743e-08
4.72504272645019,1.97418834111946e-08
4.72863318444901,1.96670909047988e-08
4.73222364244783,1.95957765057054e-08
4.73581410044665,1.95285524909066e-08
4.73940455844548,1.94656075567856e-08
4.7429950164443,1.94041787686322e-08
4.74658547444312,1.93388815523693e-08
4.75017593244194,1.93000881251115e-08
4.75376639044077,1.92254768082275e-08
4.75735684843959,1.91881367226947e-08
4.76094730643841,1.91367174587067e-08
4.76453776443723,1.9082729994067e-08
4.76812822243606,1.90307227497278e-08
4.77171868043488,1.89810594898081e-08
4.7753091384337,1.8931945407465e-08
4.77889959643252,1.88808543810241e-08
4.78249005443134,1.88324930798134e-08
4.78608051243017,1.87875224936158e-08
4.78967097042899,1.87229244080331e-08
4.79326142842781,1.86912894490988e-08
4.79685188642663,1.86382489203485e-08
4.80044234442546,1.85904360697056e-08
4.80403280242428,1.8546832258385e-08
4.8076232604231,1.84992962247482e-08
4.81121371842192,1.84503054351431e-08
4.81480417642075,1.84022315760855e-08
4.81839463441957,1.83524194523633e-08
4.82198509241839,1.83027837466683e-08
4.82557555041721,1.82524887090588e-08
4.82916600841603,1.81847902493827e-08
4.83275646641486,1.81684368022252e-08
4.83634692441368,1.81138042460475e-08
4.8399373824125,1.80567739066371e-08
4.84352784041132,1.80033186316581e-08
4.84711829841015,1.79492505963825e-08
4.85070875640897,1.78940975811842e-08
4.85429921440779,1.7836990553693e-08
4.85788967240661,1.77802321769378e-08
4.86148013040544,1.77238272593583e-08
4.86507058840426,1.76661397659459e-08
4.86866104640308,1.75983132073748e-08
4.8722515044019,1.7569778951478e-08
4.87584196240072,1.75177990648819e-08
4.87943242039955,1.73802963662778e-08
4.88302287839837,1.73233248309688e-08
4.88661333639719,1.725679270108e-08
4.89020379439601,1.71821093446843e-08
4.89379425239484,1.71050085135966e-08
4.89738471039366,1.70235959066219e-08
4.90097516839248,1.69377669579597e-08
4.9045656263913,1.68478421573535e-08
4.90815608439013,1.67529518445675e-08
4.91174654238895,1.66494848823311e-08
4.91533700038777,1.65419507896649e-08
4.91892745838659,1.64618753143225e-08
4.92251791638541,1.63170989961483e-08
4.92610837438424,1.6191351036867e-08
4.92969883238306,1.60494192750432e-08
4.93328929038188,1.5896455260048e-08
4.9368797483807,1.57323937585365e-08
4.94047020637953,1.55516111242105e-08
4.94406066437835,1.53486900170496e-08
4.94765112237717,1.51269716346884e-08
4.95124158037599,1.48767567076053e-08
4.95483203837482,1.45941228827934e-08
4.95842249637364,1.42550020392635e-08
4.96201295437246,1.39101886400939e-08
4.96560341237128,1.34787086337596e-08
4.96919387037011,1.29677656209332e-08
4.97278432836893,1.23686457682879e-08
4.97637478636775,1.16531231385406e-08
4.97996524436657,1.08296147094816e-08
4.98355570236539,1.00061125840388e-08
4.98714616036422,9.75115074939442e-09
4.99073661836304,1.2280449337772e-08
4.99432707636186,2.41043589466243e-08
4.99791753436068,8.72957052850554e-08
