freqs,specs
0,9.82735023545293e-08
0.00359045799882233,3.93039025516385e-09
0.00718091599764466,3.93167062236636e-09
0.010771373996467,3.93398553367248e-09
0.0143618319952893,3.93687119877897e-09
0.0179522899941117,3.94010970842297e-09
0.021542747992934,3.94844010439835e-09
0.0251332059917563,3.95858648330824e-09
0.0287236639905786,3.97634962554054e-09
0.032314121989401,4.00606807117358e-09
0.0359045799882233,4.08425439177741e-09
0.0394950379870456,4.52481291511445e-09
0.043085495985868,3.4845664271577e-09
0.0466759539846903,3.75164194733425e-09
0.0502664119835126,3.81121962845441e-09
0.053856869982335,3.83907604334009e-09
0.0574473279811573,3.8560732301787e-09
0.0610377859799796,3.8673095111391e-09
0.0646282439788019,3.8757416525578e-09
0.0682187019776243,3.88289996173754e-09
0.0718091599764466,3.89001413887511e-09
0.0753996179752689,3.89549699666195e-09
0.0789900759740913,3.90372881373246e-09
0.0825805339729136,3.86442501650386e-09
0.0861709919717359,3.88027127617445e-09
0.0897614499705583,3.92658901176512e-09
0.0933519079693806,3.92263163260495e-09
0.0969423659682029,3.92310094920432e-09
0.100532823967025,3.92956566535049e-09
0.104123281965848,3.93158075282786e-09
0.10771373996467,3.93639601888509e-09
0.111304197963492,3.93867613828106e-09
0.114894655962315,3.94297312960089e-09
0.118485113961137,3.95159635623364e-09
0.122075571959959,3.94593861173975e-09
0.125666029958782,3.96093689969269e-09
0.129256487957604,3.97934267648228e-09
0.132846945956426,3.97283579494883e-09
0.136437403955249,3.97991672618852e-09
0.140027861954071,3.98468400384465e-09
0.143618319952893,3.98983859367951e-09
0.147208777951716,3.99632491292291e-09
0.150799235950538,4.002477544126e-09
0.15438969394936,4.00946370530769e-09
0.157980151948183,4.01866595959054e-09
0.161570609947005,4.02909583636601e-09
0.165161067945827,4.0277233042345e-09
0.16875152594465,4.09908535751914e-09
0.172341983943472,4.01504237717629e-09
0.175932441942294,4.03720749992476e-09
0.179522899941117,4.04496770386687e-09
0.183113357939939,4.05502850938475e-09
0.186703815938761,4.06337425107399e-09
0.190294273937583,4.07159212750912e-09
0.193884731936406,4.08058194394997e-09
0.197475189935228,4.08791728430403e-09
0.20106564793405,4.0974481025704e-09
0.204656105932873,4.1052728119701e-09
0.208246563931695,4.10700470997366e-09
0.211837021930517,4.14595674296359e-09
0.21542747992934,4.13758689084468e-09
0.219017937928162,4.15379682657435e-09
0.222608395926984,4.1630732714539e-09
0.226198853925807,4.17245510287937e-09
0.229789311924629,4.18576165486526e-09
0.233379769923451,4.1964853218959e-09
0.236970227922274,4.20947323367678e-09
0.240560685921096,4.21323895712117e-09
0.244151143919918,4.22940732772489e-09
0.247741601918741,4.25018403832889e-09
0.251332059917563,4.14057726112069e-09
0.254922517916385,4.28646830748507e-09
0.258512975915208,4.30156663115412e-09
0.26210343391403,4.3183578922229e-09
0.265693891912852,4.34038619594949e-09
0.269284349911675,4.36149800307387e-09
0.272874807910497,4.38688255419373e-09
0.276465265909319,4.41555888199769e-09
0.280055723908142,4.45089878047694e-09
0.283646181906964,4.5005401916659e-09
0.287236639905786,4.58984450156942e-09
0.290827097904609,4.98971917534972e-09
0.294417555903431,4.20372331322974e-09
0.298008013902253,4.43232002502751e-09
0.301598471901076,4.51603334968313e-09
0.305188929899898,4.59310033030609e-09
0.30877938789872,4.67012620636415e-09
0.312369845897543,4.76503588388761e-09
0.315960303896365,4.88649167680076e-09
0.319550761895187,5.06383881851502e-09
0.32314121989401,5.35299840583114e-09
0.326731677892832,5.94466783671805e-09
0.330322135891654,7.90533140349e-09
0.333912593890477,1.45159146854631e-08
0.337503051889299,1.88462349624774e-09
0.341093509888121,3.01313880284136e-09
0.344683967886944,3.45422405177179e-09
0.348274425885766,3.69409196672529e-09
0.351864883884588,3.84619867096045e-09
0.355455341883411,3.95380429142727e-09
0.359045799882233,4.04049325935686e-09
0.362636257881055,4.10919631288905e-09
0.366226715879878,4.17175883124524e-09
0.3698171738787,4.22962901825732e-09
0.373407631877522,4.44767325423888e-09
0.376998089876345,4.20736772311885e-09
0.380588547875167,4.27676897737347e-09
0.384179005873989,4.32005403958117e-09
0.387769463872812,4.35310919839116e-09
0.391359921871634,4.3834835024299e-09
0.394950379870456,4.41305474664281e-09
0.398540837869279,4.43884598926062e-09
0.402131295868101,4.4645401194822e-09
0.405721753866923,4.48709644630734e-09
0.409312211865746,4.50508620490588e-09
0.412902669864568,4.50112452592725e-09
0.41649312786339,4.66622502827343e-09
0.420083585862213,4.63349012325784e-09
0.423674043861035,4.6301641592397e-09
0.427264501859857,4.65834798045615e-09
0.43085495985868,4.67633736947661e-09
0.434445417857502,4.69859527198583e-09
0.438035875856324,4.72216016030999e-09
0.441626333855147,4.74590651005072e-09
0.445216791853969,4.76709608752465e-09
0.448807249852791,4.79306879935418e-09
0.452397707851614,4.81683723876058e-09
0.455988165850436,4.86234674757164e-09
0.459578623849258,4.86246202638981e-09
0.463169081848081,4.89313876405036e-09
0.466759539846903,4.91682198331968e-09
0.470349997845725,4.94057566373243e-09
0.473940455844548,4.96787279155757e-09
0.47753091384337,4.9933607308396e-09
0.481121371842192,5.01960889845259e-09
0.484711829841015,5.04750188962091e-09
0.488302287839837,5.07595658639407e-09
0.491892745838659,5.10685158786325e-09
0.495483203837482,5.15947169477214e-09
0.499073661836304,5.12185113260529e-09
0.502664119835126,5.18421874425944e-09
0.506254577833949,5.20084831625598e-09
0.509845035832771,5.23184119795837e-09
0.513435493831593,5.26276777575264e-09
0.517025951830416,5.2935488540037e-09
0.520616409829238,5.32435200127557e-09
0.52420686782806,5.35604533799805e-09
0.527797325826883,5.38683681916829e-09
0.531387783825705,5.42076140953904e-09
0.534978241824527,5.4531055780879e-09
0.53856869982335,5.47726904591583e-09
0.542159157822172,5.52651918117777e-09
0.545749615820994,5.53955939203575e-09
0.549340073819817,5.58158810936905e-09
0.552930531818639,5.6167372363062e-09
0.556520989817461,5.65505374042291e-09
0.560111447816284,5.69042558998798e-09
0.563701905815106,5.72796862656937e-09
0.567292363813928,5.76563205613958e-09
0.57088282181275,5.8067173995305e-09
0.574473279811573,5.84293210492448e-09
0.578063737810395,5.89645085404781e-09
0.581654195809218,5.92483830651626e-09
0.58524465380804,5.88953680044381e-09
0.588835111806862,5.99242830319524e-09
0.592425569805685,6.03890483510659e-09
0.596016027804507,6.08471157178461e-09
0.599606485803329,6.12850435308299e-09
0.603196943802151,6.17513776617759e-09
0.606787401800974,6.221102926716e-09
0.610377859799796,6.26904367634482e-09
0.613968317798618,6.32050626467782e-09
0.617558775797441,6.37165079439358e-09
0.621149233796263,6.43210783483513e-09
0.624739691795085,6.59676938884307e-09
0.628330149793908,6.44565983684725e-09
0.63192060779273,6.54097063508871e-09
0.635511065791552,6.59132832644282e-09
0.639101523790375,6.64655762129288e-09
0.642691981789197,6.70191412176034e-09
0.646282439788019,6.75748892941169e-09
0.649872897786842,6.81477830434122e-09
0.653463355785664,6.87315985779785e-09
0.657053813784486,6.94179012403006e-09
0.660644271783309,7.06891770929891e-09
0.664234729782131,7.88104466336373e-09
0.667825187780953,1.20718407261178e-08
0.671415645779776,7.79081624389359e-09
0.675006103778598,7.53988071183468e-09
0.67859656177742,7.51944618495125e-09
0.682187019776243,7.54803354575171e-09
0.685777477775065,7.59933304872232e-09
0.689367935773887,7.66027749146116e-09
0.69295839377271,7.72778084920391e-09
0.696548851771532,7.8025200100628e-09
0.700139309770354,7.88779120597787e-09
0.703729767769177,7.96612764756089e-09
0.707320225767999,8.44052176460363e-09
0.710910683766821,8.07118267903815e-09
0.714501141765644,8.16855628620673e-09
0.718091599764466,8.26707175671045e-09
0.721682057763288,8.36357818170741e-09
0.725272515762111,8.46028203231344e-09
0.728862973760933,8.55849840639453e-09
0.732453431759755,8.6593898879806e-09
0.736043889758578,8.76179385242883e-09
0.7396343477574,8.87053943352079e-09
0.743224805756222,8.97913897579483e-09
0.746815263755045,9.08949441314753e-09
0.750405721753867,9.21384891061128e-09
0.753996179752689,9.33503827731774e-09
0.757586637751512,9.45226817706977e-09
0.761177095750334,9.58203682293331e-09
0.764767553749156,9.71195381873127e-09
0.768358011747979,9.84670537449321e-09
0.771948469746801,9.98438986007639e-09
0.775538927745623,1.01298764006785e-08
0.779129385744446,1.02786848549371e-08
0.782719843743268,1.04256484739173e-08
0.78631030174209,1.05966941499567e-08
0.789900759740913,1.07590943414644e-08
0.793491217739735,1.09258910205692e-08
0.797081675738557,1.11124473121788e-08
0.80067213373738,1.12914246265688e-08
0.804262591736202,1.1482272881422e-08
0.807853049735024,1.16793761217855e-08
0.811443507733847,1.18844705165287e-08
0.815033965732669,1.20976749070404e-08
0.818624423731491,1.2319391270161e-08
0.822214881730314,1.25516936695579e-08
0.825805339729136,1.27929159121061e-08
0.829395797727958,1.30648223153805e-08
0.832986255726781,1.32886476500754e-08
0.836576713725603,1.35681503794366e-08
0.840167171724425,1.38567724767792e-08
0.843757629723248,1.41520889344512e-08
0.84734808772207,1.44661906671381e-08
0.850938545720892,1.47946415251524e-08
0.854529003719715,1.51401460345201e-08
0.858119461718537,1.55011020668584e-08
0.861709919717359,1.58823944951068e-08
0.865300377716182,1.62824796359093e-08
0.868890835715004,1.67073157016422e-08
0.872481293713826,1.71466418725569e-08
0.876071751712649,1.76145793945854e-08
0.879662209711471,1.81331121478268e-08
0.883252667710293,1.86593632315429e-08
0.886843125709115,1.92271267263385e-08
0.890433583707938,1.98329390022592e-08
0.89402404170676,2.04768786486967e-08
0.897614499705583,2.11671484657481e-08
0.901204957704405,2.19065627641977e-08
0.904795415703227,2.27031571576183e-08
0.90838587370205,2.3564090781598e-08
0.911976331700872,2.44725928119453e-08
0.915566789699694,2.55188683718571e-08
0.919157247698516,2.65569022721083e-08
0.922747705697339,2.77885630987816e-08
0.926338163696161,2.91099747085387e-08
0.929928621694984,3.05638090633422e-08
0.933519079693806,3.21751842932317e-08
0.937109537692628,3.39703057950217e-08
0.940699995691451,3.59824791878919e-08
0.944290453690273,3.82545212913524e-08
0.947880911689095,4.08387482411815e-08
0.951471369687917,4.38103056427021e-08
0.95506182768674,4.72627139219979e-08
0.958652285685562,5.1506396109564e-08
0.962242743684384,5.6058257243736e-08
0.965833201683207,6.18853221790779e-08
0.969423659682029,6.90798757034377e-08
0.973014117680852,7.81744739469897e-08
0.976604575679674,9.00664990337044e-08
0.980195033678496,1.06266909612627e-07
0.983785491677318,1.29644173256739e-07
0.987375949676141,1.66317556205461e-07
0.990966407674963,2.32142517824559e-07
0.994556865673785,3.84815412138871e-07
0.998147323672608,1.12922246728632e-06
1.00173778167143,1.20244534207623e-06
1.00532823967025,3.91707955649629e-07
1.00891869766907,2.33731332098972e-07
1.0125091556679,1.66445178635652e-07
1.01609961366672,1.29168043511013e-07
1.01969007166554,1.0548310844152e-07
1.02328052966436,8.91020796054639e-08
1.02687098766319,7.70929604093631e-08
1.03046144566201,6.79069814872387e-08
1.03405190366083,6.06373746424371e-08
1.03764236165965,5.46629852409695e-08
1.04123281965848,5.26052268775288e-08
1.0448232776573,4.61794809227579e-08
1.04841373565612,4.26320916583734e-08
1.05200419365494,3.96205425735404e-08
1.05559465165377,3.70095868812506e-08
1.05918510965259,3.47219460294874e-08
1.06277556765141,3.2696077571868e-08
1.06636602565023,3.08916188907915e-08
1.06995648364905,2.92732050988846e-08
1.07354694164788,2.78137418159692e-08
1.0771373996467,2.64919729890589e-08
1.08072785764552,2.52918249122708e-08
1.08431831564434,2.41794293374284e-08
1.08790877364317,2.31562426935483e-08
1.09149923164199,2.22343298284822e-08
1.09508968964081,2.13782215075602e-08
1.09868014763963,2.05773134041507e-08
1.10227060563846,1.98364145452494e-08
1.10586106363728,1.91440799640102e-08
1.1094515216361,1.84997867913252e-08
1.11304197963492,1.78904085359004e-08
1.11663243763374,1.73241565657959e-08
1.12022289563257,1.679503570033e-08
1.12381335363139,1.62701049994944e-08
1.12740381163021,1.57976736384911e-08
1.13099426962903,1.5372913650901e-08
1.13458472762786,1.49453377220046e-08
1.13817518562668,1.45432648861342e-08
1.1417656436255,1.41629668242259e-08
1.14535610162432,1.3800710029984e-08
1.14894655962315,1.34559703574725e-08
1.15253701762197,1.31278125955282e-08
1.15612747562079,1.28154001018463e-08
1.15971793361961,1.25162021834742e-08
1.16330839161844,1.22458521607998e-08
1.16689884961726,1.19406515660922e-08
1.17048930761608,1.17474561436164e-08
1.1740797656149,1.1457654824983e-08
1.17767022361372,1.1218446720617e-08
1.18126068161255,1.09854880738279e-08
1.18485113961137,1.07649030897954e-08
1.18844159761019,1.05530922239894e-08
1.19203205560901,1.03491723342219e-08
1.19562251360784,1.01537110661006e-08
1.19921297160666,9.96689415460286e-09
1.20280342960548,9.79131610228239e-09
1.2063938876043,9.5928485490182e-09
1.20998434560313,9.42018096333325e-09
1.21357480360195,9.27687534449783e-09
1.21716526160077,9.11541833891787e-09
1.22075571959959,8.96624763612634e-09
1.22434617759841,8.822665059157e-09
1.22793663559724,8.67971506740326e-09
1.23152709359606,8.54753324363005e-09
1.23511755159488,8.41653859125722e-09
1.2387080095937,8.29469117592032e-09
1.24229846759253,8.17064984600323e-09
1.24588892559135,8.04890400292557e-09
1.24947938359017,7.97426561266795e-09
1.25306984158899,7.77022319269702e-09
1.25666029958782,7.70066437710673e-09
1.26025075758664,7.60753041131134e-09
1.26384121558546,7.51005578674531e-09
1.26743167358428,7.42149100833916e-09
1.2710221315831,7.33411108741628e-09
1.27461258958193,7.25074464098868e-09
1.27820304758075,7.17243732430889e-09
1.28179350557957,7.09810220812297e-09
1.28538396357839,7.02617205371499e-09
1.28897442157722,6.96214561380099e-09
1.29256487957604,7.20625728884537e-09
1.29615533757486,6.88512622058385e-09
1.29974579557368,6.86344449735699e-09
1.30333625357251,6.83444707297363e-09
1.30692671157133,6.83317628690175e-09
1.31051716957015,6.85927027187288e-09
1.31410762756897,6.9277698745649e-09
1.3176980855678,7.06473511048934e-09
1.32128854356662,7.33077189691818e-09
1.32487900156544,7.89346270280828e-09
1.32846945956426,9.40831462127224e-09
1.33205991756308,1.9962513783081e-08
1.33565037556191,3.09443500739818e-09
1.33924083356073,2.69472323361779e-09
1.34283129155955,3.63877176920625e-09
1.34642174955837,4.05789480342848e-09
1.3500122075572,4.27757523725491e-09
1.35360266555602,4.39972734854471e-09
1.35719312355484,4.46679020074016e-09
1.36078358155366,4.50541594963893e-09
1.36437403955249,4.52212051073603e-09
1.36796449755131,4.53664616852042e-09
1.37155495555013,4.51555864305736e-09
1.37514541354895,4.54219893192786e-09
1.37873587154777,4.48539394680779e-09
1.3823263295466,4.44927344015721e-09
1.38591678754542,4.42592851584913e-09
1.38950724554424,4.39606509670906e-09
1.39309770354306,4.36361964784499e-09
1.39668816154189,4.33217155877337e-09
1.40027861954071,4.2984203931438e-09
1.40386907753953,4.26243414387145e-09
1.40745953553835,4.22874163488711e-09
1.41104999353718,4.19103406173939e-09
1.414640451536,4.12228271644863e-09
1.41823090953482,4.13378236413414e-09
1.42182136753364,4.09600074093602e-09
1.42541182553247,4.05761694111268e-09
1.42900228353129,4.02320859058605e-09
1.43259274153011,3.98617718436738e-09
1.43618319952893,3.95170283497826e-09
1.43977365752775,3.91550769426786e-09
1.44336411552658,3.88221500274444e-09
1.4469545735254,3.84605716797409e-09
1.45054503152422,3.80941061519294e-09
1.45413548952304,3.77747404911065e-09
1.45772594752187,3.74100526794711e-09
1.46131640552069,3.69159591643725e-09
1.46490686351951,3.68087756915652e-09
1.46849732151833,3.64601666456349e-09
1.47208777951716,3.61198536618727e-09
1.47567823751598,3.57922707978099e-09
1.4792686955148,3.54635478723673e-09
1.48285915351362,3.51424591979046e-09
1.48644961151244,3.48054642594689e-09
1.49004006951127,3.44927162489963e-09
1.49363052751009,3.41784815788574e-09
1.49722098550891,3.39990820166047e-09
1.50081144350773,3.36018228397022e-09
1.50440190150656,3.31378913064889e-09
1.50799235950538,3.28987296162289e-09
1.5115828175042,3.25722690859155e-09
1.51517327550302,3.22702503316116e-09
1.51876373350185,3.19633964993058e-09
1.52235419150067,3.16535057197674e-09
1.52594464949949,3.1359832427476e-09
1.52953510749831,3.10319683340425e-09
1.53312556549713,3.0726648786535e-09
1.53671602349596,3.04794075484864e-09
1.54030648149478,3.00259666439521e-09
1.5438969394936,2.98831330418827e-09
1.54748739749242,2.94242743840035e-09
1.55107785549125,2.91555635499409e-09
1.55466831349007,2.88023932941529e-09
1.55825877148889,2.84986331655981e-09
1.56184922948771,2.81772181000533e-09
1.56543968748654,2.78389635966962e-09
1.56903014548536,2.75132330677308e-09
1.57262060348418,2.72105994074835e-09
1.576211061483,2.68485523561168e-09
1.57980151948183,2.65732960068262e-09
1.58339197748065,2.67324607433425e-09
1.58698243547947,2.51450685849549e-09
1.59057289347829,2.50256939963035e-09
1.59416335147711,2.46721223685063e-09
1.59775380947594,2.42699107768545e-09
1.60134426747476,2.38200637218869e-09
1.60493472547358,2.33452487526862e-09
1.6085251834724,2.28321513729479e-09
1.61211564147123,2.22559138847391e-09
1.61570609947005,2.16152374632798e-09
1.61929655746887,2.08301192339873e-09
1.62288701546769,1.93042262838954e-09
1.62647747346652,2.61601587875772e-09
1.63006793146534,2.06408256431681e-09
1.63365838946416,1.95470461995634e-09
1.63724884746298,1.88118801736672e-09
1.6408393054618,1.82836167949383e-09
1.64442976346063,1.82838229007513e-09
1.64802022145945,1.93277984728544e-09
1.65161067945827,2.26366882540539e-09
1.65520113745709,3.05091313311775e-09
1.65879159545592,4.88084697480708e-09
1.66238205345474,1.02380939064852e-08
1.66597251145356,7.29179530369705e-08
1.66956296945238,1.98849559574139e-08
1.67315342745121,1.00767633532643e-08
1.67674388545003,7.27805595999903e-09
1.68033434344885,5.95761952985806e-09
1.68392480144767,5.18978270988149e-09
1.6875152594465,4.68502077135708e-09
1.69110571744532,4.32495817145552e-09
1.69469617544414,4.04965517020594e-09
1.69828663344296,3.82308098129122e-09
1.70187709144178,3.6185258951408e-09
1.70546754944061,3.2827605500416e-09
1.70905800743943,4.00973460865416e-09
1.71264846543825,3.53868391738086e-09
1.71623892343707,3.38433159229395e-09
1.7198293814359,3.28429496398747e-09
1.72341983943472,3.20409927529089e-09
1.72701029743354,3.13769147252431e-09
1.73060075543236,3.07618628282458e-09
1.73419121343119,3.022773320664e-09
1.73778167143001,2.97386869344181e-09
1.74137212942883,2.92761190889946e-09
1.74496258742765,2.88759798699663e-09
1.74855304542647,2.92077369460463e-09
1.7521435034253,2.8101588998348e-09
1.75573396142412,2.78034823455022e-09
1.75932441942294,2.74328383122996e-09
1.76291487742176,2.71651348498051e-09
1.76650533542059,2.68729053781341e-09
1.77009579341941,2.65863606213334e-09
1.77368625141823,2.63211654369328e-09
1.77727670941705,2.60504259916929e-09
1.78086716741588,2.58254887500562e-09
1.7844576254147,2.55277550755878e-09
1.78804808341352,2.52438145967137e-09
1.79163854141234,2.52290987201659e-09
1.79522899941117,2.49947943815415e-09
1.79881945740999,2.47418046550082e-09
1.80240991540881,2.45436072137905e-09
1.80600037340763,2.43412052881757e-09
1.80959083140645,2.41461005396729e-09
1.81318128940528,2.39529901294398e-09
1.8167717474041,2.37687514094378e-09
1.82036220540292,2.35882483095223e-09
1.82395266340174,2.33999523139402e-09
1.82754312140057,2.31829977803253e-09
1.83113357939939,2.34660190494064e-09
1.83472403739821,2.30056907571296e-09
1.83831449539703,2.27851700819935e-09
1.84190495339586,2.26981741407598e-09
1.84549541139468,2.24609322579415e-09
1.8490858693935,2.23130647434757e-09
1.85267632739232,2.21463297179894e-09
1.85626678539114,2.20015821766061e-09
1.85985724338997,2.18527027450128e-09
1.86344770138879,2.16905368096221e-09
1.86703815938761,2.15758561190486e-09
1.87062861738643,2.13798613699648e-09
1.87421907538526,2.1293728700066e-09
1.87780953338408,2.10784951879553e-09
1.8813999913829,2.09612111878844e-09
1.88499044938172,2.08611495236112e-09
1.88858090738055,2.0704585871803e-09
1.89217136537937,2.05689495066959e-09
1.89576182337819,2.04352297954151e-09
1.89935228137701,2.02990390187046e-09
1.90294273937583,2.0162609884662e-09
1.90653319737466,2.00403615583967e-09
1.91012365537348,2.00461735869785e-09
1.9137141133723,1.92272128756661e-09
1.91730457137112,1.91319893838266e-09
1.92089502936995,1.93974485285634e-09
1.92448548736877,1.92091234424544e-09
1.92807594536759,1.9048680043489e-09
1.93166640336641,1.88823124138795e-09
1.93525686136524,1.87126885554281e-09
1.93884731936406,1.85304275170152e-09
1.94243777736288,1.83397267506956e-09
1.9460282353617,1.81361480172838e-09
1.94961869336053,1.78978494301314e-09
1.95320915135935,1.75836155043169e-09
1.95679960935817,1.71317748443759e-09
1.96039006735699,1.80550675622363e-09
1.96398052535581,1.7224762617641e-09
1.96757098335464,1.68283523559629e-09
1.97116144135346,1.64710545675894e-09
1.97475189935228,1.60494150839766e-09
1.9783423573511,1.56266262298882e-09
1.98193281534993,1.51720030630825e-09
1.98552327334875,1.48842030564863e-09
1.98911373134757,1.52392377412732e-09
1.99270418934639,1.86626438101577e-09
1.99629464734522,3.7350021470053e-09
1.99988510534404,1.50882086797512e-07
2.00347556334286,6.34119642798344e-09
2.00706602134168,3.92632528544256e-09
2.01065647934051,3.18207308359071e-09
2.01424693733933,2.82521530525007e-09
2.01783739533815,2.62223203832094e-09
2.02142785333697,2.49616190306392e-09
2.02501831133579,2.41518438107376e-09
2.02860876933462,2.37049477137492e-09
2.03219922733344,2.3677945414767e-09
2.03578968533226,2.44205789509102e-09
2.03938014333108,3.14416795830901e-09
2.04297060132991,1.24421396168192e-09
2.04656105932873,1.73573022392651e-09
2.05015151732755,1.82143035283778e-09
2.05374197532637,1.84674041784579e-09
2.05733243332519,1.85553702477114e-09
2.06092289132402,1.85354708580659e-09
2.06451334932284,1.848662281992e-09
2.06810380732166,1.84197161601973e-09
2.07169426532048,1.83326357139226e-09
2.07528472331931,1.82600942470693e-09
2.07887518131813,1.81751029070472e-09
2.08246563931695,1.79580358560036e-09
2.08605609731577,1.79798377157578e-09
2.0896465553146,1.78595206354552e-09
2.09323701331342,1.7817548249893e-09
2.09682747131224,1.76908330055342e-09
2.10041792931106,1.76433425877161e-09
2.10400838730989,1.75409850540921e-09
2.10759884530871,1.7463554349283e-09
2.11118930330753,1.73573505956875e-09
2.11477976130635,1.7284834277759e-09
2.11837021930517,1.72304309180714e-09
2.121960677304,1.69323466664692e-09
2.12555113530282,1.71768907954125e-09
2.12914159330164,1.72389355578407e-09
2.13273205130046,1.7033139601581e-09
2.13632250929929,1.69479593729609e-09
2.13991296729811,1.68863773326934e-09
2.14350342529693,1.68212267145416e-09
2.14709388329575,1.67604751194235e-09
2.15068434129458,1.67152243113149e-09
2.1542747992934,1.66631452142711e-09
2.15786525729222,1.66417031391993e-09
2.16145571529104,1.66679257505527e-09
2.16504617328986,1.65079814406829e-09
2.16863663128869,1.75436968631022e-09
2.17222708928751,1.58527258466677e-09
2.17581754728633,1.60699119024128e-09
2.17940800528515,1.60688736153716e-09
2.18299846328398,1.60355097373521e-09
2.1865889212828,1.6019353828461e-09
2.19017937928162,1.59713464858132e-09
2.19376983728044,1.59327914732962e-09
2.19736029527927,1.59039818757337e-09
2.20095075327809,1.58301352413389e-09
2.20454121127691,1.57847443395088e-09
2.20813166927573,1.57081773461e-09
2.21172212727456,1.58896565634299e-09
2.21531258527338,1.57420642734008e-09
2.2189030432722,1.57017659335876e-09
2.22249350127102,1.56651912877495e-09
2.22608395926984,1.56222324950389e-09
2.22967441726867,1.56004610653055e-09
2.23326487526749,1.5563917790324e-09
2.23685533326631,1.55419098275861e-09
2.24044579126513,1.54314218888097e-09
2.24403624926396,1.54545548657653e-09
2.24762670726278,1.53731721169941e-09
2.2512171652616,1.3255217393722e-09
2.25480762326042,1.56367799322761e-09
2.25839808125925,1.55645538954714e-09
2.26198853925807,1.55351531453466e-09
2.26557899725689,1.55502378828537e-09
2.26916945525571,1.55649745715998e-09
2.27275991325454,1.55883118525785e-09
2.27635037125336,1.56390983692384e-09
2.27994082925218,1.57045345980333e-09
2.283531287251,1.58075572207575e-09
2.28712174524982,1.60079048659929e-09
2.29071220324865,1.68052766745933e-09
2.29430266124747,1.49934627384336e-09
2.29789311924629,1.57499978849715e-09
2.30148357724511,1.60097839609088e-09
2.30507403524394,1.63218460444316e-09
2.30866449324276,1.66794669122014e-09
2.31225495124158,1.71664473709054e-09
2.3158454092404,1.78589851998253e-09
2.31943586723923,1.89149461518982e-09
2.32302632523805,2.07773470624925e-09
2.32661678323687,2.47059232715167e-09
2.33020724123569,3.75849037352027e-09
2.33379769923451,1.536107829682e-08
2.33738815723334,8.48084218276693e-10
2.34097861523216,5.72307927855631e-10
2.34456907323098,7.58522355431743e-10
2.3481595312298,8.81205398618298e-10
2.35174998922863,9.63166595140662e-10
2.35534044722745,1.01808142557384e-09
2.35893090522627,1.06144359246951e-09
2.36252136322509,1.09545966907933e-09
2.36611182122392,1.1272439051577e-09
2.36970227922274,1.17074080606248e-09
2.37329273722156,1.77844805336083e-09
2.37688319522038,1.19169659858458e-09
2.38047365321921,1.13475543268183e-09
2.38406411121803,1.1476004872901e-09
2.38765456921685,1.15211948688419e-09
2.39124502721567,1.15619382958701e-09
2.39483548521449,1.16126558716541e-09
2.39842594321332,1.16372669743355e-09
2.40201640121214,1.16523629298654e-09
2.40560685921096,1.16758947292015e-09
2.40919731720978,1.16554139554795e-09
2.41278777520861,1.16076008276192e-09
2.41637823320743,1.19621421869151e-09
2.41996869120625,1.17538944967212e-09
2.42355914920507,1.17679992734077e-09
2.4271496072039,1.1776595180781e-09
2.43074006520272,1.1735765269438e-09
2.43433052320154,1.17235211046565e-09
2.43792098120036,1.17072620626328e-09
2.44151143919918,1.16939488520984e-09
2.44510189719801,1.16582172820943e-09
2.44869235519683,1.16121447431874e-09
2.45228281319565,1.16844080008054e-09
2.45587327119447,1.13112902058018e-09
2.4594637291933,1.16687009501981e-09
2.46305418719212,1.16447221154056e-09
2.46664464519094,1.1611824350602e-09
2.47023510318976,1.15933992445948e-09
2.47382556118859,1.15682948808793e-09
2.47741601918741,1.15516670312563e-09
2.48100647718623,1.15318651961773e-09
2.48459693518505,1.15051458258129e-09
2.48818739318387,1.15085556839907e-09
2.4917778511827,1.15043593044032e-09
2.49536830918152,1.15912093605604e-09
2.49895876718034,1.12386780361545e-09
2.50254922517916,1.11930043661551e-09
2.50613968317799,1.13569966642973e-09
2.50973014117681,1.12901627938706e-09
2.51332059917563,1.12942083012447e-09
2.51691105717445,1.12768464546942e-09
2.52050151517328,1.12454649912189e-09
2.5240919731721,1.1227825621837e-09
2.52768243117092,1.1207214392636e-09
2.53127288916974,1.11570505245321e-09
2.53486334716857,1.11897541488203e-09
2.53845380516739,1.11131082988181e-09
2.54204426316621,1.11421120437735e-09
2.54563472116503,1.10695063586766e-09
2.54922517916385,1.10506950624039e-09
2.55281563716268,1.10460071981868e-09
2.5564060951615,1.10178381151197e-09
2.55999655316032,1.09952064100018e-09
2.56358701115914,1.09704687169354e-09
2.56717746915797,1.09448113189758e-09
2.57076792715679,1.09276288795073e-09
2.57435838515561,1.0880582054161e-09
2.57794884315443,1.07735298242375e-09
2.58153930115326,1.09642421906474e-09
2.58512975915208,1.04204636736951e-09
2.5887202171509,1.0785840768861e-09
2.59231067514972,1.07859077737384e-09
2.59590113314854,1.07758314400098e-09
2.59949159114737,1.07492272451751e-09
2.60308204914619,1.07347215727123e-09
2.60667250714501,1.0720602804794e-09
2.61026296514383,1.07142146046078e-09
2.61385342314266,1.07122431489719e-09
2.61744388114148,1.07490727550956e-09
2.6210343391403,1.07334743886787e-09
2.62462479713912,1.15179085877402e-09
2.62821525513795,1.00988805248193e-09
2.63180571313677,1.03063221776879e-09
2.63539617113559,1.03992649926396e-09
2.63898662913441,1.04084587451101e-09
2.64257708713324,1.04577947359925e-09
2.64616754513206,1.05045060147203e-09
2.64975800313088,1.06361771332315e-09
2.6533484611297,1.08571886626864e-09
2.65693891912852,1.14599365946045e-09
2.66052937712735,1.34259617971443e-09
2.66411983512617,2.43984788541136e-09
2.66771029312499,5.85399646613955e-09
2.67130075112381,1.71502736505833e-09
2.67489120912264,1.3102210478676e-09
2.67848166712146,1.18150773021267e-09
2.68207212512028,1.12564248725927e-09
2.6856625831191,1.09458584721363e-09
2.68925304111792,1.07453558099027e-09
2.69284349911675,1.06081099461399e-09
2.69643395711557,1.05056476781914e-09
2.70002441511439,1.04414130337941e-09
2.70361487311321,1.02510068793617e-09
2.70720533111204,9.45109989664189e-10
2.71079578911086,1.04378957921118e-09
2.71438624710968,1.00736329392312e-09
2.7179767051085,1.01481247161466e-09
2.72156716310733,1.0146894027029e-09
2.72515762110615,1.01257044881094e-09
2.72874807910497,1.00843681774938e-09
2.73233853710379,1.00628903509374e-09
2.73592899510262,1.00463033964467e-09
2.73951945310144,1.00169235256754e-09
2.74310991110026,1.0034453314187e-09
2.74670036909908,1.01813288165411e-09
2.7502908270979,9.59261051296734e-10
2.75388128509673,9.81036495711657e-10
2.75747174309555,9.75522829924634e-10
2.76106220109437,9.77063960984329e-10
2.76465265909319,9.75190712781012e-10
2.76824311709202,9.71352919901183e-10
2.77183357509084,9.69714108796761e-10
2.77542403308966,9.67080780976327e-10
2.77901449108848,9.65214572728012e-10
2.78260494908731,9.57394736335377e-10
2.78619540708613,9.67237925970499e-10
2.78978586508495,9.32988563022271e-10
2.79337632308377,9.58927005801317e-10
2.7969667810826,9.48457060102592e-10
2.80055723908142,9.49763819462034e-10
2.80414769708024,9.47982881681697e-10
2.80773815507906,9.44941528967227e-10
2.81132861307788,9.43613264178343e-10
2.81491907107671,9.41407626633217e-10
2.81850952907553,9.39976387987426e-10
2.82209998707435,9.38076119192523e-10
2.82569044507317,9.3820918878171e-10
2.829280903072,9.53050829497471e-10
2.83287136107082,9.1721077299145e-10
2.83646181906964,9.14046764744734e-10
2.84005227706846,9.22637257797275e-10
2.84364273506729,9.12068568481355e-10
2.84723319306611,9.13701026744644e-10
2.85082365106493,9.10563714884202e-10
2.85441410906375,9.10344979233913e-10
2.85800456706257,9.05957884371848e-10
2.8615950250614,9.04136760197048e-10
2.86518548306022,9.04324717115946e-10
2.86877594105904,8.94674988817576e-10
2.87236639905786,8.99583793339642e-10
2.87595685705669,8.83653134050244e-10
2.87954731505551,8.95959595043865e-10
2.88313777305433,8.93746073138916e-10
2.88672823105315,8.85417307482371e-10
2.89031868905198,8.82279520826369e-10
2.8939091470508,8.78382650933691e-10
2.89749960504962,8.73053829615344e-10
2.90109006304844,8.69454923973362e-10
2.90468052104727,8.61575977854436e-10
2.90827097904609,8.60316707953771e-10
2.91186143704491,8.31839326166256e-10
2.91545189504373,8.27953721435381e-10
2.91904235304255,9.77306843738756e-10
2.92263281104138,8.79947754932131e-10
2.9262232690402,8.65615273108374e-10
2.92981372703902,8.58678510290195e-10
2.93340418503784,8.5163479071936e-10
2.93699464303667,8.46239859528023e-10
2.94058510103549,8.4167456892893e-10
2.94417555903431,8.37172040415849e-10
2.94776601703313,8.34126226633418e-10
2.95135647503196,8.3341182679584e-10
2.95494693303078,8.4620682626401e-10
2.9585373910296,1.12443385216681e-09
2.96212784902842,7.50615445908295e-10
2.96571830702724,7.67513127154029e-10
2.96930876502607,7.72477042323171e-10
2.97289922302489,7.6504268622879e-10
2.97648968102371,7.69618234031871e-10
2.98008013902253,7.7796812507707e-10
2.98367059702136,8.08563478443076e-10
2.98726105502018,8.88286405456002e-10
2.990851513019,1.11075449783112e-09
2.99444197101782,1.77616757946373e-09
2.99803242901665,5.39159696744025e-09
3.00162288701547,7.42903076304501e-09
3.00521334501429,2.712202189473e-09
3.00880380301311,1.88185011784581e-09
3.01239426101194,1.54909584766476e-09
3.01598471901076,1.37402931964145e-09
3.01957517700958,1.26961448805487e-09
3.0231656350084,1.20113289130561e-09
3.02675609300722,1.15511940601718e-09
3.03034655100605,1.12520219162211e-09
3.03393700900487,1.11296066328675e-09
3.03752746700369,1.15223992080678e-09
3.04111792500251,1.35197725788508e-09
3.04470838300134,8.91642097078383e-10
3.04829884100016,9.27065714856913e-10
3.05188929899898,9.30624382769076e-10
3.0554797569978,9.31844629790637e-10
3.05907021499663,9.26217734197592e-10
3.06266067299545,9.21334040299419e-10
3.06625113099427,9.1567829828279e-10
3.06984158899309,9.08976216158069e-10
3.07343204699191,9.04591870944827e-10
3.07702250499074,8.96169953490392e-10
3.08061296298956,8.83818794791233e-10
3.08420342098838,8.97344605355487e-10
3.0877938789872,8.81514770707487e-10
3.09138433698603,8.82404612061513e-10
3.09497479498485,8.76632925700821e-10
3.09856525298367,8.72377519488648e-10
3.10215571098249,8.67420765696066e-10
3.10574616898132,8.63628299321148e-10
3.10933662698014,8.56796360207684e-10
3.11292708497896,8.55771763309497e-10
3.11651754297778,8.4835653558972e-10
3.1201080009766,8.31468905389478e-10
3.12369845897543,9.14574941764908e-10
3.12728891697425,8.65184170820719e-10
3.13087937497307,8.40690493499192e-10
3.13446983297189,8.37852007388646e-10
3.13806029097072,8.33915275232947e-10
3.14165074896954,8.30556909978973e-10
3.14524120696836,8.26169655674055e-10
3.14883166496718,8.23009529762732e-10
3.15242212296601,8.1935136600851e-10
3.15601258096483,8.15365409272167e-10
3.15960303896365,8.13962653534858e-10
3.16319349696247,8.12898634339544e-10
3.1667839549613,8.16952335762774e-10
3.17037441296012,7.41742704642841e-10
3.17396487095894,7.82302962580035e-10
3.17755532895776,7.81201146076012e-10
3.18114578695658,7.78016872192213e-10
3.18473624495541,7.75409428310148e-10
3.18832670295423,7.70711573772764e-10
3.19191716095305,7.66973258797772e-10
3.19550761895187,7.61334907230281e-10
3.1990980769507,7.52692354620648e-10
3.20268853494952,7.52397417203647e-10
3.20627899294834,7.45672858523282e-10
3.20986945094716,7.53458211487256e-10
3.21345990894599,7.29745128126001e-10
3.21705036694481,7.22441690336792e-10
3.22064082494363,7.18153315612738e-10
3.22423128294245,7.09579849469295e-10
3.22782174094128,7.02768129315554e-10
3.2314121989401,6.93349672053577e-10
3.23500265693892,6.82971238705796e-10
3.23859311493774,6.69357427194884e-10
3.24218357293656,6.62958302598801e-10
3.24577403093539,6.30942049638527e-10
3.24936448893421,5.95559519427953e-10
3.25295494693303,7.33136610526945e-10
3.25654540493185,6.53920772565475e-10
3.26013586293068,6.29478109863519e-10
3.2637263209295,6.08963478735548e-10
3.26731677892832,5.90016637384751e-10
3.27090723692714,5.69856799775927e-10
3.27449769492596,5.47708338451197e-10
3.27808815292479,5.24193380576574e-10
3.28167861092361,4.96601398619025e-10
3.28526906892243,4.68763958772938e-10
3.28885952692125,4.30637316106974e-10
3.29244998492008,3.44499702289576e-10
3.2960404429189,3.46425454846443e-10
3.29963090091772,2.85110258772515e-10
3.30322135891654,2.34968883417999e-10
3.30681181691537,1.89402689757e-10
3.31040227491419,2.07451675206846e-10
3.31399273291301,3.30658305072249e-10
3.31758319091183,5.73549144093263e-10
3.32117364891066,9.81595257681053e-10
3.32476410690948,1.75375632926257e-09
3.3283545649083,3.66985578429732e-09
3.33194502290712,1.5459224633666e-08
3.33553548090594,1.11471225173863e-08
3.33912593890477,4.80587145774959e-09
3.34271639690359,3.31225910762234e-09
3.34630685490241,2.64510425689451e-09
3.34989731290123,2.27015875469566e-09
3.35348777090006,2.02836711935928e-09
3.35707822889888,1.86068052711725e-09
3.3606686868977,1.73711231178972e-09
3.36425914489652,1.6410776461006e-09
3.36784960289535,1.56334347189746e-09
3.37144006089417,1.5212753841797e-09
3.37503051889299,1.66581408744718e-09
3.37862097689181,1.41163405231043e-09
3.38221143489063,1.39296119541331e-09
3.38580189288946,1.35546210935713e-09
3.38939235088828,1.3282649447989e-09
3.3929828088871,1.30532546203584e-09
3.39657326688592,1.28516632846893e-09
3.40016372488475,1.26689553029728e-09
3.40375418288357,1.25239868966422e-09
3.40734464088239,1.23776667076433e-09
3.41093509888121,1.22544005305125e-09
3.41452555688004,1.21913189822984e-09
3.41811601487886,1.20383927631476e-09
3.42170647287768,1.18886764356198e-09
3.4252969308765,1.18615161373298e-09
3.42888738887533,1.17892274006185e-09
3.43247784687415,1.1741163360471e-09
3.43606830487297,1.16821231393518e-09
3.43965876287179,1.16325054596416e-09
3.44324922087061,1.15952208997804e-09
3.44683967886944,1.15594841517674e-09
3.45043013686826,1.16092344880851e-09
3.45402059486708,1.15363457867467e-09
3.4576110528659,1.14100567068906e-09
3.46120151086473,1.14736134320098e-09
3.46479196886355,1.14159163089009e-09
3.46838242686237,1.14158328049947e-09
3.47197288486119,1.14202091214764e-09
3.47556334286002,1.14108888842975e-09
3.47915380085884,1.14182981756208e-09
3.48274425885766,1.14257718043766e-09
3.48633471685648,1.1443923528004e-09
3.48992517485531,1.14612353136903e-09
3.49351563285413,1.14660128324377e-09
3.49710609085295,1.14111622553955e-09
3.50069654885177,1.15209884532743e-09
3.50428700685059,1.16087464807436e-09
3.50787746484942,1.15434069163515e-09
3.51146792284824,1.16599109312073e-09
3.51505838084706,1.16812204003888e-09
3.51864883884588,1.17315089646652e-09
3.52223929684471,1.17838437435261e-09
3.52582975484353,1.18495800274135e-09
3.52942021284235,1.18981281300597e-09
3.53301067084117,1.20249278274049e-09
3.53660112884,1.20317553297389e-09
3.54019158683882,1.21831342110592e-09
3.54378204483764,1.2156860115173e-09
3.54737250283646,1.23371802755822e-09
3.55096296083528,1.24874625451915e-09
3.55455341883411,1.25824914339636e-09
3.55814387683293,1.27013719682679e-09
3.56173433483175,1.28349075082078e-09
3.56532479283057,1.29724639454042e-09
3.5689152508294,1.31219239364865e-09
3.57250570882822,1.32647139602253e-09
3.57609616682704,1.33982557023966e-09
3.57968662482586,1.3623354613464e-09
3.58327708282469,1.29153424451013e-09
3.58686754082351,1.52418185350026e-09
3.59045799882233,1.50015217116662e-09
3.59404845682115,1.52047992774646e-09
3.59763891481997,1.55049179264223e-09
3.6012293728188,1.58940157545047e-09
3.60481983081762,1.63347236133077e-09
3.60841028881644,1.68499562045659e-09
3.61200074681526,1.74307676844231e-09
3.61559120481409,1.81068560853909e-09
3.61918166281291,1.88801554104798e-09
3.62277212081173,1.98051863957415e-09
3.62636257881055,2.10907915259746e-09
3.62995303680938,2.2293537780789e-09
3.6335434948082,2.38448065135312e-09
3.63713395280702,2.58471951033308e-09
3.64072441080584,2.84552981104091e-09
3.64431486880467,3.1875154857513e-09
3.64790532680349,3.66278474527561e-09
3.65149578480231,4.36497738256116e-09
3.65508624280113,5.50986426534057e-09
3.65867670079995,7.67482561677926e-09
3.66226715879878,1.3420577768595e-08
3.6658576167976,7.02837918442599e-08
3.66944807479642,1.95102801850804e-08
3.67303853279524,8.17189886820782e-09
3.67662899079407,5.01368045207966e-09
3.68021944879289,3.53130392976923e-09
3.68380990679171,2.67870593898808e-09
3.68740036479053,2.12892345172026e-09
3.69099082278936,1.74971123928117e-09
3.69458128078818,1.48408901740215e-09
3.698171738787,1.3005130940345e-09
3.70176219678582,1.21996805885816e-09
3.70535265478464,1.4893220701169e-09
3.70894311278347,9.38945092416715e-10
3.71253357078229,4.96544503432246e-10
3.71612402878111,4.61954658438772e-10
3.71971448677993,4.34113253370275e-10
3.72330494477876,4.03108281396471e-10
3.72689540277758,3.75900797439986e-10
3.7304858607764,3.52751143620197e-10
3.73407631877522,3.34936072081788e-10
3.73766677677405,3.21553073146045e-10
3.74125723477287,3.1283747487466e-10
3.74484769277169,3.05284032550776e-10
3.74843815077051,2.81764656848634e-10
3.75202860876934,3.03031087737081e-10
3.75561906676816,3.09256696687725e-10
3.75920952476698,3.07195277482182e-10
3.7627999827658,3.15306033270645e-10
3.76639044076462,3.18766072744402e-10
3.76998089876345,3.24885661353036e-10
3.77357135676227,3.3092069057466e-10
3.77716181476109,3.38847558601588e-10
3.78075227275991,3.42017324298312e-10
3.78434273075874,3.53456820634063e-10
3.78793318875756,3.71018104024423e-10
3.79152364675638,3.58545583412236e-10
3.7951141047552,3.67518304141444e-10
3.79870456275403,3.70485005556893e-10
3.80229502075285,3.75395043553308e-10
3.80588547875167,3.80906021551979e-10
3.80947593675049,3.87863732600075e-10
3.81306639474931,3.93016676339964e-10
3.81665685274814,3.98553085052099e-10
3.82024731074696,4.03049077128266e-10
3.82383776874578,4.08796349591504e-10
3.8274282267446,4.15896771006685e-10
3.83101868474343,3.90228476996441e-10
3.83460914274225,4.13038755021255e-10
3.83819960074107,4.26344284284938e-10
3.84179005873989,4.19316555225881e-10
3.84538051673872,4.33329514132636e-10
3.84897097473754,4.36715626391084e-10
3.85256143273636,4.41550681688239e-10
3.85615189073518,4.4427515684092e-10
3.85974234873401,4.47855180693132e-10
3.86333280673283,4.53522263610545e-10
3.86692326473165,4.53896692433396e-10
3.87051372273047,4.72236969708097e-10
3.87410418072929,4.53318648882492e-10
3.87769463872812,4.68667089412706e-10
3.88128509672694,4.66307438567876e-10
3.88487555472576,4.69144993685023e-10
3.88846601272458,4.72074151895215e-10
3.89205647072341,4.76134908587877e-10
3.89564692872223,4.78290854640267e-10
3.89923738672105,4.82211645886371e-10
3.90282784471987,4.85330162355644e-10
3.9064183027187,4.90861931850618e-10
3.91000876071752,4.87303432798806e-10
3.91359921871634,5.29209052909978e-10
3.91718967671516,5.79762035045676e-10
3.92078013471399,4.77649266513251e-10
3.92437059271281,4.97724564121052e-10
3.92796105071163,5.03609193528063e-10
3.93155150871045,5.08500150848558e-10
3.93514196670927,5.13896719152616e-10
3.9387324247081,5.20419488043542e-10
3.94232288270692,5.26816706560994e-10
3.94591334070574,5.34685879378703e-10
3.94950379870456,5.43381017584082e-10
3.95309425670339,5.6105043910026e-10
3.95668471470221,5.84934259979259e-10
3.96027517270103,5.12027153295181e-10
3.96386563069985,5.68261647244986e-10
3.96745608869867,5.87435248739207e-10
3.9710465466975,6.13263483707109e-10
3.97463700469632,6.46702962565766e-10
3.97822746269514,6.91174037985166e-10
3.98181792069396,7.58328617486642e-10
3.98540837869279,8.60944425794114e-10
3.98899883669161,1.04154623764056e-09
3.99258929469043,1.42435828304841e-09
3.99617975268925,2.56436094408236e-09
3.99977021068808,4.14959168189992e-08
4.0033606686869,2.71162123634029e-09
4.00695112668572,1.33024328750226e-09
4.01054158468454,9.15904466080063e-10
4.01413204268337,7.25916153090586e-10
4.01772250068219,6.24451182742429e-10
4.02131295868101,5.62057088044026e-10
4.02490341667983,5.16996576049247e-10
4.02849387467865,4.81624250967832e-10
4.03208433267748,4.42567548086885e-10
4.0356747906763,3.84911411669899e-10
4.03926524867512,4.2377931346011e-10
4.04285570667394,1.01911798353156e-09
4.04644616467277,6.69368920057304e-10
4.05003662267159,5.98376307823281e-10
4.05362708067041,5.68448773455281e-10
4.05721753866923,5.51099412877447e-10
4.06080799666806,5.39549598809976e-10
4.06439845466688,5.31360918437724e-10
4.0679889126657,5.26860144119607e-10
4.07157937066452,5.21132813050074e-10
4.07516982866334,5.17790023159648e-10
4.07876028666217,5.17380795971122e-10
4.08235074466099,5.1254670438511e-10
4.08594120265981,5.13906594684365e-10
4.08953166065863,5.10357611975492e-10
4.09312211865746,5.10507885052446e-10
4.09671257665628,5.10164427890604e-10
4.1003030346551,5.07165924521868e-10
4.10389349265392,5.09167319516283e-10
4.10748395065275,5.08116428844436e-10
4.11107440865157,5.10575262542712e-10
4.11466486665039,5.11851093879086e-10
4.11825532464921,5.18348717704525e-10
4.12184578264803,5.80938199580404e-10
4.12543624064686,4.7136651661183e-10
4.12902669864568,4.84125643835717e-10
4.1326171566445,4.91494620744035e-10
4.13620761464332,4.93149349951971e-10
4.13979807264215,4.95610396926722e-10
4.14338853064097,4.9413850035068e-10
4.14697898863979,4.94481947458292e-10
4.15056944663861,4.94953624486633e-10
4.15415990463744,4.92732154765859e-10
4.15775036263626,4.93602660951204e-10
4.16134082063508,4.92600950488909e-10
4.1649312786339,4.82547354144623e-10
4.16852173663272,4.57689626132732e-10
4.17211219463155,5.08089479102363e-10
4.17570265263037,5.01492343938366e-10
4.17929311062919,4.96349714949743e-10
4.18288356862801,4.9799393939077e-10
4.18647402662684,4.95925383900328e-10
4.19006448462566,4.95140617713841e-10
4.19365494262448,4.94346827261545e-10
4.1972454006233,4.9206534267447e-10
4.20083585862213,4.97834851530753e-10
4.20442631662095,4.93305326288147e-10
4.20801677461977,5.03788643596062e-10
4.21160723261859,4.64713460943466e-10
4.21519769061742,4.8168707888994e-10
4.21878814861624,4.87591202076531e-10
4.22237860661506,4.87299218362493e-10
4.22596906461388,4.87360698911547e-10
4.22955952261271,4.87569121580412e-10
4.23314998061153,4.87748759003254e-10
4.23674043861035,4.87870488007625e-10
4.24033089660917,4.94011077897562e-10
4.24392135460799,4.95304927472297e-10
4.24751181260682,5.0245771492521e-10
4.25110227060564,8.17249072467446e-10
4.25469272860446,4.40138275756531e-10
4.25828318660328,4.56946332684704e-10
4.26187364460211,4.59649628845186e-10
4.26546410260093,4.59619075225551e-10
4.26905456059975,4.58739462116384e-10
4.27264501859857,4.55932019370864e-10
4.2762354765974,4.5362888771958e-10
4.27982593459622,4.48559183477524e-10
4.28341639259504,4.3879303026645e-10
4.28700685059386,4.20045794397426e-10
4.29059730859268,3.50340752887249e-10
4.29418776659151,5.71414236341696e-10
4.29777822459033,4.80119659910722e-10
4.30136868258915,4.67708061691554e-10
4.30495914058797,4.55260694889676e-10
4.3085495985868,4.42312259267652e-10
4.31214005658562,4.3170083344396e-10
4.31573051458444,4.1535347794086e-10
4.31932097258326,3.94556060431774e-10
4.32291143058209,3.55324463260589e-10
4.32650188858091,2.9049530264533e-10
4.33009234657973,1.99387453624585e-10
4.33368280457855,4.83972712144393e-09
4.33727326257737,8.64668372333693e-10
4.3408637205762,6.77953374167852e-10
4.34445417857502,6.11795248522576e-10
4.34804463657384,5.79984429139507e-10
4.35163509457266,5.57988454157902e-10
4.35522555257149,5.42750120568468e-10
4.35881601057031,5.31779163483843e-10
4.36240646856913,5.20878763193885e-10
4.36599692656795,5.14371706264191e-10
4.36958738456678,5.21531588278221e-10
4.3731778425656,9.67369757964499e-10
4.37676830056442,7.29246676670379e-10
4.38035875856324,5.81193740996874e-10
4.38394921656207,5.41788327328228e-10
4.38753967456089,5.29116669890209e-10
4.39113013255971,5.19591190654152e-10
4.39472059055853,5.14482665337281e-10
4.39831104855736,5.08809829125746e-10
4.40190150655618,5.05613014335456e-10
4.405491964555,5.02125075484385e-10
4.40908242255382,4.98730483208184e-10
4.41267288055264,4.99139980897528e-10
4.41626333855147,4.84694640181301e-10
4.41985379655029,4.89090196268775e-10
4.42344425454911,4.867668426185e-10
4.42703471254793,4.8386278240734e-10
4.43062517054676,4.83010719725083e-10
4.43421562854558,4.80092069632607e-10
4.4378060865444,4.77000068216331e-10
4.44139654454322,4.77044090254286e-10
4.44498700254205,4.73962005504801e-10
4.44857746054087,4.74864671962948e-10
4.45216791853969,4.64715458393046e-10
4.45575837653851,4.60993976977468e-10
4.45934883453733,4.64500444155264e-10
4.46293929253616,4.67970416120704e-10
4.46652975053498,4.61672146963493e-10
4.4701202085338,4.5993783428122e-10
4.47371066653262,4.55434396981085e-10
4.47730112453145,4.54367444142719e-10
4.48089158253027,4.50872225314848e-10
4.48448204052909,4.47975461589667e-10
4.48807249852791,4.4536510963941e-10
4.49166295652673,4.3941545846383e-10
4.49525341452556,4.2607827560184e-10
4.49884387252438,4.61909790233479e-10
4.5024343305232,4.58819171839136e-10
4.50602478852202,4.35362501637102e-10
4.50961524652085,4.43562384715999e-10
4.51320570451967,4.33675507003668e-10
4.51679616251849,4.30709006559586e-10
4.52038662051731,4.27475409846588e-10
4.52397707851614,4.24521660617171e-10
4.52756753651496,4.19971614525314e-10
4.53115799451378,4.18037869682565e-10
4.5347484525126,4.1311466583619e-10
4.53833891051143,4.12421324720498e-10
4.54192936851025,4.03056605033494e-10
4.54551982650907,4.12693996942374e-10
4.54911028450789,4.04485600886338e-10
4.55270074250671,4.01247796655559e-10
4.55629120050554,3.98944828344933e-10
4.55988165850436,3.95780751070252e-10
4.56347211650318,3.93714521431353e-10
4.567062574502,3.91810458602873e-10
4.57065303250083,3.91398816939959e-10
4.57424349049965,3.93276821437001e-10
4.57783394849847,4.16588684587591e-10
4.58142440649729,3.72806051787863e-10
4.58501486449612,3.27120119401703e-10
4.58860532249494,3.78157052803136e-10
4.59219578049376,3.79447846108976e-10
4.59578623849258,3.88083617381894e-10
4.59937669649141,3.97220909208975e-10
4.60296715449023,4.09341905621237e-10
4.60655761248905,4.24655758869719e-10
4.61014807048787,4.44898805340302e-10
4.61373852848669,4.729782038987e-10
4.61732898648552,5.04122604862955e-10
4.62091944448434,5.43131446498038e-10
4.62450990248316,5.90095956569248e-10
4.62810036048198,6.77221870231058e-10
4.63169081848081,7.83897944036705e-10
4.63528127647963,8.77114580276318e-10
4.63887173447845,1.0237917407474e-09
4.64246219247727,1.22176755440274e-09
4.6460526504761,1.49035065622239e-09
4.64964310847492,1.88250389772934e-09
4.65323356647374,2.48853258206322e-09
4.65682402447256,3.55107791161541e-09
4.66041448247138,5.83027853252368e-09
4.66400494047021,1.43558829215029e-08
4.66759539846903,4.25054246130648e-08
4.67118585646785,9.16932264378846e-09
4.67477631446667,5.33575429211827e-09
4.6783667724655,3.85669795850208e-09
4.68195723046432,3.07330587926758e-09
4.68554768846314,2.59171818982844e-09
4.68913814646196,2.26593642052353e-09
4.69272860446079,2.03170245506705e-09
4.69631906245961,1.8605497967513e-09
4.69990952045843,1.72953967896726e-09
4.70349997845725,1.65127520491396e-09
4.70709043645607,2.03119296668423e-09
4.7106808944549,1.32478248936066e-09
4.71427135245372,1.33754219578198e-09
4.71786181045254,1.27888085184214e-09
4.72145226845136,1.2348624556494e-09
4.72504272645019,1.19663294366451e-09
4.72863318444901,1.16281441057863e-09
4.73222364244783,1.13166049991534e-09
4.73581410044665,1.10425017701399e-09
4.73940455844548,1.07873238300627e-09
4.7429950164443,1.05494485485842e-09
4.74658547444312,1.02981891666996e-09
4.75017593244194,1.03107288898372e-09
4.75376639044077,1.01815503632155e-09
4.75735684843959,9.86355479957182e-10
4.76094730643841,9.72494383052043e-10
4.76453776443723,9.5905553815424e-10
4.76812822243606,9.48354662142164e-10
4.77171868043488,9.36632670434881e-10
4.7753091384337,9.26989017589436e-10
4.77889959643252,9.17355983768658e-10
4.78249005443134,9.14243031112171e-10
4.78608051243017,8.93591169814538e-10
4.78967097042899,9.28117359680413e-10
4.79326142842781,8.90018523018173e-10
4.79685188642663,8.67854253785734e-10
4.80044234442546,8.67982235924546e-10
4.80403280242428,8.60728649511618e-10
4.8076232604231,8.57385444841444e-10
4.81121371842192,8.51404321753703e-10
4.81480417642075,8.4535544551173e-10
4.81839463441957,8.41673891856423e-10
4.82198509241839,8.34335213015146e-10
4.82557555041721,8.28856597492934e-10
4.82916600841603,8.11232076113718e-10
4.83275646641486,8.33372798302175e-10
4.83634692441368,8.86373937296305e-10
4.8399373824125,8.20636504051225e-10
4.84352784041132,8.25627039513915e-10
4.84711829841015,8.179121972661e-10
4.85070875640897,8.14278214161492e-10
4.85429921440779,8.10345170374743e-10
4.85788967240661,8.08399659779389e-10
4.86148013040544,8.04713705390744e-10
4.86507058840426,7.97909398594816e-10
4.86866104640308,8.03102857946343e-10
4.8722515044019,7.967027741871e-10
4.87584196240072,7.95924457637196e-10
4.87943242039955,7.97121856680398e-10
4.88302287839837,7.94662183777522e-10
4.88661333639719,7.93699284666052e-10
4.89020379439601,7.91822298432726e-10
4.89379425239484,7.91122581524042e-10
4.89738471039366,7.90406619343269e-10
4.90097516839248,7.89366438030333e-10
4.9045656263913,7.90543605394875e-10
4.90815608439013,7.89917497496212e-10
4.91174654238895,8.11327558392183e-10
4.91533700038777,7.94115848989064e-10
4.91892745838659,7.92208205138017e-10
4.92251791638541,7.7715408643623e-10
4.92610837438424,7.75967635949148e-10
4.92969883238306,7.78038904730856e-10
4.93328929038188,7.77673562453103e-10
4.9368797483807,7.8035170003756e-10
4.94047020637953,7.79829566776214e-10
4.94406066437835,7.80516906884171e-10
4.94765112237717,7.82440843645565e-10
4.95124158037599,7.81955540878055e-10
4.95483203837482,7.69612981451846e-10
4.95842249637364,6.7276619236055e-10
4.96201295437246,8.26886366683424e-10
4.96560341237128,8.23763616501675e-10
4.96919387037011,8.26455450066949e-10
4.97278432836893,8.43681692238637e-10
4.97637478636775,8.65483795296943e-10
4.97996524436657,9.02755866417685e-10
4.98355570236539,9.66772826671999e-10
4.98714616036422,1.08310258920218e-09
4.99073661836304,1.33615490682424e-09
4.99432707636186,1.97938501480323e-09
4.99791753436068,5.21374220507217e-09
