freqs,specs
0,9.6667025238308e-05
0.00359045799882233,0.000192804727978507
0.00718091599764466,0.000192830426216914
0.010771373996467,0.000192872968579204
0.0143618319952893,0.000192932628304436
0.0179522899941117,0.000193009321272402
0.021542747992934,0.000193103064535327
0.0251332059917563,0.000193213858336737
0.0287236639905786,0.000193341694149255
0.032314121989401,0.000193486606975537
0.0359045799882233,0.000193648696688497
0.0394950379870456,0.000193827760328301
0.043085495985868,0.000194023565328349
0.0466759539846903,0.000194236721740633
0.0502664119835126,0.000194467053101646
0.053856869982335,0.000194714367303015
0.0574473279811573,0.000194978782645504
0.0610377859799796,0.000195260305522808
0.0646282439788019,0.000195558927389161
0.0682187019776243,0.000195874654241747
0.0718091599764466,0.00019620750746211
0.0753996179752689,0.000196557528051366
0.0789900759740913,0.000196924626357321
0.0825805339729136,0.000197308838835715
0.0861709919717359,0.000197710403494315
0.0897614499705583,0.000198128928364242
0.0933519079693806,0.000198564798513503
0.0969423659682029,0.000199017849521019
0.100532823967025,0.000199488140075352
0.104123281965848,0.000199975659556789
0.10771373996467,0.000200480468290613
0.111304197963492,0.000201002546438284
0.114894655962315,0.000201541947799834
0.118485113961137,0.000202098699283623
0.122075571959959,0.000202672926411973
0.125666029958782,0.000203264226974516
0.129256487957604,0.000203872676353821
0.132846945956426,0.000204499304976548
0.136437403955249,0.000205143141665129
0.140027861954071,0.000205804451497808
0.143618319952893,0.000206483289267711
0.147208777951716,0.000207179695680104
0.150799235950538,0.000207893737590712
0.15438969394936,0.000208625434653176
0.157980151948183,0.000209374779243127
0.161570609947005,0.000210141985543715
0.165161067945827,0.000210926873213862
0.16875152594465,0.00021172997117713
0.172341983943472,0.000212550162814187
0.175932441942294,0.000213388806571494
0.179522899941117,0.000214245457779824
0.183113357939939,0.000215120156581728
0.186703815938761,0.000216012970915402
0.190294273937583,0.000216923995060639
0.193884731936406,0.000217853278359404
0.197475189935228,0.0002188009036605
0.20106564793405,0.000219766943489337
0.204656105932873,0.000220751387143425
0.208246563931695,0.00022175464628157
0.211837021930517,0.00022277622486716
0.21542747992934,0.0002238168375072
0.219017937928162,0.000224876236362621
0.222608395926984,0.000225954580302222
0.226198853925807,0.000227051957635634
0.229789311924629,0.000228168495598176
0.233379769923451,0.000229304312731652
0.236970227922274,0.00023045951766661
0.240560685921096,0.000231634236045313
0.244151143919918,0.000232828592588575
0.247741601918741,0.000234042767666587
0.251332059917563,0.000235276601188327
0.254922517916385,0.000236531004143123
0.258512975915208,0.000237805391302936
0.26210343391403,0.000239100191477356
0.265693891912852,0.000240415595172228
0.269284349911675,0.000241751773864957
0.272874807910497,0.000243108965228203
0.276465265909319,0.000244487381659501
0.280055723908142,0.000245887277890956
0.283646181906964,0.000247308928245741
0.287236639905786,0.000248752549089166
0.290827097904609,0.000250217354052839
0.294417555903431,0.000251711039326126
0.298008013902253,0.000253223058657734
0.301598471901076,0.000254760454224221
0.305188929899898,0.000256323641635014
0.30877938789872,0.000257914269156085
0.312369845897543,0.000259535058159604
0.315960303896365,0.000261190906145021
0.319550761895187,0.000262891594579866
0.32314121989401,0.000264660559356043
0.326731677892832,0.000266572114920291
0.330322135891654,0.000269062148810682
0.333912593890477,0.000263076768417076
0.337503051889299,0.000270142348325139
0.341093509888121,0.000272375092063332
0.344683967886944,0.00027434894951269
0.348274425885766,0.000276267603545458
0.351864883884588,0.00027817798363988
0.355455341883411,0.000280096741446972
0.359045799882233,0.000282031460198029
0.362636257881055,0.0002839861861415
0.366226715879878,0.000285963356598992
0.3698171738787,0.000287964672445985
0.373407631877522,0.000289992259822634
0.376998089876345,0.00029204273538003
0.380588547875167,0.000294122452263606
0.384179005873989,0.000296229384650892
0.387769463872812,0.00029836443791308
0.391359921871634,0.000300528186309286
0.394950379870456,0.000302721124324007
0.398540837869279,0.00030494380792525
0.402131295868101,0.000307196744268958
0.405721753866923,0.000309480439420604
0.409312211865746,0.000311795431821197
0.412902669864568,0.000314142261292264
0.41649312786339,0.000316520921774919
0.420083585862213,0.000318933033615202
0.423674043861035,0.000321378363835612
0.427264501859857,0.000323857627573923
0.43085495985868,0.000326371395832594
0.434445417857502,0.00032892025428382
0.438035875856324,0.000331504799065389
0.441626333855147,0.000334125638348283
0.445216791853969,0.000336783424692897
0.448807249852791,0.000339478726979345
0.452397707851614,0.000342212256507774
0.455988165850436,0.000344983714530783
0.459578623849258,0.000347796880748322
0.463169081848081,0.000350649218898924
0.466759539846903,0.000353542583414574
0.470349997845725,0.000356477880971247
0.473940455844548,0.000359455686183957
0.47753091384337,0.000362476869055811
0.481121371842192,0.000365542284876378
0.484711829841015,0.000368652741299671
0.488302287839837,0.000371809137349895
0.491892745838659,0.00037501239098332
0.495483203837482,0.00037826307487098
0.499073661836304,0.000381563532186518
0.502664119835126,0.000384912747281195
0.506254577833949,0.000388312812372682
0.509845035832771,0.000391764667744905
0.513435493831593,0.000395269364863917
0.517025951830416,0.000398828027755394
0.520616409829238,0.00040244175800413
0.52420686782806,0.000406111744604195
0.527797325826883,0.000409839218768426
0.531387783825705,0.00041362544369718
0.534978241824527,0.000417471641405502
0.53856869982335,0.000421379276878613
0.542159157822172,0.000425349654699202
0.545749615820994,0.000429383968021536
0.549340073819817,0.000433484174485257
0.552930531818639,0.000437651445837794
0.556520989817461,0.000441887454717185
0.560111447816284,0.000446193809895554
0.563701905815106,0.00045057217128764
0.567292363813928,0.00045502428952634
0.57088282181275,0.000459551934352001
0.574473279811573,0.00046415696277528
0.578063737810395,0.000468841224167073
0.581654195809218,0.000473607003555487
0.58524465380804,0.000478456036216273
0.588835111806862,0.000483390425277507
0.592425569805685,0.000488412391949247
0.596016027804507,0.000493524416415554
0.599606485803329,0.000498728707439026
0.603196943802151,0.00050402769354843
0.606787401800974,0.000509423936272296
0.610377859799796,0.000514920011227742
0.613968317798618,0.00052051866590951
0.617558775797441,0.000526222654264777
0.621149233796263,0.000532034876084917
0.624739691795085,0.000537958436341697
0.628330149793908,0.000543996015337388
0.63192060779273,0.000550151317289119
0.635511065791552,0.000556427103955115
0.639101523790375,0.00056282680657637
0.642691981789197,0.000569353505688056
0.646282439788019,0.000576010123725773
0.649872897786842,0.000582798800290466
0.653463355785664,0.000589719894052762
0.657053813784486,0.000596768208095916
0.660644271783309,0.000603915777611956
0.664234729782131,0.000610943589233201
0.667825187780953,0.00062043085123381
0.671415645779776,0.000627155514990638
0.675006103778598,0.000634909037832977
0.67859656177742,0.000642921049576452
0.682187019776243,0.000651140281635532
0.685777477775065,0.000659558661689735
0.689367935773887,0.000668177445119948
0.69295839377271,0.000677001037127366
0.696548851771532,0.00068603532517705
0.700139309770354,0.000695287019083415
0.703729767769177,0.000704763663751266
0.707320225767999,0.000714472955960494
0.710910683766821,0.00072442334023528
0.714501141765644,0.000734623857062769
0.718091599764466,0.00074508386406554
0.721682057763288,0.000755813273548562
0.725272515762111,0.000766822544016958
0.728862973760933,0.000778122687261244
0.732453431759755,0.000789725351942059
0.736043889758578,0.000801642831971131
0.7396343477574,0.000813888073915595
0.743224805756222,0.000826474817645486
0.746815263755045,0.000839417410416752
0.750405721753867,0.000852731386043109
0.753996179752689,0.000866432838687195
0.757586637751512,0.000880538679844462
0.761177095750334,0.000895067523617079
0.764767553749156,0.000910038506963829
0.768358011747979,0.0009254721918318
0.771948469746801,0.000941390374546279
0.775538927745623,0.000957816259347425
0.779129385744446,0.000974774579695298
0.782719843743268,0.000992291726130286
0.78631030174209,0.00101039577481474
0.789900759740913,0.00102911656788461
0.793491217739735,0.0010484870831824
0.797081675738557,0.00106854043748291
0.80067213373738,0.00108931475538202
0.804262591736202,0.00111084905047342
0.807853049735024,0.00113318599671752
0.811443507733847,0.00115637141516814
0.815033965732669,0.001180454661118
0.818624423731491,0.00120548908260438
0.822214881730314,0.00123153225383552
0.825805339729136,0.00125864648170929
0.829395797727958,0.00128689938238585
0.832986255726781,0.00131636450646679
0.836576713725603,0.00134712190150748
0.840167171724425,0.00137925758852609
0.843757629723248,0.00141286762052936
0.84734808772207,0.00144805567092663
0.850938545720892,0.00148493580500182
0.854529003719715,0.00152363319841727
0.858119461718537,0.0015642858148146
0.861709919717359,0.00160704591920667
0.865300377716182,0.00165208199837945
0.868890835715004,0.00169958107333805
0.872481293713826,0.00174975116073329
0.876071751712649,0.00180282418644506
0.879662209711471,0.00185906034961505
0.883252667710293,0.00191875110061317
0.886843125709115,0.001982225414982
0.890433583707938,0.00204985523028751
0.89402404170676,0.00212206285609313
0.897614499705583,0.00219932990721685
0.901204957704405,0.00228220794515234
0.904795415703227,0.00237133180416047
0.90838587370205,0.00246743579155797
0.911976331700872,0.00257137404299056
0.915566789699694,0.00268414585795052
0.919157247698516,0.00280692925508409
0.922747705697339,0.00294111794694139
0.926338163696161,0.00308838144542869
0.929928621694984,0.00325072916429428
0.933519079693806,0.00343060510348292
0.937109537692628,0.00363101139311903
0.940699995691451,0.00385567722914634
0.944290453690273,0.00410929325858481
0.947880911689095,0.00439784270062583
0.951471369687917,0.00472907951077942
0.95506182768674,0.00511323575603944
0.958652285685562,0.00556409861548627
0.962242743684384,0.00610069590680118
0.965833201683207,0.00675006054565294
0.969423659682029,0.00755191808562587
0.973014117680852,0.00856713877352698
0.976604575679674,0.00989396166954127
0.980195033678496,0.0117018696028781
0.983785491677318,0.0143104751362422
0.987375949676141,0.0184030376834988
0.990966407674963,0.0257492358427302
0.994556865673785,0.0427892005685751
0.998147323672608,0.125921614427209
1.00173778167143,0.134211225012478
1.00532823967025,0.0438461342707972
1.00891869766907,0.0262280984477375
1.0125091556679,0.0187226495409417
1.01609961366672,0.0145645531297237
1.01969007166554,0.0119227744248062
1.02328052966436,0.0100957866958654
1.02687098766319,0.00875699255598317
1.03046144566201,0.00773377080343764
1.03405190366083,0.00692630271206795
1.03764236165965,0.00627285239886961
1.04123281965848,0.00573318431665648
1.0448232776573,0.0052799623482681
1.04841373565612,0.00489394900634472
1.05200419365494,0.00456122535268701
1.05559465165377,0.00427146685946827
1.05918510965259,0.00401685434333065
1.06277556765141,0.00379135732865206
1.06636602565023,0.00359025041686568
1.06995648364905,0.00340977827246307
1.07354694164788,0.00324691883667337
1.0771373996467,0.00309921279134161
1.08072785764552,0.00296463809837389
1.08431831564434,0.00284151779814377
1.08790877364317,0.00272844780612081
1.09149923164199,0.00262424532016856
1.09508968964081,0.00252790582617583
1.09868014763963,0.00243857106162528
1.10227060563846,0.00235550329235369
1.10586106363728,0.00227806484356193
1.1094515216361,0.0022057017544489
1.11304197963492,0.00213793037518459
1.11663243763374,0.0020743267181295
1.12022289563257,0.00201451730834995
1.12381335363139,0.0019581722475356
1.12740381163021,0.00190499841304938
1.13099426962903,0.00185473496040148
1.13458472762786,0.00180714928348924
1.13817518562668,0.0017620325586357
1.1417656436255,0.00171919709224991
1.14535610162432,0.00167847390367472
1.14894655962315,0.00163971024366358
1.15253701762197,0.00160276772076389
1.15612747562079,0.00156752071375013
1.15971793361961,0.0015338548643777
1.16330839161844,0.00150166581765675
1.16689884961726,0.00147085860173887
1.17048930761608,0.00144134537713094
1.1740797656149,0.00141304655972272
1.17767022361372,0.00138588833351913
1.18126068161255,0.00135980286311412
1.18485113961137,0.00133472775725737
1.18844159761019,0.00131060519124058
1.19203205560901,0.00128738177320517
1.19562251360784,0.00126500800925387
1.19921297160666,0.00124343794170295
1.20280342960548,0.00122262885695348
1.2063938876043,0.00120254115832244
1.20998434560313,0.00118313769670159
1.21357480360195,0.00116438405744949
1.21716526160077,0.00114624797230061
1.22075571959959,0.00112869935563973
1.22434617759841,0.00111170997086316
1.22793663559724,0.00109525340761693
1.23152709359606,0.00107930486769574
1.23511755159488,0.00106384109191976
1.2387080095937,0.00104884019954875
1.24229846759253,0.00103428161347062
1.24588892559135,0.00102014616445542
1.24947938359017,0.00100641501093495
1.25306984158899,0.000993071552057058
1.25666029958782,0.000980099211214627
1.26025075758664,0.000967482731234116
1.26384121558546,0.000955207552342681
1.26743167358428,0.000943259926909185
1.2710221315831,0.000931626821331956
1.27461258958193,0.000920295919904423
1.27820304758075,0.000909255497876128
1.28179350557957,0.000898494453600597
1.28538396357839,0.000888002344190329
1.28897442157722,0.00087776855927514
1.29256487957604,0.00086778448507259
1.29615533757486,0.000858040212312227
1.29974579557368,0.000848527452735227
1.30333625357251,0.000839237839556819
1.30692671157133,0.000830163328273948
1.31051716957015,0.000821296327862467
1.31410762756897,0.000812629263687151
1.3176980855678,0.000804154613428652
1.32128854356662,0.000795864398809907
1.32487900156544,0.000787748219505796
1.32846945956426,0.000779783743499757
1.33205991756308,0.000771762985939988
1.33565037556191,0.000764730481212687
1.33924083356073,0.000757179216448775
1.34283129155955,0.000749872839077388
1.34642174955837,0.000742731918533906
1.3500122075572,0.000735741456707506
1.35360266555602,0.000728894050973836
1.35719312355484,0.000722184226516997
1.36078358155366,0.000715607367113356
1.36437403955249,0.000709159234149244
1.36796449755131,0.000702835973720111
1.37155495555013,0.000696633731070426
1.37514541354895,0.000690549230885965
1.37873587154777,0.000684578611886345
1.3823263295466,0.000678719325704054
1.38591678754542,0.000672967609568726
1.38950724554424,0.000667320721235728
1.39309770354306,0.000661775802771215
1.39668816154189,0.00065633005158834
1.40027861954071,0.000650980793987788
1.40386907753953,0.000645725457613332
1.40745953553835,0.000640561537958292
1.41104999353718,0.000635486751810588
1.414640451536,0.000630498723476346
1.41823090953482,0.00062559486953592
1.42182136753364,0.000620773548195738
1.42541182553247,0.000616032489081073
1.42900228353129,0.000611369663098441
1.43259274153011,0.000606783127355561
1.43618319952893,0.000602270976190112
1.43977365752775,0.000597831427618421
1.44336411552658,0.000593462701393874
1.4469545735254,0.000589163085636399
1.45054503152422,0.000584930916016584
1.45413548952304,0.000580764715630591
1.45772594752187,0.000576662691039046
1.46131640552069,0.000572623998356881
1.46490686351951,0.000568645673098642
1.46849732151833,0.000564727946051625
1.47208777951716,0.000560868742700631
1.47567823751598,0.000557066794557039
1.4792686955148,0.000553320842254297
1.48285915351362,0.000549629618725548
1.48644961151244,0.000545991933884141
1.49004006951127,0.000542406618701238
1.49363052751009,0.000538872409966217
1.49722098550891,0.000535388298483611
1.50081144350773,0.000531953429000204
1.50440190150656,0.000528566271083665
1.50799235950538,0.000525226270922674
1.5115828175042,0.000521932189935084
1.51517327550302,0.000518683119231495
1.51876373350185,0.000515478149373436
1.52235419150067,0.000512316356101067
1.52594464949949,0.000509196842818164
1.52953510749831,0.000506118782041532
1.53312556549713,0.000503081301193458
1.53671602349596,0.000500083655103542
1.54030648149478,0.000497124887731962
1.5438969394936,0.000494203597804347
1.54748739749242,0.000491321380985868
1.55107785549125,0.000488475122577726
1.55466831349007,0.000485664878017092
1.55825877148889,0.000482889938850719
1.56184922948771,0.000480149648713705
1.56543968748654,0.000477443356984619
1.56903014548536,0.000474770413133445
1.57262060348418,0.000472130161517088
1.576211061483,0.000469521999937773
1.57980151948183,0.000466945378245815
1.58339197748065,0.000464399491124956
1.58698243547947,0.000461884331572399
1.59057289347829,0.000459398572482054
1.59416335147711,0.000456942204783783
1.59775380947594,0.000454514471067549
1.60134426747476,0.000452114890773659
1.60493472547358,0.000449742961160915
1.6085251834724,0.000447398143180519
1.61211564147123,0.000445079948840006
1.61570609947005,0.000442787934844197
1.61929655746887,0.000440521537325067
1.62288701546769,0.000438280837021329
1.62647747346652,0.000436057663392902
1.63006793146534,0.000433868727124596
1.63365838946416,0.000431699541269836
1.63724884746298,0.000429552759216768
1.6408393054618,0.000427427754239819
1.64442976346063,0.000425323451591426
1.64802022145945,0.000423238147846303
1.65161067945827,0.000421168979026979
1.65520113745709,0.000419109834843551
1.65879159545592,0.000417044295140312
1.66238205345474,0.000414901894706523
1.66597251145356,0.000411167079156397
1.66956296945238,0.000411844643467667
1.67315342745121,0.000409638414937728
1.67674388545003,0.000407652818944618
1.68033434344885,0.00040572923806926
1.68392480144767,0.000403840910027815
1.6875152594465,0.000401979192362921
1.69110571744532,0.000400140435392411
1.69469617544414,0.000398322662770242
1.69828663344296,0.000396524643830369
1.70187709144178,0.000394745653506841
1.70546754944061,0.000392985116100419
1.70905800743943,0.000391242141372806
1.71264846543825,0.000389517061221273
1.71623892343707,0.000387808866899714
1.7198293814359,0.000386117563219409
1.72341983943472,0.000384442711395645
1.72701029743354,0.000382784053494044
1.73060075543236,0.000381141343344537
1.73419121343119,0.000379514303060349
1.73778167143001,0.000377902675117168
1.74137212942883,0.000376306265849765
1.74496258742765,0.000374724785667506
1.74855304542647,0.00037315727755609
1.7521435034253,0.00037160584746153
1.75573396142412,0.000370067892857067
1.75932441942294,0.000368544077309599
1.76291487742176,0.000367034152226954
1.76650533542059,0.000365537906653136
1.77009579341941,0.000364055159414158
1.77368625141823,0.000362585706919248
1.77727670941705,0.000361129373093562
1.78086716741588,0.00035968596182323
1.7844576254147,0.000358255208958992
1.78804808341352,0.000356836362355275
1.79163854141234,0.00035543277813679
1.79522899941117,0.000354038889978607
1.79881945740999,0.000352657553723856
1.80240991540881,0.000351288111507074
1.80600037340763,0.000349930522940599
1.80959083140645,0.000348584541363495
1.81318128940528,0.000347249998372817
1.8167717474041,0.000345926764780858
1.82036220540292,0.000344614727154433
1.82395266340174,0.000343313629732431
1.82754312140057,0.000342023528019699
1.83113357939939,0.000340743573627493
1.83472403739821,0.000339474974912575
1.83831449539703,0.000338216671485386
1.84190495339586,0.000336968546379711
1.84549541139468,0.000335730629603795
1.8490858693935,0.000334502784387409
1.85267632739232,0.000333284863451122
1.85626678539114,0.000332076756304882
1.85985724338997,0.000330878344914536
1.86344770138879,0.000329689493748069
1.86703815938761,0.000328510116076283
1.87062861738643,0.000327340211437126
1.87421907538526,0.000326179098057059
1.87780953338408,0.000325027513947454
1.8813999913829,0.000323884701408134
1.88499044938172,0.000322750865175811
1.88858090738055,0.00032162580586994
1.89217136537937,0.00032050941495619
1.89576182337819,0.000319401602007787
1.89935228137701,0.000318302261231833
1.90294273937583,0.000317211313015533
1.90653319737466,0.000316128620616322
1.91012365537348,0.000315054121509714
1.9137141133723,0.000313987630439216
1.91730457137112,0.000312929129214225
1.92089502936995,0.000311878740562556
1.92448548736877,0.000310835830340276
1.92807594536759,0.000309800906950364
1.93166640336641,0.000308773510909883
1.93525686136524,0.000307753658876485
1.93884731936406,0.000306741250120402
1.94243777736288,0.000305736203646456
1.9460282353617,0.000304738461491321
1.94961869336053,0.000303747914672415
1.95320915135935,0.000302764599816499
1.95679960935817,0.000301788079434686
1.96039006735699,0.00030081881787415
1.96398052535581,0.000299856187202961
1.96757098335464,0.000298900570463582
1.97116144135346,0.000297951579697767
1.97475189935228,0.000297009304580155
1.9783423573511,0.000296073620090447
1.98193281534993,0.000295144465401654
1.98552327334875,0.000294221775222231
1.98911373134757,0.000293305489704158
1.99270418934639,0.000292395538021887
1.99629464734522,0.000291492330535851
1.99988510534404,0.000290622406633139
2.00347556334286,0.000289701411532441
2.00706602134168,0.000288816358946917
2.01065647934051,0.000287937089485813
2.01424693733933,0.000287063636459507
2.01783739533815,0.000286196011783542
2.02142785333697,0.000285334171206614
2.02501831133579,0.000284478073986237
2.02860876933462,0.000283627649792858
2.03219922733344,0.000282782828146648
2.03578968533226,0.00028194356052069
2.03938014333108,0.000281109840975852
2.04297060132991,0.000280281534416869
2.04656105932873,0.000279458699145186
2.05015151732755,0.000278641083939043
2.05374197532637,0.000277828841433019
2.05733243332519,0.000277021808547217
2.06092289132402,0.000276219951366183
2.06451334932284,0.000275423237347766
2.06810380732166,0.00027463159906732
2.07169426532048,0.0002738449986024
2.07528472331931,0.000273063399809491
2.07887518131813,0.000272286657020617
2.08246563931695,0.000271514884265134
2.08605609731577,0.000270747907936222
2.0896465553146,0.00026998566048719
2.09323701331342,0.00026922822750394
2.09682747131224,0.000268475472813901
2.10041792931106,0.000267727394881242
2.10400838730989,0.000266983897728973
2.10759884530871,0.000266244946474741
2.11118930330753,0.00026551053597537
2.11477976130635,0.000264780587963361
2.11837021930517,0.000264055080247755
2.121960677304,0.000263333997884972
2.12555113530282,0.000262617093602471
2.12914159330164,0.000261905259412649
2.13273205130046,0.000261196627229921
2.13632250929929,0.00026049261516823
2.13991296729811,0.00025979283383348
2.14350342529693,0.000259097202323572
2.14709388329575,0.000258405694437043
2.15068434129458,0.000257718243865039
2.1542747992934,0.00025703482916689
2.15786525729222,0.000256355442401292
2.16145571529104,0.000255679973956013
2.16504617328986,0.000255008320934417
2.16863663128869,0.000254340283907892
2.17222708928751,0.000253677275769708
2.17581754728633,0.000253017209720831
2.17940800528515,0.00025236102912799
2.18299846328398,0.000251708582177035
2.1865889212828,0.000251059883593959
2.19017937928162,0.000250414866802536
2.19376983728044,0.000249773494103464
2.19736029527927,0.000249135740891194
2.20095075327809,0.000248501597561454
2.20454121127691,0.000247870988031386
2.20813166927573,0.000247243812242498
2.21172212727456,0.000246620580538743
2.21531258527338,0.000246000276056253
2.2189030432722,0.000245383556131909
2.22249350127102,0.000244770256625101
2.22608395926984,0.000244160306977576
2.22967441726867,0.000243553721677093
2.23326487526749,0.000242950425376098
2.23685533326631,0.000242350420797735
2.24044579126513,0.000241753676149591
2.24403624926396,0.000241160156958124
2.24762670726278,0.000240569716770666
2.2512171652616,0.00023998233910316
2.25480762326042,0.000239398512645823
2.25839808125925,0.000238817571118824
2.26198853925807,0.000238239663456533
2.26557899725689,0.000237664807055429
2.26916945525571,0.000237092951950991
2.27275991325454,0.000236524070064099
2.27635037125336,0.000235958136809006
2.27994082925218,0.000235395099498534
2.283531287251,0.000234834903774112
2.28712174524982,0.00023427765303725
2.29071220324865,0.000233723336423301
2.29430266124747,0.000233170321613243
2.29789311924629,0.000232621256445067
2.30148357724511,0.000232074477745713
2.30507403524394,0.000231530007037832
2.30866449324276,0.000230987592265195
2.31225495124158,0.00023044694992829
2.3158454092404,0.000229907391373565
2.31943586723923,0.000229367645058347
2.32302632523805,0.000228824663361974
2.32661678323687,0.000228269031893678
2.33020724123569,0.000227649016655107
2.33379769923451,0.000228768774484687
2.33738815723334,0.000226941066682346
2.34097861523216,0.000226355972994018
2.34456907323098,0.000225818370817005
2.3481595312298,0.00022529543951461
2.35174998922863,0.000224780033179394
2.35534044722745,0.000224269697748765
2.35893090522627,0.000223763325429886
2.36252136322509,0.000223260341604297
2.36611182122392,0.000222760442883315
2.36970227922274,0.000222263342644052
2.37329273722156,0.000221768350069701
2.37688319522038,0.000221278029572255
2.38047365321921,0.000220788717027536
2.38406411121803,0.000220302163990777
2.38765456921685,0.000219818078767717
2.39124502721567,0.000219336410643482
2.39483548521449,0.000218857145004196
2.39842594321332,0.000218380236758685
2.40201640121214,0.000217905664953876
2.40560685921096,0.000217433412470406
2.40919731720978,0.000216963422807884
2.41278777520861,0.000216495676800059
2.41637823320743,0.000216030417176386
2.41996869120625,0.000215567070350923
2.42355914920507,0.000215105994981637
2.4271496072039,0.000214647129300268
2.43074006520272,0.000214190428746049
2.43433052320154,0.000213735886039475
2.43792098120036,0.000213283467600677
2.44151143919918,0.000212833164189878
2.44510189719801,0.00021238491020431
2.44869235519683,0.000211938825766191
2.45228281319565,0.000211494777288002
2.45587327119447,0.000211053169181037
2.4594637291933,0.000210612748366417
2.46305418719212,0.000210174633069604
2.46664464519094,0.000209738816348851
2.47023510318976,0.000209304773824788
2.47382556118859,0.000208872786405883
2.47741601918741,0.000208442754458409
2.48100647718623,0.000208014681241946
2.48459693518505,0.000207588526532478
2.48818739318387,0.000207164259347816
2.4917778511827,0.000206741909226432
2.49536830918152,0.000206321518936401
2.49895876718034,0.000205902795093617
2.50254922517916,0.000205486154691408
2.50613968317799,0.000205071252002214
2.50973014117681,0.000204658267443434
2.51332059917563,0.000204247052812003
2.51691105717445,0.000203837632082904
2.52050151517328,0.00020343003581621
2.5240919731721,0.000203024225463567
2.52768243117092,0.000202620184321344
2.53127288916974,0.000202217915172042
2.53486334716857,0.000201817365294759
2.53845380516739,0.000201418577675062
2.54204426316621,0.000201021488632584
2.54563472116503,0.000200626174582807
2.54922517916385,0.000200232506977596
2.55281563716268,0.000199840535474406
2.5564060951615,0.0001994502467355
2.55999655316032,0.000199061624474458
2.56358701115914,0.000198674653722923
2.56717746915797,0.00019828932489494
2.57076792715679,0.000197905636615779
2.57435838515561,0.000197523546385669
2.57794884315443,0.000197143048431476
2.58153930115326,0.000196764272717913
2.58512975915208,0.000196386999735133
2.5887202171509,0.000196011294821656
2.59231067514972,0.000195637140715979
2.59590113314854,0.000195264575280419
2.59949159114737,0.000194893539484049
2.60308204914619,0.000194524038969261
2.60667250714501,0.000194156058043872
2.61026296514383,0.000193789613511693
2.61385342314266,0.000193424645357721
2.61744388114148,0.000193061185265156
2.6210343391403,0.00019269905969754
2.62462479713912,0.000192338752502548
2.62821525513795,0.000191979316501711
2.63180571313677,0.000191621612449912
2.63539617113559,0.00019126538356459
2.63898662913441,0.000190910484379312
2.64257708713324,0.000190556887003204
2.64616754513206,0.000190204550024506
2.64975800313088,0.000189853353607479
2.6533484611297,0.000189503104657458
2.65693891912852,0.000189153241403077
2.66052937712735,0.000188802012626118
2.66411983512617,0.000188437453473884
2.66771029312499,0.000188209960151279
2.67130075112381,0.000187804472087785
2.67489120912264,0.000187455678737289
2.67848166712146,0.000187113238886702
2.68207212512028,0.000186773579972689
2.6856625831191,0.000186435918502319
2.68925304111792,0.000186099889331907
2.69284349911675,0.000185765379811819
2.69643395711557,0.000185432291026808
2.70002441511439,0.000185100614983759
2.70361487311321,0.00018477021108884
2.70720533111204,0.000184441228507203
2.71079578911086,0.000184113496855619
2.71438624710968,0.000183786942108737
2.7179767051085,0.000183461854569639
2.72156716310733,0.000183137969913362
2.72515762110615,0.000182815337339672
2.72874807910497,0.000182493945213148
2.73233853710379,0.000182173781800377
2.73592899510262,0.00018185485768582
2.73951945310144,0.000181537149573331
2.74310991110026,0.000181220639954101
2.74670036909908,0.000180905430216486
2.7502908270979,0.000180591056952166
2.75388128509673,0.000180278192872902
2.75747174309555,0.000179966491485878
2.76106220109437,0.000179655904807887
2.76465265909319,0.000179346490635747
2.76824311709202,0.000179038232035674
2.77183357509084,0.000178731115861949
2.77542403308966,0.000178425136687652
2.77901449108848,0.000178120302230453
2.78260494908731,0.000177816545465375
2.78619540708613,0.000177514007506349
2.78978586508495,0.000177212548418618
2.79337632308377,0.000176912154261151
2.7969667810826,0.000176612797002788
2.80055723908142,0.000176314646078359
2.80414769708024,0.000176017520858856
2.80773815507906,0.000175721468863303
2.81132861307788,0.000175426513130271
2.81491907107671,0.000175132634177073
2.81850952907553,0.000174839790544766
2.82209998707435,0.000174547998261252
2.82569044507317,0.000174257181865413
2.829280903072,0.000173967439194096
2.83287136107082,0.000173678876489202
2.83646181906964,0.000173391245424492
2.84005227706846,0.000173104545157684
2.84364273506729,0.000172818895733598
2.84723319306611,0.000172534271731448
2.85082365106493,0.000172250604589915
2.85441410906375,0.000171967936830933
2.85800456706257,0.000171686256602735
2.8615950250614,0.000171405558356865
2.86518548306022,0.000171125824054682
2.86877594105904,0.000170847010866783
2.87236639905786,0.000170569146669398
2.87595685705669,0.000170292219578419
2.87954731505551,0.000170016307642733
2.88313777305433,0.000169741247703232
2.88672823105315,0.000169467093320887
2.89031868905198,0.000169193856603143
2.8939091470508,0.000168921506387019
2.89749960504962,0.000168650026417616
2.90109006304844,0.000168379419957255
2.90468052104727,0.000168109657382885
2.90827097904609,0.00016784074830727
2.91186143704491,0.000167572599887873
2.91545189504373,0.00016730529819374
2.91904235304255,0.000167039237679467
2.92263281104138,0.000166773215346986
2.9262232690402,0.000166508233075034
2.92981372703902,0.000166243922232002
2.93340418503784,0.000165980277543078
2.93699464303667,0.000165717269216027
2.94058510103549,0.000165454819158044
2.94417555903431,0.000165192872872169
2.94776601703313,0.000164931347623638
2.95135647503196,0.000164670044105599
2.95494693303078,0.000164408897092851
2.9585373910296,0.000164143676418256
2.96212784902842,0.000163888083508587
2.96571830702724,0.000163625879878997
2.96930876502607,0.000163362829311524
2.97289922302489,0.000163098028862123
2.97648968102371,0.000162830093777923
2.98008013902253,0.000162556876459937
2.98367059702136,0.000162274351266257
2.98726105502018,0.000161973915682491
2.990851513019,0.000161633520238867
2.99444197101782,0.000161174052215051
2.99803242901665,0.00015993884495945
3.00162288701547,0.00016307917180887
3.00521334501429,0.000161557885714156
3.00880380301311,0.000161078784954806
3.01239426101194,0.000160736930563735
3.01598471901076,0.000160440398274631
3.01957517700958,0.000160164666705124
3.0231656350084,0.000159900425376928
3.02675609300722,0.000159643360696522
3.03034655100605,0.000159391190471945
3.03393700900487,0.000159142639122839
3.03752746700369,0.000158896855036118
3.04111792500251,0.000158652667501553
3.04470838300134,0.000158411582832852
3.04829884100016,0.000158171606999738
3.05188929899898,0.000157933005440294
3.0554797569978,0.000157695751323898
3.05907021499663,0.000157459686185897
3.06266067299545,0.00015722472605057
3.06625113099427,0.000156990837523561
3.06984158899309,0.000156757926095533
3.07343204699191,0.00015652598154408
3.07702250499074,0.000156294901084339
3.08061296298956,0.000156064340484374
3.08420342098838,0.000155836071158736
3.0877938789872,0.00015560746436833
3.09138433698603,0.000155379858055505
3.09497479498485,0.000155153072662096
3.09856525298367,0.000154927101853116
3.10215571098249,0.000154701931267584
3.10574616898132,0.000154477519203409
3.10933662698014,0.000154253879712878
3.11292708497896,0.000154030969926416
3.11651754297778,0.000153808781200924
3.1201080009766,0.000153587238363038
3.12369845897543,0.000153367697282813
3.12728891697425,0.000153147050752409
3.13087937497307,0.000152927726778048
3.13446983297189,0.000152709143060422
3.13806029097072,0.000152491324193772
3.14165074896954,0.000152274175552794
3.14524120696836,0.000152057721856767
3.14883166496718,0.000151841965258249
3.15242212296601,0.000151626886386127
3.15601258096483,0.000151412465841675
3.15960303896365,0.000151198747737457
3.16319349696247,0.000150985448759255
3.1667839549613,0.000150773369974546
3.17037441296012,0.000150561534562007
3.17396487095894,0.000150350474058226
3.17755532895776,0.000150140044019954
3.18114578695658,0.000149930245271564
3.18473624495541,0.000149721105585443
3.18832670295423,0.000149512584282429
3.19191716095305,0.000149304713910115
3.19550761895187,0.000149097478290792
3.1990980769507,0.00014889085331153
3.20268853494952,0.000148684869221933
3.20627899294834,0.000148479541838954
3.20986945094716,0.000148274884956903
3.21345990894599,0.000148070601263592
3.21705036694481,0.000147867091181531
3.22064082494363,0.00014766418111451
3.22423128294245,0.00014746187717247
3.22782174094128,0.000147260170913213
3.2314121989401,0.000147059065264044
3.23500265693892,0.000146858550404002
3.23859311493774,0.000146658639252458
3.24218357293656,0.00014645929350268
3.24577403093539,0.000146260706361258
3.24936448893421,0.000146062356121383
3.25295494693303,0.000145864956245081
3.25654540493185,0.000145667930420528
3.26013586293068,0.000145471447838387
3.2637263209295,0.000145275597522087
3.26731677892832,0.000145080330057999
3.27090723692714,0.000144885619632087
3.27449769492596,0.000144691493075546
3.27808815292479,0.000144497910886162
3.28167861092361,0.000144304912506597
3.28526906892243,0.000144112641195417
3.28885952692125,0.000143920301723585
3.29244998492008,0.000143729204897738
3.2960404429189,0.000143538232956
3.29963090091772,0.000143348065463841
3.30322135891654,0.000143158326603828
3.30681181691537,0.00014296911740315
3.31040227491419,0.000142780479232858
3.31399273291301,0.000142592367994478
3.31758319091183,0.000142404774061503
3.32117364891066,0.0001422177063136
3.32476410690948,0.000142031134492841
3.3283545649083,0.000141845108201346
3.33194502290712,0.000141658680099458
3.33553548090594,0.000141475822528408
3.33912593890477,0.000141290887174206
3.34271639690359,0.000141106906516171
3.34630685490241,0.000140923477870896
3.34989731290123,0.000140740586143498
3.35348777090006,0.000140558217441093
3.35707822889888,0.00014037635686147
3.3606686868977,0.000140195025064445
3.36425914489652,0.000140014170069286
3.36784960289535,0.000139833889524453
3.37144006089417,0.000139653988788639
3.37503051889299,0.00013947459694697
3.37862097689181,0.000139295719414277
3.38221143489063,0.00013911754931139
3.38580189288946,0.000138939674623712
3.38939235088828,0.000138762281406479
3.3929828088871,0.000138585410773702
3.39657326688592,0.00013840901248011
3.40016372488475,0.000138233105366485
3.40375418288357,0.000138057671512244
3.40734464088239,0.000137882728184062
3.41093509888121,0.000137708293229042
3.41452555688004,0.000137534465602533
3.41811601487886,0.000137360689536831
3.42170647287768,0.000137187558131532
3.4252969308765,0.000137015034141293
3.42888738887533,0.000136842960009245
3.43247784687415,0.000136671316948662
3.43606830487297,0.000136500113088506
3.43965876287179,0.000136329390075858
3.44324922087061,0.000136159125874145
3.44683967886944,0.000135989317831683
3.45043013686826,0.000135819959885882
3.45402059486708,0.000135651112670293
3.4576110528659,0.000135482552414217
3.46120151086473,0.000135314925965179
3.46479196886355,0.000135146904992759
3.46838242686237,0.000134979845924127
3.47197288486119,0.000134813198466227
3.47556334286002,0.000134646996777242
3.47915380085884,0.000134481216525013
3.48274425885766,0.000134315875876955
3.48633471685648,0.000134150972037108
3.48992517485531,0.00013398652017459
3.49351563285413,0.000133822437356241
3.49710609085295,0.000133658762549736
3.50069654885177,0.000133495546985766
3.50428700685059,0.000133333250536111
3.50787746484942,0.000133170740894843
3.51146792284824,0.000133008836393046
3.51505838084706,0.000132847343901769
3.51864883884588,0.000132686310463026
3.52223929684471,0.000132525694502877
3.52582975484353,0.000132365493679333
3.52942021284235,0.000132205719431379
3.53301067084117,0.000132046349363652
3.53660112884,0.000131887418954391
3.54019158683882,0.000131728879835371
3.54378204483764,0.000131571091919709
3.54737250283646,0.00013141306118362
3.55096296083528,0.000131255771759955
3.55455341883411,0.000131098903122632
3.55814387683293,0.000130942421670621
3.56173433483175,0.000130786355214494
3.56532479283057,0.000130630703064403
3.5689152508294,0.000130475469757878
3.57250570882822,0.000130320613302314
3.57609616682704,0.000130166173323294
3.57968662482586,0.000130012110134579
3.58327708282469,0.000129858154946748
3.58686754082351,0.00012970578949138
3.59045799882233,0.000129552781474536
3.59404845682115,0.000129400380111544
3.59763891481997,0.000129248379332513
3.6012293728188,0.000129096841314616
3.60481983081762,0.000128945753830097
3.60841028881644,0.0001287950735943
3.61200074681526,0.000128644854362939
3.61559120481409,0.000128495074758184
3.61918166281291,0.000128345864474344
3.62277212081173,0.000128197157377889
3.62636257881055,0.000128046930619202
3.62995303680938,0.000127900508925275
3.6335434948082,0.000127753503703574
3.63713395280702,0.000127607152761827
3.64072441080584,0.000127461571458216
3.64431486880467,0.000127317106325135
3.64790532680349,0.000127174140552489
3.65149578480231,0.000127033497472705
3.65508624280113,0.000126897005026556
3.65867670079995,0.000126769918352493
3.66226715879878,0.000126675052500736
3.6658576167976,0.000127115621257664
3.66944807479642,0.000126114314571758
3.67303853279524,0.000126057317687463
3.67662899079407,0.000125938695446828
3.68021944879289,0.000125807018743052
3.68380990679171,0.00012567064205008
3.68740036479053,0.000125532144361829
3.69099082278936,0.00012539263404817
3.69458128078818,0.000125252622001943
3.698171738787,0.000125112356608269
3.70176219678582,0.000124971987024558
3.70535265478464,0.000124831571496438
3.70894311278347,0.000124692699816688
3.71253357078229,0.000124552274819925
3.71612402878111,0.000124412502458454
3.71971448677993,0.000124273035077728
3.72330494477876,0.000124133832756788
3.72689540277758,0.000123994909191176
3.7304858607764,0.000123856268007406
3.73407631877522,0.000123717908425671
3.73766677677405,0.000123579831457591
3.74125723477287,0.000123442072018857
3.74484769277169,0.000123304565506447
3.74843815077051,0.000123165887447127
3.75202860876934,0.000123030664078571
3.75561906676816,0.00012289404618051
3.75920952476698,0.000122757794516754
3.7627999827658,0.000122621870219997
3.76639044076462,0.000122486230150382
3.76998089876345,0.000122350900846662
3.77357135676227,0.000122215871666007
3.77716181476109,0.000122081140194943
3.78075227275991,0.000121946739269573
3.78434273075874,0.000121812584743642
3.78793318875756,0.000121678479262603
3.79152364675638,0.000121545818807646
3.7951141047552,0.00012141232442409
3.79870456275403,0.000121279527971545
3.80229502075285,0.000121146857592757
3.80588547875167,0.000121014619072162
3.80947593675049,0.000120882668993825
3.81306639474931,0.000120751017616032
3.81665685274814,0.000120619651033709
3.82024731074696,0.000120488597248066
3.82383776874578,0.000120357831032065
3.8274282267446,0.000120227409032497
3.83101868474343,0.000120097106065711
3.83460914274225,0.000119967314545003
3.83819960074107,0.000119837835498911
3.84179005873989,0.000119708569197749
3.84538051673872,0.000119579567451774
3.84897097473754,0.000119450885327045
3.85256143273636,0.000119322492146135
3.85615189073518,0.00011919440318589
3.85974234873401,0.000119066590392064
3.86333280673283,0.000118939070740781
3.86692326473165,0.000118811848829011
3.87051372273047,0.000118684825737233
3.87410418072929,0.000118558279758373
3.87769463872812,0.000118432075983091
3.88128509672694,0.000118305857330295
3.88487555472576,0.000118180052875388
3.88846601272458,0.000118054536189883
3.89205647072341,0.00011792930030987
3.89564692872223,0.000117804343572429
3.89923738672105,0.000117679669919545
3.90282784471987,0.000117555284654219
3.9064183027187,0.000117431160840049
3.91000876071752,0.000117307277414306
3.91359921871634,0.000117183974261033
3.91718967671516,0.000117060585005239
3.92078013471399,0.000116937555954161
3.92437059271281,0.000116814761618817
3.92796105071163,0.000116692358685517
3.93155150871045,0.000116570164234266
3.93514196670927,0.000116448267545204
3.9387324247081,0.000116326630089611
3.94232288270692,0.000116205277972987
3.94591334070574,0.000116084193832235
3.94950379870456,0.00011596337566991
3.95309425670339,0.000115842905389042
3.95668471470221,0.000115722782526205
3.96027517270103,0.000115601790918698
3.96386563069985,0.000115482473443694
3.96745608869867,0.000115363155836458
3.9710465466975,0.000115243971695146
3.97463700469632,0.000115125077438651
3.97822746269514,0.000115006456229783
3.98181792069396,0.000114888141548334
3.98540837869279,0.000114770199422955
3.98899883669161,0.000114652651718198
3.99258929469043,0.000114535800450952
3.99617975268925,0.000114420807618677
3.99977021068808,0.00011438482079412
4.0033606686869,0.000114175864511332
4.00695112668572,0.000114061945769189
4.01054158468454,0.000113946548467783
4.01413204268337,0.000113830822198394
4.01772250068219,0.000113715164673353
4.02131295868101,0.000113599653261271
4.02490341667983,0.000113484334807437
4.02849387467865,0.00011336924147935
4.03208433267748,0.000113254352911166
4.0356747906763,0.000113139777324525
4.03926524867512,0.000113025333879947
4.04285570667394,0.000112911099991557
4.04644616467277,0.000112797095970448
4.05003662267159,0.000112683486304709
4.05362708067041,0.000112570036721657
4.05721753866923,0.000112456809228504
4.06080799666806,0.000112343811572064
4.06439845466688,0.000112231065534963
4.0679889126657,0.000112118547740992
4.07157937066452,0.000112006271795909
4.07516982866334,0.000111894257423486
4.07876028666217,0.000111782404477026
4.08235074466099,0.000111670805205284
4.08594120265981,0.000111559466110497
4.08953166065863,0.000111448431860086
4.09312211865746,0.000111337557541954
4.09671257665628,0.000111226880364916
4.1003030346551,0.000111116494330862
4.10389349265392,0.000111006311165569
4.10748395065275,0.000110896332801357
4.11107440865157,0.000110786623959882
4.11466486665039,0.000110677106076142
4.11825532464921,0.000110567904039928
4.12184578264803,0.000110458920362486
4.12543624064686,0.000110349934242098
4.12902669864568,0.000110241393286444
4.1326171566445,0.000110133006433059
4.13620761464332,0.000110024855077636
4.13979807264215,0.000109916920483367
4.14338853064097,0.000109809223576873
4.14697898863979,0.000109701736238141
4.15056944663861,0.000109594469369919
4.15415990463744,0.000109487404473395
4.15775036263626,0.000109380546606425
4.16134082063508,0.00010927391221059
4.1649312786339,0.000109167588017949
4.16852173663272,0.000109060944472413
4.17211219463155,0.000108955681596868
4.17570265263037,0.000108849800197447
4.17929311062919,0.000108744231539534
4.18288356862801,0.000108638883661919
4.18647402662684,0.000108533752314522
4.19006448462566,0.000108428831995675
4.19365494262448,0.000108324125602515
4.1972454006233,0.00010821960992982
4.20083585862213,0.000108115297278677
4.20442631662095,0.000108011142606828
4.20801677461977,0.000107907098125286
4.21160723261859,0.000107804420394398
4.21519769061742,0.00010770041093873
4.21878814861624,0.00010759707124375
4.22237860661506,0.00010749395654263
4.22596906461388,0.000107391048429661
4.22955952261271,0.000107288365404342
4.23314998061153,0.000107185841279365
4.23674043861035,0.000107083535063194
4.24033089660917,0.000106981412510595
4.24392135460799,0.000106879451579914
4.24751181260682,0.000106777751100788
4.25110227060564,0.000106676711512915
4.25469272860446,0.000106574603018872
4.25828318660328,0.000106473401897177
4.26187364460211,0.000106372305090428
4.26546410260093,0.000106271363872304
4.26905456059975,0.000106170554965548
4.27264501859857,0.000106069871481409
4.2762354765974,0.000105969307752916
4.27982593459622,0.000105868822262166
4.28341639259504,0.000105768243774739
4.28700685059386,0.000105667631936017
4.29059730859268,0.000105564888379042
4.29418776659151,0.000105471935391542
4.29777822459033,0.000105369244842674
4.30136868258915,0.000105268250731814
4.30495914058797,0.000105167255563516
4.3085495985868,0.000105065801935319
4.31214005658562,0.000104963482115996
4.31573051458444,0.000104859590304457
4.31932097258326,0.000104752774005749
4.32291143058209,0.00010463976297935
4.32650188858091,0.000104510443456478
4.33009234657973,0.000104309903857647
4.33368280457855,0.000106212463340636
4.33727326257737,0.000104475200786846
4.3408637205762,0.000104301732838209
4.34445417857502,0.000104178279884712
4.34804463657384,0.00010406829727501
4.35163509457266,0.00010396398503292
4.35522555257149,0.000103862664094607
4.35881601057031,0.000103763132148969
4.36240646856913,0.000103664800276142
4.36599692656795,0.000103567328790482
4.36958738456678,0.000103470539777232
4.3731778425656,0.000103374296457925
4.37676830056442,0.000103278389528015
4.38035875856324,0.00010318298958322
4.38394921656207,0.000103087867799091
4.38753967456089,0.000102993078260384
4.39113013255971,0.000102898573537894
4.39472059055853,0.000102804348590943
4.39831104855736,0.000102710360250827
4.40190150655618,0.000102616653139628
4.405491964555,0.00010252319994406
4.40908242255382,0.00010243003806941
4.41267288055264,0.000102337564483044
4.41626333855147,0.00010224110596131
4.41985379655029,0.000102150390589748
4.42344425454911,0.000102058185430718
4.42703471254793,0.000101965998654668
4.43062517054676,0.000101873972093439
4.43421562854558,0.000101782114492528
4.4378060865444,0.000101690445087979
4.44139654454322,0.000101598947989542
4.44498700254205,0.000101507605621633
4.44857746054087,0.000101416497597994
4.45216791853969,0.000101325591266379
4.45575837653851,0.00010123518790369
4.45934883453733,0.000101144121354126
4.46293929253616,0.000101053730127704
4.46652975053498,0.000100963500270603
4.4701202085338,0.000100873452024558
4.47371066653262,0.00010078356640848
4.47730112453145,0.0001006938445302
4.48089158253027,0.000100604326507173
4.48448204052909,0.000100514963202754
4.48807249852791,0.000100425737318348
4.49166295652673,0.0001003366766125
4.49525341452556,0.000100247733774258
4.49884387252438,0.000100159397805205
4.5024343305232,0.000100070819607258
4.50602478852202,9.99823755040092e-05
4.50961524652085,9.98942072471462e-05
4.51320570451967,9.98061845805089e-05
4.51679616251849,9.97183308200642e-05
4.52038662051731,9.96306549733004e-05
4.52397707851614,9.95431337577461e-05
4.52756753651496,9.94557724125186e-05
4.53115799451378,9.93685951338096e-05
4.5347484525126,9.92815565422904e-05
4.53833891051143,9.91948058461029e-05
4.54192936851025,9.91080235264124e-05
4.54551982650907,9.90214483424415e-05
4.54911028450789,9.8935103274915e-05
4.55270074250671,9.88488612298738e-05
4.55629120050554,9.87628114006166e-05
4.55988165850436,9.86769165730323e-05
4.56347211650318,9.85911725948383e-05
4.567062574502,9.85055994699945e-05
4.57065303250083,9.84201732176688e-05
4.57424349049965,9.83348816895276e-05
4.57783394849847,9.82497690721684e-05
4.58142440649729,9.81648579763701e-05
4.58501486449612,9.80802517848751e-05
4.58860532249494,9.79954961848135e-05
4.59219578049376,9.79108534505674e-05
4.59578623849258,9.78265830402074e-05
4.59937669649141,9.77424145888932e-05
4.60296715449023,9.76583945671484e-05
4.60655761248905,9.75745314394352e-05
4.61014807048787,9.74908249740254e-05
4.61373852848669,9.74072642023741e-05
4.61732898648552,9.73238979072995e-05
4.62091944448434,9.72404105204549e-05
4.62450990248316,9.71573965329523e-05
4.62810036048198,9.70745417492694e-05
4.63169081848081,9.69917720951008e-05
4.63528127647963,9.69090802889733e-05
4.63887173447845,9.68265995113731e-05
4.64246219247727,9.67442506356138e-05
4.6460526504761,9.6662073774194e-05
4.64964310847492,9.65800475811394e-05
4.65323356647374,9.64981870390631e-05
4.65682402447256,9.64165674807694e-05
4.66041448247138,9.633523835773e-05
4.66400494047021,9.62546080728436e-05
4.66759539846903,9.6167097223942e-05
4.67118585646785,9.60895416326953e-05
4.67477631446667,9.600892159471e-05
4.6783667724655,9.59281928662768e-05
4.68195723046432,9.5847517812837e-05
4.68554768846314,9.5766970995688e-05
4.68913814646196,9.56865384687321e-05
4.69272860446079,9.56062508310455e-05
4.69631906245961,9.5526091785798e-05
4.69990952045843,9.54460658066424e-05
4.70349997845725,9.53662149906128e-05
4.70709043645607,9.52864494397532e-05
4.7106808944549,9.52068872738922e-05
4.71427135245372,9.51273502065266e-05
4.71786181045254,9.50480820279406e-05
4.72145226845136,9.49688965318933e-05
4.72504272645019,9.4889870982497e-05
4.72863318444901,9.48109652731198e-05
4.73222364244783,9.47322121347082e-05
4.73581410044665,9.46535933393578e-05
4.73940455844548,9.45751189373162e-05
4.7429950164443,9.44968186208017e-05
4.74658547444312,9.44187043595907e-05
4.75017593244194,9.43402431678105e-05
4.75376639044077,9.42623727295255e-05
4.75735684843959,9.41847224393809e-05
4.76094730643841,9.41070604192813e-05
4.76453776443723,9.402955431387e-05
4.76812822243606,9.39521616556781e-05
4.77171868043488,9.38749221173983e-05
4.7753091384337,9.37978194517984e-05
4.77889959643252,9.37208358934979e-05
4.78249005443134,9.36439870802059e-05
4.78608051243017,9.35673473749537e-05
4.78967097042899,9.34906165401285e-05
4.79326142842781,9.34144915256641e-05
4.79685188642663,9.33376894828053e-05
4.80044234442546,9.32617011582458e-05
4.80403280242428,9.31857291075615e-05
4.8076232604231,9.31098320859675e-05
4.81121371842192,9.30340825696123e-05
4.81480417642075,9.29584608881385e-05
4.81839463441957,9.28829692073062e-05
4.82198509241839,9.28076173590622e-05
4.82557555041721,9.27323260405225e-05
4.82916600841603,9.26572348701448e-05
4.83275646641486,9.25823484284502e-05
4.83634692441368,9.25074835741192e-05
4.8399373824125,9.24328066087078e-05
4.84352784041132,9.23582511466908e-05
4.84711829841015,9.22838344448579e-05
4.85070875640897,9.22095187852778e-05
4.85429921440779,9.21353603684358e-05
4.85788967240661,9.20613264301996e-05
4.86148013040544,9.19874400365078e-05
4.86507058840426,9.19136651035725e-05
4.86866104640308,9.18400208961707e-05
4.8722515044019,9.17664678937271e-05
4.87584196240072,9.16926220024463e-05
4.87943242039955,9.16204875340669e-05
4.88302287839837,9.15472016575075e-05
4.88661333639719,9.14742006587836e-05
4.89020379439601,9.1401401834758e-05
4.89379425239484,9.13287420287403e-05
4.89738471039366,9.12562283211486e-05
4.90097516839248,9.11838721966905e-05
4.9045656263913,9.11116482852673e-05
4.90815608439013,9.1039619764342e-05
4.91174654238895,9.09677311944152e-05
4.91533700038777,9.08957892423703e-05
4.91892745838659,9.08252470678148e-05
4.92251791638541,9.07531982576346e-05
4.92610837438424,9.06819621196809e-05
4.92969883238306,9.06108985254335e-05
4.93328929038188,9.05400497047694e-05
4.9368797483807,9.04694340362748e-05
4.94047020637953,9.03990220962381e-05
4.94406066437835,9.03288469974476e-05
4.94765112237717,9.02589520677364e-05
4.95124158037599,9.01893141073595e-05
4.95483203837482,9.01198670094167e-05
4.95842249637364,9.00481093374607e-05
4.96201295437246,8.99840861964689e-05
4.96560341237128,8.99160330811516e-05
4.96919387037011,8.98490842376313e-05
4.97278432836893,8.9783226883281e-05
4.97637478636775,8.97189335231344e-05
4.97996524436657,8.9656908199679e-05
4.98355570236539,8.95985579846356e-05
4.98714616036422,8.95468488230707e-05
4.99073661836304,8.95094421178741e-05
4.99432707636186,8.95134346191893e-05
4.99791753436068,8.9777232437346e-05
