freqs,specs
0,8.26338193173592
0.00359045799882233,0.000557407580542566
0.00718091599764466,0.000557528249752648
0.010771373996467,0.000557729399297054
0.0143618319952893,0.000558010959930548
0.0179522899941117,0.000558372971718744
0.021542747992934,0.000558815114183615
0.0251332059917563,0.000559337627520973
0.0287236639905786,0.000559940303849429
0.032314121989401,0.000560622978449113
0.0359045799882233,0.000561385303122567
0.0394950379870456,0.000562227040623189
0.043085495985868,0.000563159015224163
0.0466759539846903,0.000564155828691826
0.0502664119835126,0.000565237146056801
0.053856869982335,0.000566398309557068
0.0574473279811573,0.000567638743947935
0.0610377859799796,0.000568958374972873
0.0646282439788019,0.00057035713113956
0.0682187019776243,0.000571835196634116
0.0718091599764466,0.000573391582460613
0.0753996179752689,0.00057502628292243
0.0789900759740913,0.000576739938990288
0.0825805339729136,0.000578530390866202
0.0861709919717359,0.000580400577140048
0.0897614499705583,0.000582347192274291
0.0933519079693806,0.000584371605450742
0.0969423659682029,0.000586473526095004
0.100532823967025,0.000588652570713394
0.104123281965848,0.000590908635014291
0.10771373996467,0.000593241532793741
0.111304197963492,0.000595651043004941
0.114894655962315,0.000598136995502075
0.118485113961137,0.0006006992320649
0.122075571959959,0.000603337636711804
0.125666029958782,0.000606053666146789
0.129256487957604,0.000608840299728837
0.132846945956426,0.000611705996863716
0.136437403955249,0.000614646834884761
0.140027861954071,0.000617662766738226
0.143618319952893,0.000620753777699901
0.147208777951716,0.000623919615290083
0.150799235950538,0.000627160240158081
0.15438969394936,0.000630475521703195
0.157980151948183,0.000633865482948138
0.161570609947005,0.00063732965368293
0.165161067945827,0.000640868259797899
0.16875152594465,0.0006444807763331
0.172341983943472,0.000648168052982055
0.175932441942294,0.000651928987758165
0.179522899941117,0.000655764176916618
0.183113357939939,0.000659673307824385
0.186703815938761,0.000663656446124414
0.190294273937583,0.000667713504614156
0.193884731936406,0.000671844587249995
0.197475189935228,0.000676049614583116
0.20106564793405,0.000680328720120968
0.204656105932873,0.000684682131734952
0.208246563931695,0.000689109135426346
0.211837021930517,0.0006936107209756
0.21542747992934,0.00069818652199995
0.219017937928162,0.000702836811288689
0.222608395926984,0.000707561637125178
0.226198853925807,0.000712361215214008
0.229789311924629,0.000717235655046423
0.233379769923451,0.000722185205119613
0.236970227922274,0.000727210035246588
0.240560685921096,0.000732310400444613
0.244151143919918,0.000737486572791256
0.247741601918741,0.000742737886446577
0.251332059917563,0.000748066662365325
0.254922517916385,0.000753472313267128
0.258512975915208,0.000758954249156257
0.26210343391403,0.0007645135492262
0.265693891912852,0.00077015056802397
0.269284349911675,0.000775865730016574
0.272874807910497,0.000781659398774647
0.276465265909319,0.000787532003327755
0.280055723908142,0.000793484025790695
0.283646181906964,0.000799516051314608
0.287236639905786,0.000805628435286093
0.290827097904609,0.000811821495075146
0.294417555903431,0.000818096169317284
0.298008013902253,0.000824453652789452
0.301598471901076,0.00083089346324701
0.305188929899898,0.000837416511666908
0.30877938789872,0.000844023685017395
0.312369845897543,0.000850715614748967
0.315960303896365,0.000857493101644296
0.319550761895187,0.00086435675589413
0.32314121989401,0.000871307450538877
0.326731677892832,0.000878345958257849
0.330322135891654,0.000885473390140994
0.333912593890477,0.000892689573156581
0.337503051889299,0.00089999636199216
0.341093509888121,0.000907395151670092
0.344683967886944,0.000914885864127597
0.348274425885766,0.000922469884984125
0.351864883884588,0.000930148157051043
0.355455341883411,0.000937921757207354
0.359045799882233,0.000945791823269297
0.362636257881055,0.000953759447959092
0.366226715879878,0.000961825625814413
0.3698171738787,0.000969991749731975
0.373407631877522,0.000978260314146766
0.376998089876345,0.000986628112367136
0.380588547875167,0.000995100846336467
0.384179005873989,0.00100367849366691
0.387769463872812,0.00101236238580685
0.391359921871634,0.00102115347661605
0.394950379870456,0.00103005351113696
0.398540837869279,0.00103906363400947
0.402131295868101,0.00104818534008654
0.405721753866923,0.00105742002217181
0.409312211865746,0.00106676930231504
0.412902669864568,0.00107623403773612
0.41649312786339,0.00108581407672986
0.420083585862213,0.00109551561367952
0.423674043861035,0.0011053357411259
0.427264501859857,0.00111527676715242
0.43085495985868,0.00112534028950063
0.434445417857502,0.00113552660527939
0.438035875856324,0.00114583673401153
0.441626333855147,0.00115627110902759
0.445216791853969,0.00116682973767844
0.448807249852791,0.00117751182693142
0.452397707851614,0.00118831518864731
0.455988165850436,0.00119923150191001
0.459578623849258,0.00121030182593173
0.463169081848081,0.00122144219076052
0.466759539846903,0.00123268910492234
0.470349997845725,0.00124401775903327
0.473940455844548,0.00125539913474164
0.47753091384337,0.00126678478597918
0.481121371842192,0.00127808701109484
0.484711829841015,0.00128913342105145
0.488302287839837,0.00129953569652421
0.491892745838659,0.00130821233628127
0.495483203837482,0.00131062923996616
0.499073661836304,0.00123177517785793
0.502664119835126,0.00140074360428534
0.506254577833949,0.00139121037580559
0.509845035832771,0.00139864214706969
0.513435493831593,0.00140960070220863
0.517025951830416,0.00142198524637803
0.520616409829238,0.00143516132338239
0.52420686782806,0.00144887346634007
0.527797325826883,0.00146300078140987
0.531387783825705,0.00147747996299014
0.534978241824527,0.00149227572970026
0.53856869982335,0.00150736806403544
0.542159157822172,0.00152272852399423
0.545749615820994,0.00153840238266413
0.549340073819817,0.00155433600530631
0.552930531818639,0.00157054619347473
0.556520989817461,0.00158703478290898
0.560111447816284,0.00160380450640073
0.563701905815106,0.00162085933740512
0.567292363813928,0.00163820376251804
0.57088282181275,0.00165584301892419
0.574473279811573,0.00167378285353215
0.578063737810395,0.00169202965152378
0.581654195809218,0.00171058958991579
0.58524465380804,0.00172947417429616
0.588835111806862,0.00174868169516617
0.592425569805685,0.00176822752033108
0.596016027804507,0.00178811769860316
0.599606485803329,0.00180836125169779
0.603196943802151,0.00182896703912255
0.606787401800974,0.0018499446377124
0.610377859799796,0.00187130377366857
0.613968317798618,0.0018930548169426
0.617558775797441,0.00191520831669613
0.621149233796263,0.00193777549177556
0.624739691795085,0.00196076691700231
0.628330149793908,0.00198420011568658
0.63192060779273,0.00200807874248935
0.635511065791552,0.00203242142662612
0.639101523790375,0.00205724058298171
0.642691981789197,0.00208255055457877
0.646282439788019,0.00210836602046455
0.649872897786842,0.00213470229805117
0.653463355785664,0.00216157551144277
0.657053813784486,0.00218900226033603
0.660644271783309,0.00221700008383187
0.664234729782131,0.00224558690042428
0.667825187780953,0.0022747823599768
0.671415645779776,0.00230460489725312
0.675006103778598,0.00233507667693218
0.67859656177742,0.00236621867969345
0.682187019776243,0.0023980536147366
0.685777477775065,0.00243060502409055
0.689367935773887,0.00246389775304172
0.69295839377271,0.00249795767858024
0.696548851771532,0.00253281195130396
0.700139309770354,0.00256848903496625
0.703729767769177,0.00260501843931613
0.707320225767999,0.00264243270617338
0.710910683766821,0.00268076274248991
0.714501141765644,0.00272004489094476
0.718091599764466,0.0027603142203423
0.721682057763288,0.00280160945468956
0.725272515762111,0.00284397063132107
0.728862973760933,0.00288743997532605
0.732453431759755,0.0029320621359705
0.736043889758578,0.00297788405480825
0.7396343477574,0.00302495534794912
0.743224805756222,0.00307332842824859
0.746815263755045,0.00312305875372929
0.750405721753867,0.00317420420511525
0.753996179752689,0.00322682762553069
0.757586637751512,0.00328099397436689
0.761177095750334,0.00333677315741289
0.764767553749156,0.00339423888376343
0.768358011747979,0.00345346957373109
0.771948469746801,0.00351454858339942
0.775538927745623,0.00357756452638441
0.779129385744446,0.00364261189058273
0.782719843743268,0.00370979129069391
0.78631030174209,0.00377921025423829
0.789900759740913,0.00385098525472168
0.793491217739735,0.0039252350706445
0.797081675738557,0.00400209372898986
0.80067213373738,0.00408170277137109
0.804262591736202,0.00416421262349584
0.807853049735024,0.00424978603659514
0.811443507733847,0.00433859804457276
0.815033965732669,0.00443083722626943
0.818624423731491,0.00452670712323125
0.822214881730314,0.00462642782303183
0.825805339729136,0.0047302372283668
0.829395797727958,0.00483839366872327
0.832986255726781,0.00495117841710776
0.836576713725603,0.00506889541674244
0.840167171724425,0.00519187552014593
0.843757629723248,0.00532048493567057
0.84734808772207,0.00545511935460694
0.850938545720892,0.00559621432030645
0.854529003719715,0.00574424817742111
0.858119461718537,0.00589974794218223
0.861709919717359,0.00606329510359159
0.865300377716182,0.00623553332215296
0.868890835715004,0.00641717709641559
0.872481293713826,0.00660902238431754
0.876071751712649,0.00681194770700013
0.879662209711471,0.00702695669234549
0.883252667710293,0.00725515856738474
0.886843125709115,0.00749780982447259
0.890433583707938,0.00775633142511507
0.89402404170676,0.00803233667267399
0.897614499705583,0.0083276650563374
0.901204957704405,0.00864442378308196
0.904795415703227,0.00898503787791187
0.90838587370205,0.00935231264064837
0.911976331700872,0.00974951076979442
0.915566789699694,0.0101804505104592
0.919157247698516,0.0106496293406357
0.922747705697339,0.0111623784246689
0.926338163696161,0.0117250721592078
0.929928621694984,0.0123453897782966
0.933519079693806,0.0130326689864218
0.937109537692628,0.0137983678944837
0.940699995691451,0.0146567504301624
0.944290453690273,0.0156257406256405
0.947880911689095,0.0167282010436916
0.951471369687917,0.017993763944058
0.95506182768674,0.0194615336304137
0.958652285685562,0.0211842299336125
0.962242743684384,0.0232345401317842
0.965833201683207,0.0257158437032705
0.969423659682029,0.0287800211159811
0.973014117680852,0.0326598401769325
0.976604575679674,0.0377310399633462
0.980195033678496,0.0446420153794177
0.983785491677318,0.0546159415378298
0.987375949676141,0.0702690139180985
0.990966407674963,0.0983828528383139
0.994556865673785,0.163676355501309
0.998147323672608,0.483873021765471
1.00173778167143,0.509007571256881
1.00532823967025,0.167104573548553
1.00891869766907,0.100075576053386
1.0125091556679,0.0714836209248209
1.01609961366672,0.0556338009905735
1.01969007166554,0.0455602873064416
1.02328052966436,0.0385920398396959
1.02687098766319,0.0334849124568905
1.03046144566201,0.0295810878222358
1.03405190366083,0.026500082923863
1.03764236165965,0.0240065300080712
1.04123281965848,0.0219469930757664
1.0448232776573,0.0202172994214585
1.04841373565612,0.0187439723726026
1.05200419365494,0.017473973107664
1.05559465165377,0.0163679138837346
1.05918510965259,0.0153959650114159
1.06277556765141,0.0145351199073912
1.06636602565023,0.0137673498633667
1.06995648364905,0.0130783267052405
1.07354694164788,0.012456519802345
1.0771373996467,0.0118925446338523
1.08072785764552,0.0113786869054963
1.08431831564434,0.0109085429655623
1.08790877364317,0.0104767625541883
1.09149923164199,0.0100788260519129
1.09508968964081,0.00971090117370675
1.09868014763963,0.00936971306985262
1.10227060563846,0.00905244606732339
1.10586106363728,0.00875666666922871
1.1094515216361,0.00848026054644719
1.11304197963492,0.00822138195200353
1.11663243763374,0.00797841249269629
1.12022289563257,0.0077499269726449
1.12381335363139,0.00753466547293131
1.12740381163021,0.00733151175462665
1.13099426962903,0.00713946692156315
1.13458472762786,0.00695764493158794
1.13817518562668,0.00678524805873547
1.1417656436255,0.00662156035434562
1.14535610162432,0.0064659367388876
1.14894655962315,0.00631779404225375
1.15253701762197,0.00617660418865009
1.15612747562079,0.00604188745510893
1.15971793361961,0.00591320769251494
1.16330839161844,0.00579016642759835
1.16689884961726,0.00567240020994941
1.17048930761608,0.00555957561488726
1.1740797656149,0.00545138703010692
1.17767022361372,0.00534755358260507
1.18126068161255,0.00524781641795998
1.18485113961137,0.00515193689577221
1.18844159761019,0.00505969466060356
1.19203205560901,0.00497088574951013
1.19562251360784,0.00488532113833497
1.19921297160666,0.00480282552187894
1.20280342960548,0.004723235628255
1.2063938876043,0.00464640159423673
1.20998434560313,0.00457217887296265
1.21357480360195,0.00450043912137817
1.21716526160077,0.00443105704135784
1.22075571959959,0.0043639184932711
1.22434617759841,0.0042989158006597
1.22793663559724,0.00423594794608158
1.23152709359606,0.0041749203757392
1.23511755159488,0.00411574426365782
1.2387080095937,0.00405833609628048
1.24229846759253,0.00400261741117294
1.24588892559135,0.00394851387347508
1.24947938359017,0.00389595672864537
1.25306984158899,0.00384487954216024
1.25666029958782,0.00379521952742954
1.26025075758664,0.00374691923162156
1.26384121558546,0.00369992273810875
1.26743167358428,0.00365417777660269
1.2710221315831,0.00360963439478888
1.27461258958193,0.00356624560495113
1.27820304758075,0.00352396673260819
1.28179350557957,0.00348275548837815
1.28538396357839,0.00344257142819258
1.28897442157722,0.00340337603980152
1.29256487957604,0.00336513420988414
1.29615533757486,0.00332781052134815
1.29974579557368,0.00329137109144422
1.30333625357251,0.0032557859406138
1.30692671157133,0.00322102436968066
1.31051716957015,0.00318705810609976
1.31410762756897,0.00315385995217411
1.3176980855678,0.00312140379253788
1.32128854356662,0.00308966479393299
1.32487900156544,0.00305861921112464
1.32846945956426,0.00302824458324165
1.33205991756308,0.00299851943605669
1.33565037556191,0.00296942139314631
1.33924083356073,0.00294093336618042
1.34283129155955,0.00291303337526824
1.34642174955837,0.00288570460557938
1.3500122075572,0.00285892943324009
1.35360266555602,0.00283269089564621
1.35719312355484,0.00280697283612661
1.36078358155366,0.00278175985967911
1.36437403955249,0.00275703703030614
1.36796449755131,0.00273278964370941
1.37155495555013,0.00270900309011918
1.37514541354895,0.00268567392409493
1.37873587154777,0.00266277218533287
1.3823263295466,0.00264029603976446
1.38591678754542,0.00261823269052394
1.38950724554424,0.00259657020534015
1.39309770354306,0.00257529781581484
1.39668816154189,0.0025544049829445
1.40027861954071,0.00253388153885566
1.40386907753953,0.00251371772299229
1.40745953553835,0.00249390416652461
1.41104999353718,0.00247443171049429
1.414640451536,0.00245528937344903
1.41823090953482,0.00243647852889757
1.42182136753364,0.00241797826454947
1.42541182553247,0.00239978695395361
1.42900228353129,0.00238189663262164
1.43259274153011,0.00236429990015079
1.43618319952893,0.00234699004595791
1.43977365752775,0.00232996047859702
1.44336411552658,0.0023132050118619
1.4469545735254,0.00229671760966072
1.45054503152422,0.00228049312252764
1.45413548952304,0.00226452649360183
1.45772594752187,0.0022488403973822
1.46131640552069,0.00223334723985284
1.46490686351951,0.00221813061019724
1.46849732151833,0.00220315855561868
1.47208777951716,0.00218843315030785
1.47567823751598,0.00217395903205506
1.4792686955148,0.00215974805303091
1.48285915351362,0.0021458260865502
1.48644961151244,0.00213225208386896
1.49004006951127,0.00211917648885489
1.49363052751009,0.00210710051104908
1.49722098550891,0.00209915827936647
1.50081144350773,0.00204433628200979
1.50440190150656,0.00205725753621996
1.50799235950538,0.00204710620836469
1.5115828175042,0.00203546259817756
1.51517327550302,0.00202350586936872
1.51876373350185,0.00201151087047668
1.52235419150067,0.00199957386728968
1.52594464949949,0.00198773607638352
1.52953510749831,0.00197601717190782
1.53312556549713,0.0019644271368883
1.53671602349596,0.00195297154253816
1.54030648149478,0.00194165712518403
1.5438969394936,0.001930447360897
1.54748739749242,0.00191940488673996
1.55107785549125,0.00190849054407863
1.55466831349007,0.00189770797604107
1.55825877148889,0.00188705632161483
1.56184922948771,0.00187653387526551
1.56543968748654,0.00186613885392461
1.56903014548536,0.0018558692128186
1.57262060348418,0.00184572300214627
1.576211061483,0.00183569807122562
1.57980151948183,0.00182579243086158
1.58339197748065,0.00181600345440983
1.58698243547947,0.00180633191608166
1.59057289347829,0.00179677211817871
1.59416335147711,0.00178732408708632
1.59775380947594,0.00177798556344219
1.60134426747476,0.00176875467250878
1.60493472547358,0.00175962957632091
1.6085251834724,0.00175060849919469
1.61211564147123,0.00174168972231389
1.61570609947005,0.00173287143476631
1.61929655746887,0.0017241519939163
1.62288701546769,0.0017155296625165
1.62647747346652,0.00170700411303626
1.63006793146534,0.00169857005639369
1.63365838946416,0.00169022966666839
1.63724884746298,0.00168198004593966
1.6408393054618,0.00167381987061392
1.64442976346063,0.00166574754024336
1.64802022145945,0.00165776173304481
1.65161067945827,0.00164986092611892
1.65520113745709,0.00164204394814429
1.65879159545592,0.00163430915449073
1.66238205345474,0.0016266556380923
1.66597251145356,0.00161908163427825
1.66956296945238,0.00161158656619402
1.67315342745121,0.00160416837575719
1.67674388545003,0.00159682624483494
1.68033434344885,0.00158955916321625
1.68392480144767,0.00158236582152562
1.6875152594465,0.00157524509467423
1.69110571744532,0.00156819583982589
1.69469617544414,0.00156121703406021
1.69828663344296,0.00155430755523314
1.70187709144178,0.0015474665206083
1.70546754944061,0.00154069193396379
1.70905800743943,0.0015339848383644
1.71264846543825,0.00152734281143592
1.71623892343707,0.00152076497934679
1.7198293814359,0.00151425050272809
1.72341983943472,0.0015077985884985
1.72701029743354,0.00150140832788984
1.73060075543236,0.00149507883792429
1.73419121343119,0.00148880918767372
1.73778167143001,0.00148259854754541
1.74137212942883,0.00147644614452617
1.74496258742765,0.00147035153014123
1.74855304542647,0.00146431151571609
1.7521435034253,0.00145832888540029
1.75573396142412,0.00145240231584766
1.75932441942294,0.00144652897702518
1.76291487742176,0.00144070924531079
1.76650533542059,0.0014349424045358
1.77009579341941,0.00142922773764668
1.77368625141823,0.00142356452235198
1.77727670941705,0.00141795217076548
1.78086716741588,0.00141238989720998
1.7844576254147,0.00140687691730989
1.78804808341352,0.00140141227776923
1.79163854141234,0.0013959983206436
1.79522899941117,0.00139062943227653
1.79881945740999,0.00138530920791997
1.80240991540881,0.00138003506039196
1.80600037340763,0.00137480661009064
1.80959083140645,0.00136962364033785
1.81318128940528,0.00136448554781663
1.8167717474041,0.00135939191504754
1.82036220540292,0.00135434204073925
1.82395266340174,0.00134933570822888
1.82754312140057,0.00134437205097629
1.83113357939939,0.00133945130759733
1.83472403739821,0.00133457193737504
1.83831449539703,0.00132973461220192
1.84190495339586,0.00132493831968526
1.84549541139468,0.00132018281781531
1.8490858693935,0.00131546784344492
1.85267632739232,0.00131079289665995
1.85626678539114,0.00130615773098043
1.85985724338997,0.00130156206215523
1.86344770138879,0.00129700560848589
1.86703815938761,0.00129248811440434
1.87062861738643,0.00128800982547969
1.87421907538526,0.00128356444890329
1.87780953338408,0.00127916561626697
1.8813999913829,0.00127480209107158
1.88499044938172,0.00127047650006874
1.88858090738055,0.00126618919003806
1.89217136537937,0.00126193997227907
1.89576182337819,0.00125772901692034
1.89935228137701,0.00125355661469969
1.90294273937583,0.00124942303705308
1.90653319737466,0.00124532873954024
1.91012365537348,0.00124127415823023
1.9137141133723,0.00123726347716865
1.91730457137112,0.00123327775891475
1.92089502936995,0.00122935099829808
1.92448548736877,0.00122546411179322
1.92807594536759,0.00122162221684689
1.93166640336641,0.00121782753183536
1.93525686136524,0.00121408292956376
1.93884731936406,0.00121039167997802
1.94243777736288,0.0012067583040634
1.9460282353617,0.0012031883104834
1.94961869336053,0.0011996890383531
1.95320915135935,0.00119626899546995
1.95679960935817,0.00119292887844395
1.96039006735699,0.00118974440048655
1.96398052535581,0.00118666419992881
1.96757098335464,0.00118376108050297
1.97116144135346,0.00118108777907076
1.97475189935228,0.00117873155665714
1.9783423573511,0.00117683894174441
1.98193281534993,0.00117567544432814
1.98552327334875,0.00117577628702678
1.98911373134757,0.00117840283666086
1.99270418934639,0.00118740268708322
1.99629464734522,0.00122266571299928
1.99988510534404,0.00637884181741388
2.00347556334286,0.0010737307282154
2.00706602134168,0.001102008465392
2.01065647934051,0.00110983084011946
2.01424693733933,0.00111216997195921
2.01783739533815,0.00111227358777352
2.02142785333697,0.00111125581003749
2.02501831133579,0.00110960124026429
2.02860876933462,0.00110755456464849
2.03219922733344,0.00110525234452613
2.03578968533226,0.00110277706305313
2.03938014333108,0.00110018191195231
2.04297060132991,0.00109749420815442
2.04656105932873,0.00109475505031559
2.05015151732755,0.00109196826034213
2.05374197532637,0.00108915004093513
2.05733243332519,0.00108630979800509
2.06092289132402,0.00108345480500945
2.06451334932284,0.0010805906375454
2.06810380732166,0.00107772164303264
2.07169426532048,0.00107485128548946
2.07528472331931,0.00107198242044084
2.07887518131813,0.00106911645589848
2.08246563931695,0.00106625657171548
2.08605609731577,0.00106340527148836
2.0896465553146,0.00106056008557286
2.09323701331342,0.00105772439853906
2.09682747131224,0.00105489881169914
2.10041792931106,0.00105208396795774
2.10400838730989,0.00104928042836087
2.10759884530871,0.00104648861015238
2.11118930330753,0.00104370894580056
2.11477976130635,0.0010409417045504
2.11837021930517,0.00103818731292505
2.121960677304,0.00103544563595541
2.12555113530282,0.00103271610310996
2.12914159330164,0.0010300033928853
2.13273205130046,0.00102730145882409
2.13632250929929,0.00102461340612126
2.13991296729811,0.0010219388828412
2.14350342529693,0.00101927804585055
2.14709388329575,0.001016630846433
2.15068434129458,0.00101399735583301
2.1542747992934,0.00101137752822366
2.15786525729222,0.00100877115985441
2.16145571529104,0.00100617872271214
2.16504617328986,0.0010035997028998
2.16863663128869,0.00100103414318817
2.17222708928751,0.000998482527906158
2.17581754728633,0.000995944111053784
2.17940800528515,0.000993419207981129
2.18299846328398,0.000990907670431006
2.1865889212828,0.000988409402665741
2.19017937928162,0.00098592441412214
2.19376983728044,0.000983452614749281
2.19736029527927,0.000980993894892938
2.20095075327809,0.000978548214814722
2.20454121127691,0.000976115405175924
2.20813166927573,0.000973695917919215
2.21172212727456,0.000971287236377148
2.21531258527338,0.000968893816605824
2.2189030432722,0.000966512422341185
2.22249350127102,0.00096414328839746
2.22608395926984,0.000961786674110117
2.22967441726867,0.000959442489726674
2.23326487526749,0.000957110588025377
2.23685533326631,0.000954790885544915
2.24044579126513,0.000952483451795501
2.24403624926396,0.000950188146170153
2.24762670726278,0.000947903321747651
2.2512171652616,0.000945633071973611
2.25480762326042,0.000943372332452559
2.25839808125925,0.000941124690920318
2.26198853925807,0.000938888455946078
2.26557899725689,0.000936663843503016
2.26916945525571,0.000934450499364082
2.27275991325454,0.000932248641933061
2.27635037125336,0.000930058109032565
2.27994082925218,0.000927878883876347
2.283531287251,0.000925710700521491
2.28712174524982,0.000923553703893143
2.29071220324865,0.000921407957214403
2.29430266124747,0.000919272437975917
2.29789311924629,0.000917148999736328
2.30148357724511,0.000915035489141454
2.30507403524394,0.000912932915036689
2.30866449324276,0.000910840965842567
2.31225495124158,0.000908759614592266
2.3158454092404,0.000906688670804018
2.31943586723923,0.000904628248552173
2.32302632523805,0.000902578159258125
2.32661678323687,0.000900538514869839
2.33020724123569,0.000898508873151296
2.33379769923451,0.000896489675132461
2.33738815723334,0.000894480311927333
2.34097861523216,0.000892481219972738
2.34456907323098,0.000890492063483318
2.3481595312298,0.000888512788259493
2.35174998922863,0.000886543402540822
2.35534044722745,0.000884583910968712
2.35893090522627,0.000882634070324088
2.36252136322509,0.00088069391164871
2.36611182122392,0.000878763543572829
2.36970227922274,0.000876842706002244
2.37329273722156,0.000874927576873832
2.37688319522038,0.000873030291419773
2.38047365321921,0.000871138313241722
2.38406411121803,0.000869255604356752
2.38765456921685,0.000867382527347072
2.39124502721567,0.000865518931381292
2.39483548521449,0.000863664739406982
2.39842594321332,0.000861820034881969
2.40201640121214,0.00085998481664071
2.40560685921096,0.000858159012604781
2.40919731720978,0.000856342495660446
2.41278777520861,0.000854535314384955
2.41637823320743,0.000852746308200917
2.41996869120625,0.000850954244156929
2.42355914920507,0.000849176774131502
2.4271496072039,0.000847409764606532
2.43074006520272,0.000845652957845993
2.43433052320154,0.000843906998493962
2.43792098120036,0.00084217205324837
2.44151143919918,0.000840448636059592
2.44510189719801,0.000838737321914853
2.44869235519683,0.0008370390998596
2.45228281319565,0.000835354947553186
2.45587327119447,0.000833687740065573
2.4594637291933,0.00083203038657328
2.46305418719212,0.000830401147267746
2.46664464519094,0.000828794099775353
2.47023510318976,0.000827217124499649
2.47382556118859,0.000825679181560283
2.47741601918741,0.000824195613456907
2.48100647718623,0.000822792977006135
2.48459693518505,0.000821522744958404
2.48818739318387,0.000820499209715911
2.4917778511827,0.000820037129304022
2.49536830918152,0.000821435445175267
2.49895876718034,0.000844526541852263
2.50254922517916,0.00079891739327126
2.50613968317799,0.000804465867540226
2.50973014117681,0.000804750375877888
2.51332059917563,0.000804021836287149
2.51691105717445,0.000802928624102258
2.52050151517328,0.000801665506548571
2.5240919731721,0.000800311512020771
2.52768243117092,0.000798904426090201
2.53127288916974,0.000797465004482668
2.53486334716857,0.00079600505685155
2.53845380516739,0.00079453219085538
2.54204426316621,0.000793052733094425
2.54563472116503,0.000791566142965985
2.54922517916385,0.000790078782350326
2.55281563716268,0.000788590941651838
2.5564060951615,0.000787103948017426
2.55999655316032,0.000785618803142227
2.56358701115914,0.000784136127122994
2.56717746915797,0.000782656595994973
2.57076792715679,0.000781180617824811
2.57435838515561,0.000779708549215559
2.57794884315443,0.000778240784648681
2.58153930115326,0.000776776960607969
2.58512975915208,0.000775319368724119
2.5887202171509,0.00077386440146282
2.59231067514972,0.000772415033759964
2.59590113314854,0.00077097064728591
2.59949159114737,0.000769531243253429
2.60308204914619,0.000768096953010905
2.60667250714501,0.000766667771795248
2.61026296514383,0.000765243758375136
2.61385342314266,0.000763824947777504
2.61744388114148,0.000762411323849415
2.6210343391403,0.000761003226883038
2.62462479713912,0.000759600970611838
2.62821525513795,0.000758199332683212
2.63180571313677,0.000756807777471272
2.63539617113559,0.000755420240218229
2.63898662913441,0.000754037916010254
2.64257708713324,0.000752660657675711
2.64616754513206,0.000751288553326691
2.64975800313088,0.000749921592866434
2.6533484611297,0.00074855976538707
2.65693891912852,0.000747203146342582
2.66052937712735,0.000745851469570857
2.66411983512617,0.000744504904734104
2.66771029312499,0.000743163910956318
2.67130075112381,0.000741826540418644
2.67489120912264,0.000740495053454517
2.67848166712146,0.000739168673796137
2.68207212512028,0.000737847115537172
2.6856625831191,0.000736530488925962
2.68925304111792,0.000735218724022102
2.69284349911675,0.000733911901532785
2.69643395711557,0.000732609813395921
2.70002441511439,0.000731312660560321
2.70361487311321,0.000730020510635173
2.70720533111204,0.000728732225091702
2.71079578911086,0.000727448217155701
2.71438624710968,0.000726171152735015
2.7179767051085,0.000724897688567543
2.72156716310733,0.000723628700094144
2.72515762110615,0.000722364332957566
2.72874807910497,0.000721104649889273
2.73233853710379,0.000719849379432796
2.73592899510262,0.000718598689852654
2.73951945310144,0.000717352506043035
2.74310991110026,0.0007161107097996
2.74670036909908,0.000714873160348176
2.7502908270979,0.000713640361674835
2.75388128509673,0.000712412769610153
2.75747174309555,0.000711187956965948
2.76106220109437,0.00070996795657766
2.76465265909319,0.000708752277198154
2.76824311709202,0.000707540813202722
2.77183357509084,0.000706333559908336
2.77542403308966,0.00070513049336259
2.77901449108848,0.000703931489505024
2.78260494908731,0.000702736687325071
2.78619540708613,0.000701545757629672
2.78978586508495,0.000700359175518553
2.79337632308377,0.00069917618819376
2.7969667810826,0.00069799731211752
2.80055723908142,0.000696822408799839
2.80414769708024,0.000695651078999688
2.80773815507906,0.000694483755381855
2.81132861307788,0.000693320172439448
2.81491907107671,0.000692160356094468
2.81850952907553,0.000691004221370451
2.82209998707435,0.000689851581864433
2.82569044507317,0.000688702526207535
2.829280903072,0.000687557036810675
2.83287136107082,0.000686415241163728
2.83646181906964,0.000685276288688867
2.84005227706846,0.000684141468260374
2.84364273506729,0.000683009446847108
2.84723319306611,0.000681880645743266
2.85082365106493,0.000680754959598088
2.85441410906375,0.000679632399919035
2.85800456706257,0.000678512722489266
2.8615950250614,0.000677396042517728
2.86518548306022,0.000676281967389019
2.86877594105904,0.000675170258487759
2.87236639905786,0.000674059661347641
2.87595685705669,0.0006729569973226
2.87954731505551,0.00067185242653555
2.88313777305433,0.000670750337246563
2.88672823105315,0.000669650268428587
2.89031868905198,0.000668552139911571
2.8939091470508,0.000667455467508803
2.89749960504962,0.000666360158870932
2.90109006304844,0.000665265884972701
2.90468052104727,0.000664172422759671
2.90827097904609,0.000663079252433432
2.91186143704491,0.000661985911041374
2.91545189504373,0.000660892114550325
2.91904235304255,0.000659797293066717
2.92263281104138,0.000658700798375284
2.9262232690402,0.000657601542878145
2.92981372703902,0.000656498946861385
2.93340418503784,0.000655391637136131
2.93699464303667,0.000654278300648442
2.94058510103549,0.000653157196366373
2.94417555903431,0.000652026198283465
2.94776601703313,0.000650882432126289
2.95135647503196,0.000649722755551856
2.95494693303078,0.000648542699252051
2.9585373910296,0.000647321702485356
2.96212784902842,0.000646084733111178
2.96571830702724,0.000644791937383982
2.96930876502607,0.000643431689977409
2.97289922302489,0.000641976562080019
2.97648968102371,0.000640381652527096
2.98008013902253,0.000638569665141033
2.98367059702136,0.000636395411151628
2.98726105502018,0.000633550110503857
2.990851513019,0.000629240804012346
2.99444197101782,0.00062063018220744
2.99803242901665,0.000584365169666002
3.00162288701547,0.000705157479532674
3.00521334501429,0.000658084115862615
3.00880380301311,0.000648624990600377
3.01239426101194,0.000644097296060082
3.01598471901076,0.000641179497988242
3.01957517700958,0.00063898723340018
3.0231656350084,0.000637184475833004
3.02675609300722,0.000635615537941133
3.03034655100605,0.000634198578489966
3.03393700900487,0.000632886340511703
3.03752746700369,0.000631649959383184
3.04111792500251,0.000630472920097894
3.04470838300134,0.000629329647389914
3.04829884100016,0.000628228233359688
3.05188929899898,0.000627153907528142
3.0554797569978,0.000626102471558244
3.05907021499663,0.00062507040639153
3.06266067299545,0.000624054814545052
3.06625113099427,0.000623053534402156
3.06984158899309,0.0006220646664108
3.07343204699191,0.000621086888345206
3.07702250499074,0.000620118765340881
3.08061296298956,0.000619160394266544
3.08420342098838,0.000618203123645388
3.0877938789872,0.000617266742360399
3.09138433698603,0.000616330195019655
3.09497479498485,0.000615400365642453
3.09856525298367,0.000614476532791637
3.10215571098249,0.00061355831548576
3.10574616898132,0.000612645515718489
3.10933662698014,0.000611737751545545
3.11292708497896,0.000610834866941082
3.11651754297778,0.00060993643120592
3.1201080009766,0.00060904274335491
3.12369845897543,0.000608152316775424
3.12728891697425,0.000607271487843412
3.13087937497307,0.000606387175372154
3.13446983297189,0.000605509394734367
3.13806029097072,0.00060463543845344
3.14165074896954,0.000603765326648076
3.14524120696836,0.000602898759659458
3.14883166496718,0.000602035664681556
3.15242212296601,0.000601176020628484
3.15601258096483,0.000600319771095567
3.15960303896365,0.000599466683911177
3.16319349696247,0.000598616169041253
3.1667839549613,0.000597769670668724
3.17037441296012,0.000596927102901519
3.17396487095894,0.000596086161598073
3.17755532895776,0.000595248859733473
3.18114578695658,0.000594414317561101
3.18473624495541,0.00059358272595579
3.18832670295423,0.000592754062516385
3.19191716095305,0.000591928257700249
3.19550761895187,0.000591105231754398
3.1990980769507,0.000590284947945176
3.20268853494952,0.000589467568118397
3.20627899294834,0.000588652672709022
3.20986945094716,0.000587839958433322
3.21345990894599,0.000587031949820414
3.21705036694481,0.000586225159410329
3.22064082494363,0.000585420984327542
3.22423128294245,0.000584619567429622
3.22782174094128,0.000583820670035322
3.2314121989401,0.000583024363455818
3.23500265693892,0.000582230627247819
3.23859311493774,0.000581439357534848
3.24218357293656,0.000580650654871739
3.24577403093539,0.000579864343972389
3.24936448893421,0.000579080620004071
3.25295494693303,0.00057829871750904
3.25654540493185,0.000577520373608373
3.26013586293068,0.000576743812277288
3.2637263209295,0.000575969725942143
3.26731677892832,0.000575198052114577
3.27090723692714,0.000574428702547038
3.27449769492596,0.000573661698735496
3.27808815292479,0.000572897072287006
3.28167861092361,0.000572134770901592
3.28526906892243,0.000571374666565816
3.28885952692125,0.000570616379648898
3.29244998492008,0.000569861662392235
3.2960404429189,0.000569108290398575
3.29963090091772,0.000568357424930292
3.30322135891654,0.00056760907548295
3.30681181691537,0.000566862631386211
3.31040227491419,0.000566118474089099
3.31399273291301,0.000565376570502544
3.31758319091183,0.000564636886355592
3.32117364891066,0.000563899307826717
3.32476410690948,0.000563164040347174
3.3283545649083,0.000562430944761375
3.33194502290712,0.000561699593997694
3.33553548090594,0.000560970877103694
3.33912593890477,0.000560244979112178
3.34271639690359,0.000559520277708404
3.34630685490241,0.000558798070109754
3.34989731290123,0.000558077998470555
3.35348777090006,0.000557359998076
3.35707822889888,0.000556644125149279
3.3606686868977,0.000555930434539512
3.36425914489652,0.00055521896001393
3.36784960289535,0.000554509522102014
3.37144006089417,0.000553802389724005
3.37503051889299,0.000553097030669111
3.37862097689181,0.00055239410572098
3.38221143489063,0.000551693452423382
3.38580189288946,0.000550994830902833
3.38939235088828,0.000550298343617079
3.3929828088871,0.000549604112388608
3.39657326688592,0.000548912027634658
3.40016372488475,0.000548222146333303
3.40375418288357,0.000547534407348297
3.40734464088239,0.000546848992090762
3.41093509888121,0.000546165896596581
3.41452555688004,0.000545482266214107
3.41811601487886,0.00054480955289422
3.42170647287768,0.000544132766903659
3.4252969308765,0.00054345949374136
3.42888738887533,0.0005427890434057
3.43247784687415,0.000542121257142121
3.43606830487297,0.000541456484811458
3.43965876287179,0.000540794881128542
3.44324922087061,0.000540136647054115
3.44683967886944,0.000539482053554966
3.45043013686826,0.000538831633449407
3.45402059486708,0.000538186219605908
3.4576110528659,0.000537563309265978
3.46120151086473,0.000536909367433248
3.46479196886355,0.000536283248755875
3.46838242686237,0.000535666131195391
3.47197288486119,0.000535061763304826
3.47556334286002,0.000534474694880142
3.47915380085884,0.000533913240473308
3.48274425885766,0.000533392216169507
3.48633471685648,0.000532942348771942
3.48992517485531,0.000532638252535399
3.49351563285413,0.000532721480493787
3.49710609085295,0.00053465861486093
3.50069654885177,0.000512125718149537
3.50428700685059,0.000525740184168577
3.50787746484942,0.000526461755933844
3.51146792284824,0.000526336242082414
3.51505838084706,0.000525968526528434
3.51864883884588,0.000525498948516878
3.52223929684471,0.000524977489048216
3.52582975484353,0.000524426400930518
3.52942021284235,0.000523856997691701
3.53301067084117,0.000523275543377119
3.53660112884,0.000522685515529992
3.54019158683882,0.000522085486800156
3.54378204483764,0.00052150827281212
3.54737250283646,0.00052090077263852
3.55096296083528,0.000520297734673698
3.55455341883411,0.00051969463176758
3.55814387683293,0.000519091197730618
3.56173433483175,0.000518487787342456
3.56532479283057,0.00051788451932618
3.5689152508294,0.000517281753871588
3.57250570882822,0.000516679449862965
3.57609616682704,0.000516077857874197
3.57968662482586,0.00051547623237884
3.58327708282469,0.000514873664904659
3.58686754082351,0.000514279916191469
3.59045799882233,0.000513681179521921
3.59404845682115,0.00051308407641411
3.59763891481997,0.000512488247334626
3.6012293728188,0.000511893577291916
3.60481983081762,0.000511300153017764
3.60841028881644,0.000510707891974289
3.61200074681526,0.000510116879788485
3.61559120481409,0.000509527311975369
3.61918166281291,0.000508938968751915
3.62277212081173,0.000508351203581502
3.62636257881055,0.000507761155756604
3.62995303680938,0.000507181028968455
3.6335434948082,0.000506597686930971
3.63713395280702,0.000506015597157144
3.64072441080584,0.000505434996200137
3.64431486880467,0.000504855603522815
3.64790532680349,0.000504277531084058
3.65149578480231,0.000503700790964994
3.65508624280113,0.000503125425163502
3.65867670079995,0.000502551290734271
3.66226715879878,0.000501978755936704
3.6658576167976,0.00050140719120375
3.66944807479642,0.000500836458767162
3.67303853279524,0.00050026796759098
3.67662899079407,0.000499700887587628
3.68021944879289,0.000499134674804604
3.68380990679171,0.000498569872669073
3.68740036479053,0.000498006378991547
3.69099082278936,0.000497444220854631
3.69458128078818,0.000496883348431643
3.698171738787,0.000496323796296676
3.70176219678582,0.00049576556819957
3.70535265478464,0.000495209088461584
3.70894311278347,0.000494653315813635
3.71253357078229,0.000494098533716375
3.71612402878111,0.000493545571074397
3.71971448677993,0.000492994012506503
3.72330494477876,0.000492443597549905
3.72689540277758,0.000491894430488149
3.7304858607764,0.000491346629911777
3.73407631877522,0.000490800064153338
3.73766677677405,0.000490254763531835
3.74125723477287,0.000489710728303891
3.74484769277169,0.000489168261171598
3.74843815077051,0.00048862595416804
3.75202860876934,0.000488086281109909
3.75561906676816,0.000487546987008808
3.75920952476698,0.000487009395109787
3.7627999827658,0.000486472895774252
3.76639044076462,0.0004859377517805
3.76998089876345,0.000485403755634662
3.77357135676227,0.000484871010136046
3.77716181476109,0.000484339491886003
3.78075227275991,0.000483809225217884
3.78434273075874,0.000483279819026339
3.78793318875756,0.000482750948188458
3.79152364675638,0.000482226645967844
3.7951141047552,0.000481700507589379
3.79870456275403,0.000481176593003086
3.80229502075285,0.000480653650621101
3.80588547875167,0.000480131873375351
3.80947593675049,0.00047961129989309
3.81306639474931,0.000479091978400241
3.81665685274814,0.000478573819819169
3.82024731074696,0.000478056834525268
3.82383776874578,0.000477541082484703
3.8274282267446,0.000477026464415375
3.83101868474343,0.000476512211298703
3.83460914274225,0.000476000943172037
3.83819960074107,0.000475490188658014
3.84179005873989,0.000474980171517817
3.84538051673872,0.000474471346689316
3.84897097473754,0.000473963823527572
3.85256143273636,0.000473457491517843
3.85615189073518,0.00047295228525523
3.85974234873401,0.000472448254023921
3.86333280673283,0.000471945398072718
3.86692326473165,0.0004714437270615
3.87051372273047,0.000470943318190898
3.87410418072929,0.000470441870968748
3.87769463872812,0.000469944837435791
3.88128509672694,0.000469448131363866
3.88487555472576,0.000468952081445941
3.88846601272458,0.000468457221752901
3.89205647072341,0.000467963500298655
3.89564692872223,0.000467470975964812
3.89923738672105,0.000466979610824157
3.90282784471987,0.00046648943694038
3.9064183027187,0.000466000431565767
3.91000876071752,0.000465512772945392
3.91359921871634,0.000465027985665745
3.91718967671516,0.000464535165962405
3.92078013471399,0.000464053481119248
3.92437059271281,0.000463570362216252
3.92796105071163,0.000463088440288911
3.93155150871045,0.000462607466372381
3.93514196670927,0.000462127736365694
3.9387324247081,0.000461649133504659
3.94232288270692,0.000461171841287069
3.94591334070574,0.000460695770433611
3.94950379870456,0.000460220959655696
3.95309425670339,0.000459746729663091
3.95668471470221,0.000459270177158884
3.96027517270103,0.000458809489949442
3.96386563069985,0.00045833941464807
3.96745608869867,0.000457872905839807
3.9710465466975,0.000457408876689745
3.97463700469632,0.000456948022651887
3.97822746269514,0.000456491177545111
3.98181792069396,0.000456040162120308
3.98540837869279,0.000455598468199138
3.98899883669161,0.000455174279469067
3.99258929469043,0.000454791760257255
3.99617975268925,0.00045456662803622
3.99977021068808,0.00046406426689536
4.0033606686869,0.000452612940417843
4.00695112668572,0.000452428954670531
4.01054158468454,0.000452058392367929
4.01413204268337,0.000451643649075861
4.01772250068219,0.000451212164052735
4.02131295868101,0.000450772845219301
4.02490341667983,0.000450329547072378
4.02849387467865,0.000449884149560015
4.03208433267748,0.000449437854120885
4.0356747906763,0.000448991406229719
4.03926524867512,0.000448546928576236
4.04285570667394,0.000448076004882661
4.04644616467277,0.000447645134867736
4.05003662267159,0.00044719999294013
4.05362708067041,0.000446754957813712
4.05721753866923,0.000446310330737424
4.06080799666806,0.000445866214309263
4.06439845466688,0.000445422824507349
4.0679889126657,0.000444980191965066
4.07157937066452,0.00044453844521719
4.07516982866334,0.000444097725912612
4.07876028666217,0.000443658617572684
4.08235074466099,0.000443224796035653
4.08594120265981,0.000442766265432437
4.08953166065863,0.000442335626285201
4.09312211865746,0.000441899854169379
4.09671257665628,0.000441464144219049
4.1003030346551,0.000441029054264349
4.10389349265392,0.00044059482071551
4.10748395065275,0.000440161271193158
4.11107440865157,0.000439728529455364
4.11466486665039,0.000439296601960156
4.11825532464921,0.000438865788758468
4.12184578264803,0.0004384354334968
4.12543624064686,0.000438007688535336
4.12902669864568,0.000437576610272329
4.1326171566445,0.00043714932460467
4.13620761464332,0.00043672275057467
4.13979807264215,0.000436296935833814
4.14338853064097,0.000435871873819512
4.14697898863979,0.000435447672548118
4.15056944663861,0.000435024344526391
4.15415990463744,0.000434601857586645
4.15775036263626,0.00043418000400361
4.16134082063508,0.000433759168208139
4.1649312786339,0.000433339450299707
4.16852173663272,0.000432920904240053
4.17211219463155,0.000432501980843867
4.17570265263037,0.000432084317009408
4.17929311062919,0.0004316678222027
4.18288356862801,0.000431252037720435
4.18647402662684,0.000430837091024952
4.19006448462566,0.000430422960506838
4.19365494262448,0.000430009731466166
4.1972454006233,0.000429597273275623
4.20083585862213,0.000429185503484644
4.20442631662095,0.000428774437753421
4.20801677461977,0.000428364856479006
4.21160723261859,0.000427954782137241
4.21519769061742,0.000427546913077334
4.21878814861624,0.00042713938864013
4.22237860661506,0.000426732577949981
4.22596906461388,0.00042632665645896
4.22955952261271,0.000425921487840493
4.23314998061153,0.000425517127214368
4.23674043861035,0.00042511352356596
4.24033089660917,0.000424710886597497
4.24392135460799,0.000424308831409143
4.24751181260682,0.000423906338731617
4.25110227060564,0.000423506737579061
4.25469272860446,0.00042310735463951
4.25828318660328,0.000422708432624433
4.26187364460211,0.000422310320130313
4.26546410260093,0.000421913009276298
4.26905456059975,0.000421516448538413
4.27264501859857,0.000421120659131879
4.2762354765974,0.000420725651366087
4.27982593459622,0.000420331466229304
4.28341639259504,0.000419938000188096
4.28700685059386,0.000419546149073343
4.29059730859268,0.000419150850347393
4.29418776659151,0.000418760406425792
4.29777822459033,0.000418370897159052
4.30136868258915,0.000417981021278852
4.30495914058797,0.00041759200987463
4.3085495985868,0.000417203707054398
4.31214005658562,0.000416816115506919
4.31573051458444,0.00041642925002043
4.31932097258326,0.000416043110330302
4.32291143058209,0.00041565773233311
4.32650188858091,0.00041527323097685
4.33009234657973,0.000414890649719951
4.33368280457855,0.000414504385227676
4.33727326257737,0.000414121686758092
4.3408637205762,0.000413740474325597
4.34445417857502,0.000413359266228967
4.34804463657384,0.000412978690330048
4.35163509457266,0.000412598755918997
4.35522555257149,0.000412219523830011
4.35881601057031,0.000411840889483351
4.36240646856913,0.000411462878773382
4.36599692656795,0.000411085505399646
4.36958738456678,0.000410708815729359
4.3731778425656,0.000410329295738046
4.37676830056442,0.000409957927260324
4.38035875856324,0.000409581969911005
4.38394921656207,0.0004092082194322
4.38753967456089,0.00040883457480912
4.39113013255971,0.000408461452387809
4.39472059055853,0.000408088793742443
4.39831104855736,0.000407716674799401
4.40190150655618,0.000407345060106775
4.405491964555,0.000406973825604404
4.40908242255382,0.000406602984676355
4.41267288055264,0.000406232199793165
4.41626333855147,0.000405867360990979
4.41985379655029,0.000405494269252303
4.42344425454911,0.00040512466102767
4.42703471254793,0.000404755338019049
4.43062517054676,0.00040438637543397
4.43421562854558,0.000404017361931023
4.4378060865444,0.000403648259967137
4.44139654454322,0.00040327890274624
4.44498700254205,0.00040290919809716
4.44857746054087,0.000402538824247576
4.45216791853969,0.000402167454803303
4.45575837653851,0.000401795238588831
4.45934883453733,0.000401419264147049
4.46293929253616,0.000401042682906057
4.46652975053498,0.000400661667886832
4.4701202085338,0.000400275476892236
4.47371066653262,0.000399881556293386
4.47730112453145,0.000399475835161358
4.48089158253027,0.00039905137730988
4.48448204052909,0.000398594605641653
4.48807249852791,0.000398075592310635
4.49166295652673,0.000397412588743408
4.49525341452556,0.000396273026036381
4.49884387252438,0.000389969838362717
4.5024343305232,0.00040080867721921
4.50602478852202,0.000398443046816177
4.50961524652085,0.000397575014127565
4.51320570451967,0.000396988878123934
4.51679616251849,0.000396505033801161
4.52038662051731,0.000396069875698631
4.52397707851614,0.00039566187521323
4.52756753651496,0.000395270643807289
4.53115799451378,0.000394890733818671
4.5347484525126,0.000394518580644376
4.53833891051143,0.000394152094332212
4.54192936851025,0.000393773910402859
4.54551982650907,0.000393434529557412
4.54911028450789,0.000393078853489749
4.55270074250671,0.000392726436549232
4.55629120050554,0.000392376023295837
4.55988165850436,0.000392027566561627
4.56347211650318,0.000391680758936388
4.567062574502,0.000391335546230915
4.57065303250083,0.000390991636414281
4.57424349049965,0.000390649101991682
4.57783394849847,0.000390308040559697
4.58142440649729,0.000389969489015267
4.58501486449612,0.000389612135204711
4.58860532249494,0.000389285311247419
4.59219578049376,0.000388948898879121
4.59578623849258,0.000388612526558497
4.59937669649141,0.000388276786190509
4.60296715449023,0.000387941847871163
4.60655761248905,0.000387607639834932
4.61014807048787,0.000387274221254206
4.61373852848669,0.000386941537031978
4.61732898648552,0.000386609507770351
4.62091944448434,0.000386278235014313
4.62450990248316,0.000385947156484597
4.62810036048198,0.000385619184956123
4.63169081848081,0.000385289389723647
4.63528127647963,0.000384960862981435
4.63887173447845,0.00038463308854949
4.64246219247727,0.000384305966863
4.6460526504761,0.000383979528532595
4.64964310847492,0.000383653747902774
4.65323356647374,0.000383328674180032
4.65682402447256,0.00038300443729738
4.66041448247138,0.000382680722724748
4.66400494047021,0.00038235650321623
4.66759539846903,0.000382034709099058
4.67118585646785,0.000381712176125159
4.67477631446667,0.000381390898768458
4.6783667724655,0.000381070266927634
4.68195723046432,0.000380750213024163
4.68554768846314,0.000380430692948137
4.68913814646196,0.000380111801042789
4.69272860446079,0.000379793548670893
4.69631906245961,0.000379475808615106
4.69990952045843,0.000379158800397917
4.70349997845725,0.000378842660438793
4.70709043645607,0.000378525860441273
4.7106808944549,0.000378209414330386
4.71427135245372,0.000377896023962702
4.71786181045254,0.000377581958951471
4.72145226845136,0.000377268298616978
4.72504272645019,0.000376955260096772
4.72863318444901,0.000376642870383397
4.73222364244783,0.000376330931223721
4.73581410044665,0.000376019656051876
4.73940455844548,0.000375708900830525
4.7429950164443,0.000375398741537129
4.74658547444312,0.000375088676182216
4.75017593244194,0.000374780232698119
4.75376639044077,0.000374471585923654
4.75735684843959,0.000374163755826983
4.76094730643841,0.000373856494039294
4.76453776443723,0.000373549723959639
4.76812822243606,0.000373243481648336
4.77171868043488,0.000372937840214692
4.7753091384337,0.000372632750953204
4.77889959643252,0.000372328131358915
4.78249005443134,0.000372024143233333
4.78608051243017,0.000371720589744196
4.78967097042899,0.000371419064561457
4.79326142842781,0.000371115753494119
4.79685188642663,0.000370814063386366
4.80044234442546,0.000370512783339118
4.80403280242428,0.000370212114768745
4.8076232604231,0.000369912014118193
4.81121371842192,0.000369612451326344
4.81480417642075,0.000369313476892015
4.81839463441957,0.000369015033913074
4.82198509241839,0.000368717070585058
4.82557555041721,0.000368419556552004
4.82916600841603,0.000368122020211197
4.83275646641486,0.000367829094516562
4.83634692441368,0.000367532491322783
4.8399373824125,0.000367236701993136
4.84352784041132,0.000366942249312841
4.84711829841015,0.000366648311674953
4.85070875640897,0.000366354960049379
4.85429921440779,0.000366062219289853
4.85788967240661,0.000365770049406414
4.86148013040544,0.000365478525794407
4.86507058840426,0.000365187541030552
4.86866104640308,0.000364897041462408
4.8722515044019,0.000364607271497696
4.87584196240072,0.000364318278581354
4.87943242039955,0.000364030277808603
4.88302287839837,0.000363741855949876
4.88661333639719,0.00036345460881304
4.89020379439601,0.000363168064212322
4.89379425239484,0.000362882205609055
4.89738471039366,0.000362597045406287
4.90097516839248,0.000362312558526763
4.9045656263913,0.000362028939540166
4.90815608439013,0.000361745959249814
4.91174654238895,0.000361463637408498
4.91533700038777,0.000361177452832004
4.91892745838659,0.000360902812449871
4.92251791638541,0.000360623519956483
4.92610837438424,0.000360345008395634
4.92969883238306,0.000360067654750176
4.93328929038188,0.000359791672950754
4.9368797483807,0.000359516997665189
4.94047020637953,0.000359243820789537
4.94406066437835,0.000358972306645306
4.94765112237717,0.000358702598553198
4.95124158037599,0.000358435130234057
4.95483203837482,0.000358167998477441
4.95842249637364,0.000357931332322036
4.96201295437246,0.000357657731303949
4.96560341237128,0.000357405065927419
4.96919387037011,0.000357160001139494
4.97278432836893,0.000356924802282665
4.97637478636775,0.000356703481644288
4.97996524436657,0.000356503286613258
4.98355570236539,0.000356337538280382
4.98714616036422,0.000356234948773031
4.99073661836304,0.000356268787213953
4.99432707636186,0.000356701183445371
4.99791753436068,0.000359657087818036
