freqs,specs
-2.99803242901665,5.99054842275763e-05
-2.99444197101782,6.04180474195211e-05
-2.990851513019,6.05713254958696e-05
-2.98726105502018,6.06693732740592e-05
-2.98367059702136,6.07486619825782e-05
-2.98008013902253,6.08193914035087e-05
-2.97648968102371,6.08855381503479e-05
-2.97289922302489,6.09489798640324e-05
-2.96930876502607,6.10106842021212e-05
-2.96571830702724,6.10712585494719e-05
-2.96212784902842,6.11312032939005e-05
-2.9585373910296,6.1188073451883e-05
-2.95494693303078,6.1248492217167e-05
-2.95135647503196,6.13072907558909e-05
-2.94776601703313,6.13655659691828e-05
-2.94417555903431,6.14236950592777e-05
-2.94058510103549,6.14817415266101e-05
-2.93699464303667,6.15397258584477e-05
-2.93340418503784,6.15976649816341e-05
-2.92981372703902,6.16556028347999e-05
-2.9262232690402,6.17135703653269e-05
-2.92263281104138,6.17716107905599e-05
-2.91904235304255,6.18305890440483e-05
-2.91545189504373,6.1886906091542e-05
-2.91186143704491,6.19451505177936e-05
-2.90827097904609,6.20033569177288e-05
-2.90468052104727,6.20616043389379e-05
-2.90109006304844,6.21198357914037e-05
-2.89749960504962,6.21781811403443e-05
-2.8939091470508,6.22365710873168e-05
-2.89031868905198,6.22950602359943e-05
-2.88672823105315,6.23536069746942e-05
-2.88313777305433,6.2412271870726e-05
-2.87954731505551,6.24710330733645e-05
-2.87595685705669,6.25296720991396e-05
-2.87236639905786,6.25886783168306e-05
-2.86877594105904,6.26476926112192e-05
-2.86518548306022,6.27068132611399e-05
-2.8615950250614,6.27660122443987e-05
-2.85800456706257,6.28253112440371e-05
-2.85441410906375,6.28847040665958e-05
-2.85082365106493,6.29442208628557e-05
-2.84723319306611,6.30038584290872e-05
-2.84364273506729,6.30635470033985e-05
-2.84005227706846,6.31233783284815e-05
-2.83646181906964,6.31833064204454e-05
-2.83287136107082,6.32433322745983e-05
-2.829280903072,6.3303452087393e-05
-2.82569044507317,6.33637095232207e-05
-2.82209998707435,6.34240715901531e-05
-2.81850952907553,6.34845285418612e-05
-2.81491907107671,6.35451165470859e-05
-2.81132861307788,6.3605817620314e-05
-2.80773815507906,6.36666196600316e-05
-2.80414769708024,6.37275461989174e-05
-2.80055723908142,6.37885794851134e-05
-2.7969667810826,6.38498093468576e-05
-2.79337632308377,6.39108940485211e-05
-2.78978586508495,6.39728477034476e-05
-2.78619540708613,6.40337245481349e-05
-2.78260494908731,6.40952993180334e-05
-2.77901449108848,6.41570509212467e-05
-2.77542403308966,6.42189179173998e-05
-2.77183357509084,6.42808680167493e-05
-2.76824311709202,6.43429383568141e-05
-2.76465265909319,6.44051033323293e-05
-2.76106220109437,6.44673839663002e-05
-2.75747174309555,6.45298294204356e-05
-2.75388128509673,6.45923518115956e-05
-2.7502908270979,6.46548469840044e-05
-2.74670036909908,6.47180569052932e-05
-2.74310991110026,6.47807993311634e-05
-2.73951945310144,6.48437884477936e-05
-2.73592899510262,6.4906912864089e-05
-2.73233853710379,6.497014575799e-05
-2.72874807910497,6.50334902481707e-05
-2.72515762110615,6.50969587763404e-05
-2.72156716310733,6.51605373367849e-05
-2.7179767051085,6.52242442722405e-05
-2.71438624710968,6.52880090663247e-05
-2.71079578911086,6.53519678763902e-05
-2.70720533111204,6.54158464586263e-05
-2.70361487311321,6.54800048685705e-05
-2.70002441511439,6.55442255716209e-05
-2.69643395711557,6.56084315425597e-05
-2.69284349911675,6.56726727643675e-05
-2.68925304111792,6.57368917378822e-05
-2.6856625831191,6.58010203019064e-05
-2.68207212512028,6.58648614329555e-05
-2.67848166712146,6.59280767127103e-05
-2.67489120912264,6.5989659100929e-05
-2.67130075112381,6.60453970790601e-05
-2.66771029312499,6.60347878451044e-05
-2.66411983512617,6.62396299018155e-05
-2.66052937712735,6.62817888670669e-05
-2.65693891912852,6.63416282170503e-05
-2.6533484611297,6.64049755985447e-05
-2.64975800313088,6.64696204306227e-05
-2.64616754513206,6.65349972489597e-05
-2.64257708713324,6.66008070563497e-05
-2.63898662913441,6.6666948401358e-05
-2.63539617113559,6.67333748462394e-05
-2.63180571313677,6.67999400584972e-05
-2.62821525513795,6.68665077062854e-05
-2.62462479713912,6.69352203605974e-05
-2.6210343391403,6.70016320325106e-05
-2.61744388114148,6.70687602415907e-05
-2.61385342314266,6.71362784592534e-05
-2.61026296514383,6.72039783326229e-05
-2.60667250714501,6.7271828287718e-05
-2.60308204914619,6.73398367144989e-05
-2.59949159114737,6.74080010127979e-05
-2.59590113314854,6.74763231546052e-05
-2.59231067514972,6.75447909362197e-05
-2.5887202171509,6.76134107293002e-05
-2.58512975915208,6.76825723887311e-05
-2.58153930115326,6.77509393670117e-05
-2.57794884315443,6.78204173874292e-05
-2.57435838515561,6.78894079054824e-05
-2.57076792715679,6.79587767406956e-05
-2.56717746915797,6.80282575048871e-05
-2.56358701115914,6.80979406595551e-05
-2.55999655316032,6.81677662553578e-05
-2.5564060951615,6.82377363236292e-05
-2.55281563716268,6.83078545868349e-05
-2.54922517916385,6.83781249976693e-05
-2.54563472116503,6.84486473422595e-05
-2.54204426316621,6.85189461296697e-05
-2.53845380516739,6.85897210752334e-05
-2.53486334716857,6.86606676560715e-05
-2.53127288916974,6.87316903217794e-05
-2.52768243117092,6.88028828124264e-05
-2.5240919731721,6.88742262628537e-05
-2.52050151517328,6.89457314257716e-05
-2.51691105717445,6.90173598350477e-05
-2.51332059917563,6.90891776989249e-05
-2.50973014117681,6.91610847672874e-05
-2.50613968317799,6.92332378426219e-05
-2.50254922517916,6.93061129629039e-05
-2.49895876718034,6.93780874416206e-05
-2.49536830918152,6.94505722792914e-05
-2.4917778511827,6.95233481403582e-05
-2.48818739318387,6.95962646827183e-05
-2.48459693518505,6.96693398529489e-05
-2.48100647718623,6.974257684599e-05
-2.47741601918741,6.98159794053921e-05
-2.47382556118859,6.98895348188499e-05
-2.47023510318976,6.99632717602499e-05
-2.46664464519094,7.0037118933502e-05
-2.46305418719212,7.01110974959142e-05
-2.4594637291933,7.01854634305793e-05
-2.45587327119447,7.02605707853685e-05
-2.45228281319565,7.03344662191257e-05
-2.44869235519683,7.04092626509211e-05
-2.44510189719801,7.04841576423332e-05
-2.44151143919918,7.05591844671274e-05
-2.43792098120036,7.06344435794486e-05
-2.43433052320154,7.07098648503087e-05
-2.43074006520272,7.07854781722731e-05
-2.4271496072039,7.08612702788373e-05
-2.42355914920507,7.09372048286191e-05
-2.41996869120625,7.10133550198841e-05
-2.41637823320743,7.10893980021681e-05
-2.41278777520861,7.11664950607798e-05
-2.40919731720978,7.12430914184199e-05
-2.40560685921096,7.13200041259423e-05
-2.40201640121214,7.13971337029622e-05
-2.39842594321332,7.14744657330127e-05
-2.39483548521449,7.15520018233226e-05
-2.39124502721567,7.16297773308554e-05
-2.38765456921685,7.17077893148176e-05
-2.38406411121803,7.17860520818981e-05
-2.38047365321921,7.18645823165241e-05
-2.37688319522038,7.19434664933141e-05
-2.37329273722156,7.20221902450014e-05
-2.36970227922274,7.21019353471706e-05
-2.36611182122392,7.21818340280994e-05
-2.36252136322509,7.22622860818794e-05
-2.35893090522627,7.23433812954418e-05
-2.35534044722745,7.24253578423742e-05
-2.35174998922863,7.25086495354858e-05
-2.3481595312298,7.25940715755574e-05
-2.34456907323098,7.26835338304691e-05
-2.34097861523216,7.27822946209578e-05
-2.33738815723334,7.29148934960658e-05
-2.33379769923451,7.38609918141862e-05
-2.33020724123569,7.28181911421232e-05
-2.32661678323687,7.29763944202826e-05
-2.32302632523805,7.30807023425008e-05
-2.31943586723923,7.31730192432401e-05
-2.3158454092404,7.32608661071932e-05
-2.31225495124158,7.33466309735698e-05
-2.30866449324276,7.34313256700679e-05
-2.30507403524394,7.35154392030819e-05
-2.30148357724511,7.35993480802028e-05
-2.29789311924629,7.36833844829219e-05
-2.29430266124747,7.3769295811382e-05
-2.29071220324865,7.38444951356514e-05
-2.28712174524982,7.39309456329886e-05
-2.283531287251,7.40149620364548e-05
-2.27994082925218,7.40988003414639e-05
-2.27635037125336,7.41826742946692e-05
-2.27275991325454,7.42666458885509e-05
-2.26916945525571,7.43507145137615e-05
-2.26557899725689,7.4434910009256e-05
-2.26198853925807,7.45192596793395e-05
-2.25839808125925,7.46037873331705e-05
-2.25480762326042,7.46884077608377e-05
-2.2512171652616,7.47737963941424e-05
-2.24762670726278,7.48583183153499e-05
-2.24403624926396,7.49436600620661e-05
-2.24044579126513,7.50289795088018e-05
-2.23685533326631,7.5114572673075e-05
-2.23326487526749,7.52003143335049e-05
-2.22967441726867,7.52862895280481e-05
-2.22608395926984,7.53724526178077e-05
-2.22249350127102,7.54588081310822e-05
-2.2189030432722,7.55453719892833e-05
-2.21531258527338,7.56321587222237e-05
-2.21172212727456,7.57193252621474e-05
-2.20813166927573,7.58060425082158e-05
-2.20454121127691,7.58935157721524e-05
-2.20095075327809,7.59810718189756e-05
-2.19736029527927,7.60688529367297e-05
-2.19376983728044,7.61568338125595e-05
-2.19017937928162,7.62450235729201e-05
-2.1865889212828,7.63334227161134e-05
-2.18299846328398,7.64220320964403e-05
-2.17940800528515,7.65108260598323e-05
-2.17581754728633,7.65997880865436e-05
-2.17222708928751,7.66890120382122e-05
-2.16863663128869,7.67791165276642e-05
-2.16504617328986,7.68684739361763e-05
-2.16145571529104,7.69582504655525e-05
-2.15786525729222,7.70483798604424e-05
-2.1542747992934,7.71387062069095e-05
-2.15068434129458,7.72292728304137e-05
-2.14709388329575,7.73200444356933e-05
-2.14350342529693,7.74110527590052e-05
-2.13991296729811,7.75022797428625e-05
-2.13632250929929,7.7593722849015e-05
-2.13273205130046,7.76853859361234e-05
-2.12914159330164,7.77772339276367e-05
-2.12555113530282,7.78692595983218e-05
-2.121960677304,7.79627275235115e-05
-2.11837021930517,7.80546528159114e-05
-2.11477976130635,7.81473769378165e-05
-2.11118930330753,7.82404109640452e-05
-2.10759884530871,7.83337006256482e-05
-2.10400838730989,7.84272102085068e-05
-2.10041792931106,7.85209667736451e-05
-2.09682747131224,7.86149631149008e-05
-2.09323701331342,7.87092237723067e-05
-2.0896465553146,7.88036800450643e-05
-2.08605609731577,7.88983699497235e-05
-2.08246563931695,7.89935724219442e-05
-2.07887518131813,7.90883931844686e-05
-2.07528472331931,7.91838194911692e-05
-2.07169426532048,7.92794794172879e-05
-2.06810380732166,7.93754176777936e-05
-2.06451334932284,7.94715513223487e-05
-2.06092289132402,7.95679036832431e-05
-2.05733243332519,7.96645172998595e-05
-2.05374197532637,7.97613565678918e-05
-2.05015151732755,7.98584216318281e-05
-2.04656105932873,7.99558862128456e-05
-2.04297060132991,8.00533739173065e-05
-2.03938014333108,8.01507531915685e-05
-2.03578968533226,8.02488154229164e-05
-2.03219922733344,8.03469903002906e-05
-2.02860876933462,8.04452920786001e-05
-2.02501831133579,8.05437073730491e-05
-2.02142785333697,8.06421807965592e-05
-2.01783739533815,8.07405964971627e-05
-2.01424693733933,8.08386560737899e-05
-2.01065647934051,8.09358796661481e-05
-2.00706602134168,8.10303687001786e-05
-2.00347556334286,8.11129489346947e-05
-1.99988510534404,8.23431355631773e-05
-1.99629464734522,8.13836484636716e-05
-1.99270418934639,8.14687647190966e-05
-1.98911373134757,8.15649059271405e-05
-1.98552327334875,8.16640207604694e-05
-1.98193281534993,8.17645726572101e-05
-1.9783423573511,8.18659665530071e-05
-1.97475189935228,8.19679465002965e-05
-1.97116144135346,8.20704048442578e-05
-1.96757098335464,8.21731933044397e-05
-1.96398052535581,8.2276194889328e-05
-1.96039006735699,8.23782693145555e-05
-1.95679960935817,8.24856831619136e-05
-1.95320915135935,8.25892928373225e-05
-1.94961869336053,8.26936339972346e-05
-1.9460282353617,8.2798522327857e-05
-1.94243777736288,8.290371064081e-05
-1.93884731936406,8.30092259092063e-05
-1.93525686136524,8.3115067539329e-05
-1.93166640336641,8.32212242357898e-05
-1.92807594536759,8.33276737953962e-05
-1.92448548736877,8.3434432404123e-05
-1.92089502936995,8.35414160654193e-05
-1.91730457137112,8.36497280581557e-05
-1.9137141133723,8.3757028344982e-05
-1.91012365537348,8.38646550462316e-05
-1.90653319737466,8.39730508339691e-05
-1.90294273937583,8.40817122604084e-05
-1.89935228137701,8.41906672175125e-05
-1.89576182337819,8.4299963559771e-05
-1.89217136537937,8.44095261680723e-05
-1.88858090738055,8.45194483287177e-05
-1.88499044938172,8.46296624233222e-05
-1.8813999913829,8.47402697737095e-05
-1.87780953338408,8.48512481236785e-05
-1.87421907538526,8.49622662285667e-05
-1.87062861738643,8.50738311753482e-05
-1.86703815938761,8.51856737037854e-05
-1.86344770138879,8.52978347901955e-05
-1.85985724338997,8.54103438227949e-05
-1.85626678539114,8.55231954699988e-05
-1.85267632739232,8.56363657783191e-05
-1.8490858693935,8.57498807222389e-05
-1.84549541139468,8.58637548913538e-05
-1.84190495339586,8.59779641321113e-05
-1.83831449539703,8.60926518252227e-05
-1.83472403739821,8.62069538990399e-05
-1.83113357939939,8.63224020123273e-05
-1.82754312140057,8.64379883697946e-05
-1.82395266340174,8.65539151162479e-05
-1.82036220540292,8.6670187112617e-05
-1.8167717474041,8.67867947255199e-05
-1.81318128940528,8.69037694547781e-05
-1.80959083140645,8.70210955511838e-05
-1.80600037340763,8.71387747390389e-05
-1.80240991540881,8.72568277844494e-05
-1.79881945740999,8.73752441398322e-05
-1.79522899941117,8.74941111907431e-05
-1.79163854141234,8.76133663323237e-05
-1.78804808341352,8.77320991572464e-05
-1.7844576254147,8.78522580220307e-05
-1.78086716741588,8.79726095848335e-05
-1.77727670941705,8.80932259255473e-05
-1.77368625141823,8.82142245722699e-05
-1.77009579341941,8.83356069805271e-05
-1.76650533542059,8.84573582172144e-05
-1.76291487742176,8.85794749569842e-05
-1.75932441942294,8.87019873365915e-05
-1.75573396142412,8.88248837209939e-05
-1.7521435034253,8.89481465875108e-05
-1.74855304542647,8.90717657234636e-05
-1.74496258742765,8.91958679332277e-05
-1.74137212942883,8.93202906391549e-05
-1.73778167143001,8.94451188855221e-05
-1.73419121343119,8.9570349211484e-05
-1.73060075543236,8.96959276477087e-05
-1.72701029743354,8.98219375521529e-05
-1.72341983943472,8.99483188150718e-05
-1.7198293814359,9.00751003596964e-05
-1.71623892343707,9.02021950754325e-05
-1.71264846543825,9.03297521453748e-05
-1.70905800743943,9.04577284116612e-05
-1.70546754944061,9.05855250173045e-05
-1.70187709144178,9.0714143124764e-05
-1.69828663344296,9.08428558424389e-05
-1.69469617544414,9.09718231694018e-05
-1.69110571744532,9.1100859159899e-05
-1.6875152594465,9.12298191043182e-05
-1.68392480144767,9.13583579618736e-05
-1.68033434344885,9.14858151365962e-05
-1.67674388545003,9.16105546171611e-05
-1.67315342745121,9.17271344206493e-05
-1.66956296945238,9.18045972640778e-05
-1.66597251145356,9.24725422050359e-05
-1.66238205345474,9.22432521105649e-05
-1.65879159545592,9.2346400588918e-05
-1.65520113745709,9.24699062740487e-05
-1.65161067945827,9.25995114999187e-05
-1.64802022145945,9.27319733522309e-05
-1.64442976346063,9.286617168235e-05
-1.6408393054618,9.30015956253971e-05
-1.63724884746298,9.3138048973607e-05
-1.63365838946416,9.32753661752398e-05
-1.63006793146534,9.34137668350707e-05
-1.62647747346652,9.35584225389183e-05
-1.62288701546769,9.36882074450758e-05
-1.61929655746887,9.3829387216698e-05
-1.61570609947005,9.39698389127516e-05
-1.61211564147123,9.41109273734517e-05
-1.6085251834724,9.42525597469223e-05
-1.60493472547358,9.43947602917577e-05
-1.60134426747476,9.4537524912737e-05
-1.59775380947594,9.46808595040878e-05
-1.59416335147711,9.48248068645498e-05
-1.59057289347829,9.49693438232446e-05
-1.58698243547947,9.5114722610365e-05
-1.58339197748065,9.52591578759071e-05
-1.57980151948183,9.5406020247537e-05
-1.576211061483,9.55528168672338e-05
-1.57262060348418,9.57002937399444e-05
-1.56903014548536,9.58483884178692e-05
-1.56543968748654,9.59970662722402e-05
-1.56184922948771,9.61463803774243e-05
-1.55825877148889,9.62962666044859e-05
-1.55466831349007,9.64468109421057e-05
-1.55107785549125,9.65979911309726e-05
-1.54748739749242,9.67497953691122e-05
-1.5438969394936,9.69022397694538e-05
-1.54030648149478,9.70553968131171e-05
-1.53671602349596,9.72091290105518e-05
-1.53312556549713,9.73636246632117e-05
-1.52953510749831,9.7518720027201e-05
-1.52594464949949,9.76745334570543e-05
-1.52235419150067,9.78310400088812e-05
-1.51876373350185,9.79882713770133e-05
-1.51517327550302,9.81462064699306e-05
-1.5115828175042,9.83048190127497e-05
-1.50799235950538,9.84641828792644e-05
-1.50440190150656,9.86244614335883e-05
-1.50081144350773,9.87848720696889e-05
-1.49722098550891,9.89465209452506e-05
-1.49363052751009,9.91089476482988e-05
-1.49004006951127,9.92720563117002e-05
-1.48644961151244,9.94359809453191e-05
-1.48285915351362,9.96006774748099e-05
-1.4792686955148,9.97661878564876e-05
-1.47567823751598,9.99325132433661e-05
-1.47208777951716,0.000100099641313548
-1.46849732151833,0.000100267640488414
-1.46490686351951,0.00010043651526119
-1.46131640552069,0.000100606256374037
-1.45772594752187,0.000100777322513911
-1.45413548952304,0.000100947512522069
-1.45054503152422,0.000101120206644694
-1.4469545735254,0.000101293565050111
-1.44336411552658,0.000101467815422345
-1.43977365752775,0.000101642966448149
-1.43618319952893,0.000101819068364774
-1.43259274153011,0.000101996146819714
-1.42900228353129,0.000102174225152078
-1.42541182553247,0.00010235330665314
-1.42182136753364,0.000102533366774361
-1.41823090953482,0.000102714616370152
-1.414640451536,0.000102896629576264
-1.41104999353718,0.000103080063972339
-1.40745953553835,0.000103264512383114
-1.40386907753953,0.000103450027064554
-1.40027861954071,0.000103636748343779
-1.39668816154189,0.000103824566507933
-1.39309770354306,0.00010401366487338
-1.38950724554424,0.000104203965224664
-1.38591678754542,0.000104395562769644
-1.3823263295466,0.000104588433585583
-1.37873587154777,0.000104782378377315
-1.37514541354895,0.000104977755180953
-1.37155495555013,0.000105175214088861
-1.36796449755131,0.000105373660381426
-1.36437403955249,0.000105573650851195
-1.36078358155366,0.000105775331219084
-1.35719312355484,0.00010597881900845
-1.35360266555602,0.000106184362392104
-1.3500122075572,0.000106392322335132
-1.34642174955837,0.000106603506878022
-1.34283129155955,0.000106819952580459
-1.33924083356073,0.000107048128274681
-1.33565037556191,0.000107335707838097
-1.33205991756308,0.000107194275336256
-1.32846945956426,0.000107577958173892
-1.32487900156544,0.000107819845312735
-1.32128854356662,0.000108048379673818
-1.3176980855678,0.000108274138272274
-1.31410762756897,0.000108499727868565
-1.31051716957015,0.000108726201515051
-1.30692671157133,0.000108954062925598
-1.30333625357251,0.000109183578818419
-1.29974579557368,0.000109415013579321
-1.29615533757486,0.000109648501356308
-1.29256487957604,0.00010988585297914
-1.28897442157722,0.000110121710911316
-1.28538396357839,0.000110361901974086
-1.28179350557957,0.000110604488884782
-1.27820304758075,0.000110849701016499
-1.27461258958193,0.000111097453841657
-1.2710221315831,0.000111347957519719
-1.26743167358428,0.000111601296571976
-1.26384121558546,0.000111857565557376
-1.26025075758664,0.000112116897388835
-1.25666029958782,0.000112379408791679
-1.25306984158899,0.000112645459387524
-1.24947938359017,0.000112913831136541
-1.24588892559135,0.000113186653517149
-1.24229846759253,0.000113463205266668
-1.2387080095937,0.000113743437764101
-1.23511755159488,0.000114027659067354
-1.23152709359606,0.00011431605079779
-1.22793663559724,0.000114608775416549
-1.22434617759841,0.000114906026085516
-1.22075571959959,0.000115208041740985
-1.21716526160077,0.000115514979721736
-1.21357480360195,0.000115827135803661
-1.20998434560313,0.000116144500478139
-1.2063938876043,0.000116467903142423
-1.20280342960548,0.000116797193866038
-1.19921297160666,0.000117132725390411
-1.19562251360784,0.000117474885007987
-1.19203205560901,0.000117824027918848
-1.18844159761019,0.00011818050534338
-1.18485113961137,0.000118544729920998
-1.18126068161255,0.000118917178039275
-1.17767022361372,0.000119298301518709
-1.1740797656149,0.000119688651438277
-1.17048930761608,0.000120088586515569
-1.16689884961726,0.000120499386944715
-1.16330839161844,0.000120920973749391
-1.15971793361961,0.000121354305706486
-1.15612747562079,0.000121800267640966
-1.15253701762197,0.000122259735029942
-1.14894655962315,0.000122733654963718
-1.14535610162432,0.00012322310555449
-1.1417656436255,0.000123729246456412
-1.13817518562668,0.000124253421649734
-1.13458472762786,0.000124797034237759
-1.13099426962903,0.000125361750551303
-1.12740381163021,0.000125949367943516
-1.12381335363139,0.00012656212007796
-1.12022289563257,0.000127201250544632
-1.11663243763374,0.000127870754600547
-1.11304197963492,0.000128572734163425
-1.1094515216361,0.000129310600813126
-1.10586106363728,0.000130088179977781
-1.10227060563846,0.000130909718059762
-1.09868014763963,0.000131780170336407
-1.09508968964081,0.000132705227990474
-1.09149923164199,0.000133691593673976
-1.08790877364317,0.000134747047029162
-1.08431831564434,0.000135880707584011
-1.08072785764552,0.000137103439569276
-1.0771373996467,0.000138428291797067
-1.07354694164788,0.000139870799038123
-1.06995648364905,0.000141449877952011
-1.06636602565023,0.000143188701816938
-1.06277556765141,0.00014511597259504
-1.05918510965259,0.000147267657334409
-1.05559465165377,0.000149689283509225
-1.05200419365494,0.000152439588744569
-1.04841373565612,0.000155595210034524
-1.0448232776573,0.000159258324085716
-1.04123281965848,0.000163567886925024
-1.03764236165965,0.000168718911500678
-1.03405190366083,0.000174988794941723
-1.03046144566201,0.000182792075493111
-1.02687098766319,0.0001927702646287
-1.02328052966436,0.000205970891845614
-1.01969007166554,0.000224222391581019
-1.01609961366672,0.00025101382867249
-1.0125091556679,0.000293895423183942
-1.00891869766907,0.000372689467195142
-1.00532823967025,0.000560923126067849
-1.00173778167143,0.00154067720234952
-0.998147323672608,0.00129833717960424
-0.994556865673785,0.000400235966831607
-0.990966407674963,0.000223547775869248
-0.987375949676141,0.000154065166954057
-0.983785491677318,0.000121223315595566
-0.980195033678496,0.00010499958443288
-0.976604575679674,9.71836305950945e-05
-0.973014117680852,9.37682371157165e-05
-0.969423659682029,9.26722496749554e-05
-0.965833201683207,9.27955053901206e-05
-0.962242743684384,9.35506542090713e-05
-0.958652285685562,9.46174573701817e-05
-0.95506182768674,9.58319852669944e-05
-0.951471369687917,9.70921219367413e-05
-0.947880911689095,9.83480644342077e-05
-0.944290453690273,9.95727730030364e-05
-0.940699995691451,0.00010075246065771
-0.937109537692628,0.000101881160607544
-0.933519079693806,0.000102957275953491
-0.929928621694984,0.000103981759489658
-0.926338163696161,0.000104956848413394
-0.922747705697339,0.000105885394637348
-0.919157247698516,0.000106770695763067
-0.915566789699694,0.000107615667023037
-0.911976331700872,0.000108423644951284
-0.90838587370205,0.000109197653167767
-0.904795415703227,0.000109940212410938
-0.901204957704405,0.000110653952130643
-0.897614499705583,0.000111341209129538
-0.89402404170676,0.000112004088958593
-0.890433583707938,0.000112644519389379
-0.886843125709115,0.000113264314378864
-0.883252667710293,0.000113865042626504
-0.879662209711471,0.000114448239251783
-0.876071751712649,0.000115015088619246
-0.872481293713826,0.000115567061747309
-0.868890835715004,0.000116105098112209
-0.865300377716182,0.000116630207466761
-0.861709919717359,0.000117143487841014
-0.858119461718537,0.000117645645298982
-0.854529003719715,0.000118137494660016
-0.850938545720892,0.000118619792156587
-0.84734808772207,0.000119093163603295
-0.843757629723248,0.000119558234519905
-0.840167171724425,0.000120015700750289
-0.836576713725603,0.000120466048198106
-0.832986255726781,0.000120909258547122
-0.829395797727958,0.000121346463951465
-0.825805339729136,0.000121777818736388
-0.822214881730314,0.000122203654308366
-0.818624423731491,0.000122624441910994
-0.815033965732669,0.000123040452323329
-0.811443507733847,0.000123452017551545
-0.807853049735024,0.000123859421179401
-0.804262591736202,0.000124262953340433
-0.80067213373738,0.000124662855625807
-0.797081675738557,0.000125059373833669
-0.793491217739735,0.000125452720407804
-0.789900759740913,0.000125842556404021
-0.78631030174209,0.000126231055456874
-0.782719843743268,0.000126616204402433
-0.779129385744446,0.000126998995169566
-0.775538927745623,0.000127379661658701
-0.771948469746801,0.000127758287041092
-0.768358011747979,0.000128135060735772
-0.764767553749156,0.000128510139890872
-0.761177095750334,0.000128883678395145
-0.757586637751512,0.000129255759569992
-0.753996179752689,0.000129626618605045
-0.750405721753867,0.000129996345274388
-0.746815263755045,0.00013036494372091
-0.743224805756222,0.000130732802677874
-0.7396343477574,0.000131099970774906
-0.736043889758578,0.00013146653508838
-0.732453431759755,0.000131832719594621
-0.728862973760933,0.000132198715141572
-0.725272515762111,0.000132564242256771
-0.721682057763288,0.000132929209308304
-0.718091599764466,0.000133295148510502
-0.714501141765644,0.000133661587130869
-0.710910683766821,0.000134029143653915
-0.707320225767999,0.000134397913931795
-0.703729767769177,0.000134768263635999
-0.700139309770354,0.000135141182433818
-0.696548851771532,0.000135517707989242
-0.69295839377271,0.000135899342860978
-0.689367935773887,0.000136288645211298
-0.685777477775065,0.000136690016698856
-0.682187019776243,0.000137111872217877
-0.67859656177742,0.000137572737945695
-0.675006103778598,0.000138122982933643
-0.671415645779776,0.000138965055748016
-0.667825187780953,0.000142824327714726
-0.664234729782131,0.000136368353167933
-0.660644271783309,0.000138030265516784
-0.657053813784486,0.000138719401901044
-0.653463355785664,0.0001392294234874
-0.649872897786842,0.000139675415700851
-0.646282439788019,0.000140091455489202
-0.642691981789197,0.00014049127650442
-0.639101523790375,0.00014088142324748
-0.635511065791552,0.000141265464705448
-0.63192060779273,0.00014164547819273
-0.628330149793908,0.000142022694324864
-0.624739691795085,0.000142399280457697
-0.621149233796263,0.000142773134611797
-0.617558775797441,0.000143146689581211
-0.613968317798618,0.000143519910803551
-0.610377859799796,0.000143893009044996
-0.606787401800974,0.000144266118115653
-0.603196943802151,0.000144639448856471
-0.599606485803329,0.000145013113075506
-0.596016027804507,0.00014538721179751
-0.592425569805685,0.000145761843378199
-0.588835111806862,0.000146137069090747
-0.58524465380804,0.000146513143669913
-0.581654195809218,0.000146889619021092
-0.578063737810395,0.000147266960425838
-0.574473279811573,0.000147645337374247
-0.57088282181275,0.000148024528674761
-0.567292363813928,0.000148404653433166
-0.563701905815106,0.000148785755735152
-0.560111447816284,0.000149167862510313
-0.556520989817461,0.000149551011293632
-0.552930531818639,0.000149935244733143
-0.549340073819817,0.000150320627255134
-0.545749615820994,0.000150706944114111
-0.542159157822172,0.000151095023370334
-0.53856869982335,0.000151483736449942
-0.534978241824527,0.000151873812762455
-0.531387783825705,0.000152265113690772
-0.527797325826883,0.000152657763732593
-0.52420686782806,0.000153051678851115
-0.520616409829238,0.000153446952272621
-0.517025951830416,0.000153843567159785
-0.513435493831593,0.000154241558450807
-0.509845035832771,0.000154640980639681
-0.506254577833949,0.000155041805399435
-0.502664119835126,0.000155443578178154
-0.499073661836304,0.000155847780452891
-0.495483203837482,0.000156252976317143
-0.491892745838659,0.000156659765734495
-0.488302287839837,0.000157068075906611
-0.484711829841015,0.000157477951238385
-0.481121371842192,0.000157889401353328
-0.47753091384337,0.000158302464653097
-0.473940455844548,0.000158717165770093
-0.470349997845725,0.000159133500844619
-0.466759539846903,0.000159551565383094
-0.463169081848081,0.000159971310513623
-0.459578623849258,0.000160392719817703
-0.455988165850436,0.00016081465873538
-0.452397707851614,0.000161240768341453
-0.448807249852791,0.000161667668768352
-0.445216791853969,0.000162096213701048
-0.441626333855147,0.000162526645200716
-0.438035875856324,0.000162958941950426
-0.434445417857502,0.000163393151174077
-0.43085495985868,0.000163829286650819
-0.427264501859857,0.000164267394469699
-0.423674043861035,0.000164707458968433
-0.420083585862213,0.000165149573382154
-0.41649312786339,0.000165593767350963
-0.412902669864568,0.000166039936541762
-0.409312211865746,0.000166488367429097
-0.405721753866923,0.000166938923281471
-0.402131295868101,0.000167391677840806
-0.398540837869279,0.000167846776489058
-0.394950379870456,0.000168304218111092
-0.391359921871634,0.000168764106827368
-0.387769463872812,0.000169226463301465
-0.384179005873989,0.000169691470375088
-0.380588547875167,0.000170159113683338
-0.376998089876345,0.000170630034376314
-0.373407631877522,0.000171103733071385
-0.3698171738787,0.000171581245445221
-0.366226715879878,0.000172062534183322
-0.362636257881055,0.00017254844950456
-0.359045799882233,0.000173039951361359
-0.355455341883411,0.000173538668822938
-0.351864883884588,0.000174047516596221
-0.348274425885766,0.00017457217072839
-0.344683967886944,0.000175125435588234
-0.341093509888121,0.000175743874709062
-0.337503051889299,0.000176590915603315
-0.333912593890477,0.000182048511212802
-0.330322135891654,0.000175762587728877
-0.326731677892832,0.00017682806282826
-0.32314121989401,0.000177497083214688
-0.319550761895187,0.000178080859660672
-0.315960303896365,0.000178633735850878
-0.312369845897543,0.000179172901873184
-0.30877938789872,0.000179705538620259
-0.305188929899898,0.000180235173063054
-0.301598471901076,0.000180763819478161
-0.298008013902253,0.000181292722319581
-0.294417555903431,0.000181823881178657
-0.290827097904609,0.000182348076495509
-0.287236639905786,0.000182882952188033
-0.283646181906964,0.000183417585351693
-0.280055723908142,0.000183954079576336
-0.276465265909319,0.000184492848386642
-0.272874807910497,0.000185033973471679
-0.269284349911675,0.000185577542822947
-0.265693891912852,0.000186123685720234
-0.26210343391403,0.000186672495041099
-0.258512975915208,0.00018722398565916
-0.254922517916385,0.000187778338222598
-0.251332059917563,0.000188335081008178
-0.247741601918741,0.00018889544863755
-0.244151143919918,0.000189458433491193
-0.240560685921096,0.000190024357368827
-0.236970227922274,0.000190593307716852
-0.233379769923451,0.000191165313675983
-0.229789311924629,0.000191740436806855
-0.226198853925807,0.000192318662843907
-0.222608395926984,0.000192900086483168
-0.219017937928162,0.000193484729423287
-0.21542747992934,0.000194072560453631
-0.211837021930517,0.000194663576857455
-0.208246563931695,0.000195258453168967
-0.204656105932873,0.000195856183446094
-0.20106564793405,0.000196457442574831
-0.197475189935228,0.000197062162463121
-0.193884731936406,0.000197670280276693
-0.190294273937583,0.000198281915498905
-0.186703815938761,0.000198897103663152
-0.183113357939939,0.000199515857021312
-0.179522899941117,0.000200138215696912
-0.175932441942294,0.000200764196937697
-0.172341983943472,0.000201394027009754
-0.16875152594465,0.000202026818763816
-0.165161067945827,0.000202664255312593
-0.161570609947005,0.000203305500348489
-0.157980151948183,0.000203950200520222
-0.15438969394936,0.000204598925337865
-0.150799235950538,0.000205251510667509
-0.147208777951716,0.000205908040883553
-0.143618319952893,0.000206568560936332
-0.140027861954071,0.000207233115958086
-0.136437403955249,0.000207901726772247
-0.132846945956426,0.000208574450659124
-0.129256487957604,0.000209251325243663
-0.125666029958782,0.000209932271764883
-0.122075571959959,0.000210618584827215
-0.118485113961137,0.000211307512134476
-0.114894655962315,0.000212001393287991
-0.111304197963492,0.000212699635904455
-0.10771373996467,0.000213402338861094
-0.104123281965848,0.000214109452040114
-0.100532823967025,0.000214821105990046
-0.0969423659682029,0.000215537297951813
-0.0933519079693806,0.000216258083990895
-0.0897614499705583,0.000216983457182381
-0.0861709919717359,0.000217713663430859
-0.0825805339729136,0.000218448208971816
-0.0789900759740913,0.000219188214410083
-0.0753996179752689,0.00021993263243035
-0.0718091599764466,0.00022068197188779
-0.0682187019776243,0.000221436220625222
-0.0646282439788019,0.000222195480185748
-0.0610377859799796,0.000222959782399085
-0.0574473279811573,0.000223729183214492
-0.053856869982335,0.000224503703367056
-0.0502664119835126,0.000225283433232774
-0.0466759539846903,0.000226068443191751
-0.043085495985868,0.000226858724854701
-0.0394950379870456,0.000227654235963616
-0.0359045799882233,0.00022845528078197
-0.032314121989401,0.000229261944443007
-0.0287236639905786,0.000230074008133378
-0.0251332059917563,0.000230891671827508
-0.021542747992934,0.000231715004898824
-0.0179522899941117,0.000232544052141023
-0.0143618319952893,0.000233378852483844
-0.010771373996467,0.00023421952819008
-0.00718091599764466,0.000235066115070888
-0.00359045799882233,0.000235918561812182
0,1.98005229894949
0.00359045799882233,0.000237641796336358
0.00718091599764466,0.000238512628682799
0.010771373996467,0.000239389680560295
0.0143618319952893,0.00024027305114963
0.0179522899941117,0.000241162773394221
0.021542747992934,0.000242058972407602
0.0251332059917563,0.000242961676465847
0.0287236639905786,0.000243870991167121
0.032314121989401,0.000244786982517349
0.0359045799882233,0.000245709883869496
0.0394950379870456,0.000246640362079157
0.043085495985868,0.000247574334776236
0.0466759539846903,0.000248518326190378
0.0502664119835126,0.000249468802721995
0.053856869982335,0.000250426428404705
0.0574473279811573,0.000251391191399371
0.0610377859799796,0.000252363228694178
0.0646282439788019,0.000253342661540731
0.0682187019776243,0.000254329553286296
0.0718091599764466,0.000255323989364849
0.0753996179752689,0.000256326019412202
0.0789900759740913,0.000257335955820927
0.0825805339729136,0.000258353160964184
0.0861709919717359,0.000259378867829921
0.0897614499705583,0.000260412727808741
0.0933519079693806,0.000261454306791435
0.0969423659682029,0.00026250417872405
0.100532823967025,0.000263562336017335
0.104123281965848,0.000264628917882974
0.10771373996467,0.000265703955773107
0.111304197963492,0.000266787652795196
0.114894655962315,0.000267880022245197
0.118485113961137,0.00026898128620738
0.122075571959959,0.000270091724434806
0.125666029958782,0.000271210389595211
0.129256487957604,0.000272338739760375
0.132846945956426,0.000273476319247613
0.136437403955249,0.000274623286459758
0.140027861954071,0.000275779703214946
0.143618319952893,0.000276945771240769
0.147208777951716,0.000278121547467896
0.150799235950538,0.000279307159324158
0.15438969394936,0.00028050284067671
0.157980151948183,0.000281708614095327
0.161570609947005,0.000282924623548081
0.165161067945827,0.000284150633167729
0.16875152594465,0.000285387834094392
0.172341983943472,0.000286634935858469
0.175932441942294,0.000287893209190707
0.179522899941117,0.000289162387736794
0.183113357939939,0.000290442587706148
0.186703815938761,0.00029173398729251
0.190294273937583,0.000293036728659531
0.193884731936406,0.00029435095367321
0.197475189935228,0.000295676820921028
0.20106564793405,0.00029701445224631
0.204656105932873,0.000298363975395085
0.208246563931695,0.000299725316964472
0.211837021930517,0.000301101246750097
0.21542747992934,0.000302486782404427
0.219017937928162,0.000303885740492101
0.222608395926984,0.000305297455329226
0.226198853925807,0.000306722197622583
0.229789311924629,0.00030816005399757
0.233379769923451,0.000309611158174424
0.236970227922274,0.000311075724836742
0.240560685921096,0.000312553913464025
0.244151143919918,0.000314045939218642
0.247741601918741,0.000315551782392943
0.251332059917563,0.000317071698398071
0.254922517916385,0.000318606328141649
0.258512975915208,0.000320155248934698
0.26210343391403,0.000321718761952141
0.265693891912852,0.000323297128002227
0.269284349911675,0.00032489041928443
0.272874807910497,0.000326498796343521
0.276465265909319,0.000328122386034803
0.280055723908142,0.000329761238454707
0.283646181906964,0.000331415451036612
0.287236639905786,0.000333085157086882
0.290827097904609,0.00033477036561662
0.294417555903431,0.000336468643423258
0.298008013902253,0.000338183408631474
0.301598471901076,0.000339911813453352
0.305188929899898,0.00034165298687445
0.30877938789872,0.000343405015259855
0.312369845897543,0.000345164531493121
0.315960303896365,0.000346925259306288
0.319550761895187,0.000348674493573213
0.32314121989401,0.00035038268286591
0.326731677892832,0.000351964150248071
0.330322135891654,0.00035305825412729
0.333912593890477,0.00038227077447598
0.337503051889299,0.000360573695725256
0.341093509888121,0.000361581196637717
0.344683967886944,0.000363245042268165
0.348274425885766,0.000365091637286205
0.351864883884588,0.000367024853544478
0.355455341883411,0.000369012808300026
0.359045799882233,0.000371042067008983
0.362636257881055,0.000373106125200633
0.366226715879878,0.000375201541058713
0.3698171738787,0.000377326324112599
0.373407631877522,0.000379479480941368
0.376998089876345,0.000381660953878624
0.380588547875167,0.000383869712391877
0.384179005873989,0.000386106108417065
0.387769463872812,0.000388370315726797
0.391359921871634,0.000390662332140545
0.394950379870456,0.000392982518123629
0.398540837869279,0.000395331242534485
0.402131295868101,0.000397708861140807
0.405721753866923,0.00040011578154005
0.409312211865746,0.000402552520108327
0.412902669864568,0.000405019346747162
0.41649312786339,0.00040751690158321
0.420083585862213,0.000410045798330983
0.423674043861035,0.000412606338369545
0.427264501859857,0.000415199268721042
0.43085495985868,0.000417825148369466
0.434445417857502,0.000420484509960801
0.438035875856324,0.000423178016045821
0.441626333855147,0.000425906287777903
0.445216791853969,0.00042867000647809
0.448807249852791,0.000431469805397933
0.452397707851614,0.000434306398657097
0.455988165850436,0.000437181174476096
0.459578623849258,0.000440092818396881
0.463169081848081,0.000443044252533831
0.466759539846903,0.000446035416025507
0.470349997845725,0.000449067122552833
0.473940455844548,0.000452140287149905
0.47753091384337,0.000455255711082513
0.481121371842192,0.00045841426542111
0.484711829841015,0.000461616852705229
0.488302287839837,0.000464864375259433
0.491892745838659,0.000468157815876483
0.495483203837482,0.000471498411556907
0.499073661836304,0.000474885737043642
0.502664119835126,0.000478322890707133
0.506254577833949,0.000481810063150568
0.509845035832771,0.000485348230016982
0.513435493831593,0.000488938436569438
0.517025951830416,0.000492582044803725
0.520616409829238,0.000496280178012794
0.52420686782806,0.000500034084689793
0.527797325826883,0.000503845016817317
0.531387783825705,0.000507714322841755
0.534978241824527,0.000511643289768273
0.53856869982335,0.000515633450001157
0.542159157822172,0.000519686327443552
0.545749615820994,0.000523801808481097
0.549340073819817,0.000527984190498459
0.552930531818639,0.000532233334922222
0.556520989817461,0.000536551156146705
0.560111447816284,0.000540939352859516
0.563701905815106,0.000545399637803775
0.567292363813928,0.00054993379996336
0.57088282181275,0.000554543680227708
0.574473279811573,0.000559231164381476
0.578063737810395,0.000563998381189891
0.581654195809218,0.000568846838731719
0.58524465380804,0.000573779465425789
0.588835111806862,0.000578797561231162
0.592425569805685,0.000583903981472968
0.596016027804507,0.000589100745031284
0.599606485803329,0.000594390292635085
0.603196943802151,0.000599775086602427
0.606787401800974,0.000605257657201607
0.610377859799796,0.000610840593912785
0.613968317798618,0.000616526515508871
0.617558775797441,0.000622318303195203
0.621149233796263,0.000628218558028561
0.624739691795085,0.000634230447873749
0.628330149793908,0.000640355654051292
0.63192060779273,0.000646598422572642
0.635511065791552,0.000652960283115971
0.639101523790375,0.000659443762849291
0.642691981789197,0.000666050176530975
0.646282439788019,0.000672779343787502
0.649872897786842,0.000679627702272282
0.653463355785664,0.000686583503791036
0.657053813784486,0.000693611170298597
0.660644271783309,0.000700579817781363
0.664234729782131,0.000706560305601619
0.667825187780953,0.00072226898169532
0.671415645779776,0.000725984363744495
0.675006103778598,0.00073343178868407
0.67859656177742,0.000741402215597594
0.682187019776243,0.000749662914932758
0.685777477775065,0.00075816102736469
0.689367935773887,0.000766881344854311
0.69295839377271,0.000775821014571153
0.696548851771532,0.000784982179504286
0.700139309770354,0.000794369551695407
0.703729767769177,0.000803989250319678
0.707320225767999,0.000813848624269249
0.710910683766821,0.000823955731034627
0.714501141765644,0.000834319065119709
0.718091599764466,0.000844948083114641
0.721682057763288,0.00085585249794667
0.725272515762111,0.000867042855955777
0.728862973760933,0.00087853157561262
0.732453431759755,0.000890329285874653
0.736043889758578,0.000902448396313029
0.7396343477574,0.000914902290139712
0.743224805756222,0.000927705036186977
0.746815263755045,0.000940871032054833
0.750405721753867,0.000954416606680617
0.753996179752689,0.000968357780630757
0.757586637751512,0.000982711790934963
0.761177095750334,0.000997497941971726
0.764767553749156,0.00101273568880513
0.768358011747979,0.00102844599641569
0.771948469746801,0.00104465117542831
0.775538927745623,0.00106137491501196
0.779129385744446,0.00107864256927295
0.782719843743268,0.00109648095273606
0.78631030174209,0.00111491899630541
0.789900759740913,0.00113398672093476
0.793491217739735,0.00115371853469725
0.797081675738557,0.00117414826310555
0.80067213373738,0.00119531407642634
0.804262591736202,0.00121725642707844
0.807853049735024,0.00124001888599583
0.811443507733847,0.0012636482298596
0.815033965732669,0.00128819497593182
0.818624423731491,0.00131371362142246
0.822214881730314,0.0013402629879968
0.825805339729136,0.00136790677202544
0.829395797727958,0.00139671404632478
0.832986255726781,0.00142676043255493
0.836576713725603,0.0014581272011167
0.840167171724425,0.00149090231336618
0.843757629723248,0.00152518421212223
0.84734808772207,0.00156107880393074
0.850938545720892,0.00159870255629303
0.854529003719715,0.00163818356733455
0.858119461718537,0.00167966280059665
0.861709919717359,0.00172329592452008
0.865300377716182,0.00176925517401716
0.868890835715004,0.00181773157333118
0.872481293713826,0.00186893784553794
0.876071751712649,0.00192311170358491
0.879662209711471,0.00198051672765405
0.883252667710293,0.00204145385537461
0.886843125709115,0.00210625789246531
0.890433583707938,0.00217530909198726
0.89402404170676,0.00224903921331848
0.897614499705583,0.002327940460411
0.901204957704405,0.0024125766420783
0.904795415703227,0.00250359664914301
0.90838587370205,0.00260175098962358
0.911976331700872,0.00270791260731143
0.915566789699694,0.00282310355655169
0.919157247698516,0.00294852602705523
0.922747705697339,0.00308560753192871
0.926338163696161,0.00323605220848433
0.929928621694984,0.00340191481530158
0.933519079693806,0.00358569314885787
0.937109537692628,0.0037904558428471
0.940699995691451,0.0040200145800521
0.944290453690273,0.00427916370442293
0.947880911689095,0.00457401878145514
0.951471369687917,0.00491250533541204
0.95506182768674,0.0053050816587082
0.958652285685562,0.00576583902616058
0.962242743684384,0.00631422859398215
0.965833201683207,0.00697787804729476
0.969423659682029,0.00779739261063781
0.973014117680852,0.00883498803908008
0.976604575679674,0.0101910747782607
0.980195033678496,0.0120388813710122
0.983785491677318,0.0147050824428395
0.987375949676141,0.018888029421891
0.990966407674963,0.0263964695324269
0.994556865673785,0.043812563037869
0.998147323672608,0.128774169599857
1.00173778167143,0.137116653679783
1.00532823967025,0.0447401758339946
1.00891869766907,0.0267314528276047
1.0125091556679,0.0190597518557656
1.01609961366672,0.0148096212095473
1.01969007166554,0.0121094122879523
1.02328052966436,0.0102420462847549
1.02687098766319,0.00887368788385836
1.03046144566201,0.00782789115387432
1.03405190366083,0.00700262613282446
1.03764236165965,0.00633478921038046
1.04123281965848,0.00578325870798663
1.0448232776573,0.00532008008331841
1.04841373565612,0.00492560177468255
1.05200419365494,0.0045855930437376
1.05559465165377,0.00428950077443749
1.05918510965259,0.00402933255642682
1.06277556765141,0.0037989243791257
1.06636602565023,0.00359344626662755
1.06995648364905,0.00340905971624149
1.07354694164788,0.00324267575836404
1.0771373996467,0.00309178072096292
1.08072785764552,0.00295430759055554
1.08431831564434,0.00282854249927695
1.08790877364317,0.00271305027324669
1.09149923164199,0.00260662160026392
1.09508968964081,0.00250823008979539
1.09868014763963,0.00241699833272779
1.10227060563846,0.00233217232390923
1.10586106363728,0.00225310020023071
1.1094515216361,0.0021792157837444
1.11304197963492,0.0021100246768255
1.11663243763374,0.00204509354239404
1.12022289563257,0.00198404047061729
1.12381335363139,0.00192652943897993
1.12740381163021,0.00187225840744543
1.13099426962903,0.00182096279054658
1.13458472762786,0.00177240414633938
1.13817518562668,0.00172636895821522
1.1417656436255,0.00168266559935335
1.14535610162432,0.00164112123716064
1.14894655962315,0.00160157974076586
1.15253701762197,0.00156389970015464
1.15612747562079,0.00152795267136999
1.15971793361961,0.00149362166573618
1.16330839161844,0.00146080017719625
1.16689884961726,0.0014293911901665
1.17048930761608,0.00139930452274398
1.1740797656149,0.00137045938713776
1.17767022361372,0.00134278002512674
1.18126068161255,0.00131619707715404
1.18485113961137,0.00129064677677088
1.18844159761019,0.00126607008462508
1.19203205560901,0.00124241241437473
1.19562251360784,0.00121962313030807
1.19921297160666,0.00119765526760854
1.20280342960548,0.00117646529676251
1.2063938876043,0.00115601255208315
1.20998434560313,0.00113625989149888
1.21357480360195,0.00111716965715079
1.21716526160077,0.00109871162163481
1.22075571959959,0.00108085401700621
1.22434617759841,0.00106356791885419
1.22793663559724,0.0010468263700549
1.23152709359606,0.00103060406514845
1.23511755159488,0.00101487716886713
1.2387080095937,0.000999623347308781
1.24229846759253,0.000984821577179247
1.24588892559135,0.000970452265808573
1.24947938359017,0.000956496117388697
1.25306984158899,0.000942936097244874
1.25666029958782,0.000929755421133652
1.26025075758664,0.000916938457527757
1.26384121558546,0.00090447023573134
1.26743167358428,0.000892336747582399
1.2710221315831,0.000880524672245487
1.27461258958193,0.000869021373759523
1.27820304758075,0.000857814990732287
1.28179350557957,0.000846893971942985
1.28538396357839,0.000836247703701631
1.28897442157722,0.000825865774848914
1.29256487957604,0.000815739425091967
1.29615533757486,0.00080585659763192
1.29974579557368,0.000796211135086904
1.30333625357251,0.000786793436702639
1.30692671157133,0.000777595482591794
1.31051716957015,0.000768609346390874
1.31410762756897,0.000759827245871163
1.3176980855678,0.000751241296843924
1.32128854356662,0.000742842852071283
1.32487900156544,0.000734620085352886
1.32846945956426,0.000726545526003463
1.33205991756308,0.000718349781929221
1.33565037556191,0.000711397190826323
1.33924083356073,0.000703721801224032
1.34283129155955,0.000696322795299474
1.34642174955837,0.000689097310596706
1.3500122075572,0.000682027174218237
1.35360266555602,0.00067510396323136
1.35719312355484,0.000668321715460688
1.36078358155366,0.000661675559384642
1.36437403955249,0.000655161090766657
1.36796449755131,0.000648774292408317
1.37155495555013,0.000642511056514145
1.37514541354895,0.000636369308258618
1.37873587154777,0.000630342468882251
1.3823263295466,0.00062442964327316
1.38591678754542,0.000618627009485953
1.38950724554424,0.000612931437875003
1.39309770354306,0.000607340100426583
1.39668816154189,0.000601850027758038
1.40027861954071,0.000596458564917688
1.40386907753953,0.000591163023031242
1.40745953553835,0.000585960911248477
1.41104999353718,0.000580849813085506
1.414640451536,0.000575827176597642
1.41823090953482,0.000570890995451559
1.42182136753364,0.000566039028766133
1.42541182553247,0.00056126876487662
1.42900228353129,0.0005565785115167
1.43259274153011,0.000551966217620529
1.43618319952893,0.000547429926358202
1.43977365752775,0.000542967807339243
1.44336411552658,0.000538578037721772
1.4469545735254,0.000534258849815818
1.45054503152422,0.000530008712831472
1.45413548952304,0.00052582582494195
1.45772594752187,0.000521708172857761
1.46131640552069,0.000517655286974734
1.46490686351951,0.000513664990763452
1.46849732151833,0.000509735951055164
1.47208777951716,0.000505866749517699
1.47567823751598,0.000502056113700896
1.4792686955148,0.000498302664269025
1.48285915351362,0.000494605174833912
1.48644961151244,0.000490962394170733
1.49004006951127,0.000487373133500523
1.49363052751009,0.0004838362582986
1.49722098550891,0.00048035090326271
1.50081144350773,0.000476915083004976
1.50440190150656,0.000473528881489726
1.50799235950538,0.00047019051531754
1.5115828175042,0.000466899112333744
1.51517327550302,0.000463653957972194
1.51876373350185,0.000460453903853266
1.52235419150067,0.000457298097831763
1.52594464949949,0.000454185629864843
1.52953510749831,0.000451115691901284
1.53312556549713,0.000448087447506488
1.53671602349596,0.000445099969577676
1.54030648149478,0.000442152552040002
1.5438969394936,0.000439245099547146
1.54748739749242,0.000436374913617958
1.55107785549125,0.000433543274697336
1.55466831349007,0.000430748721769341
1.55825877148889,0.000427990635611035
1.56184922948771,0.000425268407520909
1.56543968748654,0.00042258142441483
1.56903014548536,0.000419929065782157
1.57262060348418,0.000417310769802607
1.576211061483,0.000414725992434221
1.57980151948183,0.000412173934755654
1.58339197748065,0.000409654788301743
1.58698243547947,0.000407167660291842
1.59057289347829,0.000404712220680005
1.59416335147711,0.00040228785866527
1.59775380947594,0.000399894622836063
1.60134426747476,0.000397532095147233
1.60493472547358,0.000395200157764874
1.6085251834724,0.000392898696598127
1.61211564147123,0.000390627771846888
1.61570609947005,0.000388387491996777
1.61929655746887,0.000386178294804123
1.62288701546769,0.000384000693562301
1.62647747346652,0.000381862827927018
1.63006793146534,0.000379749877364506
1.63365838946416,0.000377678152628061
1.63724884746298,0.00037564886783102
1.6408393054618,0.000373668849539743
1.64442976346063,0.000371749981859246
1.64802022145945,0.000369913684760323
1.65161067945827,0.000368202238964266
1.65520113745709,0.00036671131058504
1.65879159545592,0.000365711894563459
1.66238205345474,0.000366385118731459
1.66597251145356,0.000394476384684452
1.66956296945238,0.000348214485153296
1.67315342745121,0.000351033757606769
1.67674388545003,0.000350511592695032
1.68033434344885,0.000349296210254958
1.68392480144767,0.000347832230589653
1.6875152594465,0.000346257842091244
1.69110571744532,0.000344629894177684
1.69469617544414,0.000342975943643387
1.69828663344296,0.000341310905985138
1.70187709144178,0.000339643399304301
1.70546754944061,0.000337979213917034
1.70905800743943,0.000336320919910405
1.71264846543825,0.000334672032880361
1.71623892343707,0.000333033386605388
1.7198293814359,0.000331406212725267
1.72341983943472,0.000329791240903589
1.72701029743354,0.000328189044049395
1.73060075543236,0.000326599903399737
1.73419121343119,0.000325024119207462
1.73778167143001,0.000323461772185421
1.74137212942883,0.000321912995936527
1.74496258742765,0.00032037774897137
1.74855304542647,0.00031885590979007
1.7521435034253,0.000317347930602756
1.75573396142412,0.000315853030314537
1.75932441942294,0.000314371720730171
1.76291487742176,0.000312903561803508
1.76650533542059,0.00031144854425564
1.77009579341941,0.000310006570476053
1.77368625141823,0.000308577498880183
1.77727670941705,0.000307161160343457
1.78086716741588,0.000305757474896447
1.7844576254147,0.000304366350070551
1.78804808341352,0.000302987450568927
1.79163854141234,0.000301620892959944
1.79522899941117,0.000300266281824102
1.79881945740999,0.00029892376239234
1.80240991540881,0.000297592961837968
1.80600037340763,0.00029627384511323
1.80959083140645,0.000294966242549337
1.81318128940528,0.000293670029996974
1.8167717474041,0.000292385072863723
1.82036220540292,0.000291111229016789
1.82395266340174,0.00028984830753319
1.82754312140057,0.000288596368914541
1.83113357939939,0.000287355424750881
1.83472403739821,0.00028612476337102
1.83831449539703,0.000284903940531896
1.84190495339586,0.00028369421626579
1.84549541139468,0.000282494580604121
1.8490858693935,0.000281305026808965
1.85267632739232,0.000280125453350468
1.85626678539114,0.000278955725312366
1.85985724338997,0.000277795750766517
1.86344770138879,0.000276645382570014
1.86703815938761,0.000275504648791806
1.87062861738643,0.000274373197414167
1.87421907538526,0.000273251179785199
1.87780953338408,0.000272137562054801
1.8813999913829,0.000271034249892681
1.88499044938172,0.000269939443512187
1.88858090738055,0.000268853563736901
1.89217136537937,0.000267776425416716
1.89576182337819,0.000266708032367854
1.89935228137701,0.00026564824430505
1.90294273937583,0.000264596991656966
1.90653319737466,0.000263554200344839
1.91012365537348,0.000262519807304904
1.9137141133723,0.000261493483378939
1.91730457137112,0.000260475479116813
1.92089502936995,0.000259466034168547
1.92448548736877,0.000258464393561958
1.92807594536759,0.000257470800467697
1.93166640336641,0.000256485244030937
1.93525686136524,0.000255507690365275
1.93884731936406,0.000254538108266586
1.94243777736288,0.000253576534172224
1.9460282353617,0.000252622972080204
1.94961869336053,0.000251677500266067
1.95320915135935,0.000250740280787874
1.95679960935817,0.000249811295499355
1.96039006735699,0.000248891623065557
1.96398052535581,0.000247980389731962
1.96757098335464,0.000247079044874722
1.97116144135346,0.000246188557913593
1.97475189935228,0.000245310490916562
1.9783423573511,0.000244447642199089
1.98193281534993,0.000243605056424527
1.98552327334875,0.000242792859033678
1.98911373134757,0.000242034680694701
1.99270418934639,0.000241400732624654
1.99629464734522,0.000241234187801404
1.99988510534404,0.000286043647979529
2.00347556334286,0.000236592972513128
2.00706602134168,0.000236512838151071
2.01065647934051,0.000235922245778616
2.01424693733933,0.000235211394200689
2.01783739533815,0.000234456492767429
2.02142785333697,0.000233682522184639
2.02501831133579,0.000232900158069546
2.02860876933462,0.000232114667261795
2.03219922733344,0.000231328947005581
2.03578968533226,0.000230544652081725
2.03938014333108,0.000229763184777527
2.04297060132991,0.000228984104818539
2.04656105932873,0.000228209539122756
2.05015151732755,0.000227438638008048
2.05374197532637,0.00022667204680466
2.05733243332519,0.000225909811039628
2.06092289132402,0.000225152058116898
2.06451334932284,0.000224398809462662
2.06810380732166,0.00022365015118599
2.07169426532048,0.00022290616339226
2.07528472331931,0.000222166719916631
2.07887518131813,0.000221431899318647
2.08246563931695,0.000220701514115761
2.08605609731577,0.000219976058292366
2.0896465553146,0.000219254925756635
2.09323701331342,0.000218538483122314
2.09682747131224,0.000217826510627261
2.10041792931106,0.0002171190511945
2.10400838730989,0.000216416060761365
2.10759884530871,0.000215717499648557
2.11118930330753,0.000215023345822604
2.11477976130635,0.000214333554452465
2.11837021930517,0.000213648178297005
2.121960677304,0.000212967033430372
2.12555113530282,0.000212290120059672
2.12914159330164,0.000211617548104894
2.13273205130046,0.000210949060950241
2.13632250929929,0.000210284765091856
2.13991296729811,0.000209624617712983
2.14350342529693,0.000208968544649955
2.14709388329575,0.00020831652721364
2.15068434129458,0.000207668529969445
2.1542747992934,0.000207024521625633
2.15786525729222,0.000206384424796209
2.16145571529104,0.000205748289586457
2.16504617328986,0.000205115877092394
2.16863663128869,0.000204486840687855
2.17222708928751,0.000203863355698821
2.17581754728633,0.000203242373539498
2.17940800528515,0.000202625216765996
2.18299846328398,0.000202011789251336
2.1865889212828,0.000201402077591687
2.19017937928162,0.000200795987920757
2.19376983728044,0.000200193545801207
2.19736029527927,0.000199594648646004
2.20095075327809,0.000198999284354436
2.20454121127691,0.000198407461676544
2.20813166927573,0.000197819102633561
2.21172212727456,0.000197234146089053
2.21531258527338,0.000196652641127723
2.2189030432722,0.000196074583124818
2.22249350127102,0.000195499824043024
2.22608395926984,0.000194928357586247
2.22967441726867,0.000194360205242528
2.23326487526749,0.000193795287551494
2.23685533326631,0.000193233595592338
2.24044579126513,0.000192675082464439
2.24403624926396,0.000192119650509677
2.24762670726278,0.000191567659986898
2.2512171652616,0.00019101872338753
2.25480762326042,0.000190472320152692
2.25839808125925,0.000189929192456039
2.26198853925807,0.000189389112758445
2.26557899725689,0.000188851913268971
2.26916945525571,0.000188317591187381
2.27275991325454,0.000187786121575754
2.27635037125336,0.000187257406018953
2.27994082925218,0.000186731385710301
2.283531287251,0.000186207900306145
2.28712174524982,0.000185686904830731
2.29071220324865,0.000185166856781588
2.29430266124747,0.000184655377078546
2.29789311924629,0.000184139987398964
2.30148357724511,0.000183627613297443
2.30507403524394,0.000183116788944526
2.30866449324276,0.000182606838409902
2.31225495124158,0.000182096721883468
2.3158454092404,0.000181584597605114
2.31943586723923,0.000181066733136045
2.32302632523805,0.000180534350286217
2.32661678323687,0.0001799597932486
2.33020724123569,0.000179188523819004
2.33379769923451,0.00018284140225836
2.33738815723334,0.000179173688408342
2.34097861523216,0.000178502313164088
2.34456907323098,0.000177957581212422
2.3481595312298,0.000177449217639718
2.35174998922863,0.00017695738194679
2.35534044722745,0.00017647519864051
2.35893090522627,0.000175999643615383
2.36252136322509,0.000175529147981185
2.36611182122392,0.000175062808637463
2.36970227922274,0.000174600264063382
2.37329273722156,0.000174140670997101
2.37688319522038,0.000173684651438001
2.38047365321921,0.000173231274867227
2.38406411121803,0.000172780503997384
2.38765456921685,0.000172332414603083
2.39124502721567,0.000171886954442027
2.39483548521449,0.00017144398574337
2.39842594321332,0.000171003452059647
2.40201640121214,0.000170565336967911
2.40560685921096,0.000170129567506154
2.40919731720978,0.00016969614867918
2.41278777520861,0.000169264869705045
2.41637823320743,0.000168836491945631
2.41996869120625,0.000168409553154438
2.42355914920507,0.00016798518160631
2.4271496072039,0.000167562905381049
2.43074006520272,0.000167142824951506
2.43433052320154,0.000166724879237245
2.43792098120036,0.000166309084264242
2.44151143919918,0.000165895356249256
2.44510189719801,0.000165483701621896
2.44869235519683,0.000165074158338674
2.45228281319565,0.000164666671310577
2.45587327119447,0.000164261427078661
2.4594637291933,0.000163857679920713
2.46305418719212,0.000163456219257075
2.46664464519094,0.000163056733230002
2.47023510318976,0.000162659198652561
2.47382556118859,0.000162263623535629
2.47741601918741,0.00016186997703281
2.48100647718623,0.000161478247079852
2.48459693518505,0.000161088426006893
2.48818739318387,0.000160700468382407
2.4917778511827,0.000160314463784351
2.49536830918152,0.000159930118347129
2.49895876718034,0.000159548016847379
2.50254922517916,0.000159167241275317
2.50613968317799,0.000158788741015345
2.50973014117681,0.000158411840866102
2.51332059917563,0.000158036738485399
2.51691105717445,0.000157663379273115
2.52050151517328,0.000157291829161184
2.5240919731721,0.000156922025077434
2.52768243117092,0.000156553961611615
2.53127288916974,0.000156187661316697
2.53486334716857,0.000155822972076619
2.53845380516739,0.000155460109333463
2.54204426316621,0.00015509877275049
2.54563472116503,0.000154739446235598
2.54922517916385,0.000154381493332208
2.55281563716268,0.00015402526007363
2.5564060951615,0.000153670690725249
2.55999655316032,0.000153317734975939
2.56358701115914,0.000152966416532137
2.56717746915797,0.00015261670401454
2.57076792715679,0.000152268589148181
2.57435838515561,0.000151922064918066
2.57794884315443,0.000151577130498967
2.58153930115326,0.000151233690077234
2.58512975915208,0.000150892487128382
2.5887202171509,0.000150551721942133
2.59231067514972,0.000150212904677697
2.59590113314854,0.000149875699098334
2.59949159114737,0.000149540009484164
2.60308204914619,0.000149205819953828
2.60667250714501,0.000148873131101313
2.61026296514383,0.000148541928395854
2.61385342314266,0.000148212289189001
2.61744388114148,0.000147883974606034
2.6210343391403,0.000147557541528256
2.62462479713912,0.00014723349645275
2.62821525513795,0.000146906886122006
2.63180571313677,0.000146584878083697
2.63539617113559,0.000146263971751252
2.63898662913441,0.000145944380016461
2.64257708713324,0.000145626250769182
2.64616754513206,0.000145309542633972
2.64975800313088,0.000144994307480503
2.6533484611297,0.00014468063461356
2.65693891912852,0.000144368702495775
2.66052937712735,0.000144059232672084
2.66411983512617,0.000143756881705419
2.66771029312499,0.000143402287998362
2.67130075112381,0.000143119799041236
2.67489120912264,0.000142816809089646
2.67848166712146,0.000142513178082361
2.68207212512028,0.00014221020725167
2.6856625831191,0.00014190829528063
2.68925304111792,0.000141607534990992
2.69284349911675,0.000141307972344759
2.69643395711557,0.000141009608366888
2.70002441511439,0.000140712495847076
2.70361487311321,0.000140416557348789
2.70720533111204,0.000140121783797908
2.71079578911086,0.000139828466567079
2.71438624710968,0.0001395360310996
2.7179767051085,0.00013924508503447
2.72156716310733,0.000138955234566003
2.72515762110615,0.000138666596220373
2.72874807910497,0.000138379116360015
2.73233853710379,0.000138092821578348
2.73592899510262,0.000137807708558351
2.73951945310144,0.000137523741830189
2.74310991110026,0.000137240919726308
2.74670036909908,0.00013695916530795
2.7502908270979,0.000136679047736884
2.75388128509673,0.000136399548755395
2.75747174309555,0.000136121314984834
2.76106220109437,0.000135844192009703
2.76465265909319,0.000135568202312575
2.76824311709202,0.000135293313493786
2.77183357509084,0.000135019510571648
2.77542403308966,0.00013474685254179
2.77901449108848,0.000134475230552627
2.78260494908731,0.000134204728101399
2.78619540708613,0.000133935298259842
2.78978586508495,0.000133666394761017
2.79337632308377,0.000133399481047075
2.7969667810826,0.00013313329210525
2.80055723908142,0.000132868049983584
2.80414769708024,0.000132603842411791
2.80773815507906,0.000132340690969739
2.81132861307788,0.000132078542545501
2.81491907107671,0.000131817410674737
2.81850952907553,0.000131557288313687
2.82209998707435,0.000131298168115179
2.82569044507317,0.000131040097689294
2.829280903072,0.000130782980854426
2.83287136107082,0.00013052676116861
2.83646181906964,0.00013027077468609
2.84005227706846,0.000130017288427167
2.84364273506729,0.000129763970232255
2.84723319306611,0.000129511652380114
2.85082365106493,0.000129260306242642
2.85441410906375,0.000129009843834809
2.85800456706257,0.000128760315864855
2.8615950250614,0.000128511677274498
2.86518548306022,0.000128263968822635
2.86877594105904,0.00012801714276265
2.87236639905786,0.000127771167379949
2.87595685705669,0.000127526154714178
2.87954731505551,0.000127281868778386
2.88313777305433,0.000127038551643346
2.88672823105315,0.000126796012900743
2.89031868905198,0.000126554310880795
2.8939091470508,0.000126313406010812
2.89749960504962,0.000126073350068546
2.90109006304844,0.00012583402744568
2.90468052104727,0.000125595469020826
2.90827097904609,0.00012535764674562
2.91186143704491,0.000125120625860319
2.91545189504373,0.000124883939576426
2.91904235304255,0.000124649096598049
2.92263281104138,0.000124413423521979
2.9262232690402,0.000124178826410381
2.92981372703902,0.000123944778110898
2.93340418503784,0.000123711231159688
2.93699464303667,0.000123478081722905
2.94058510103549,0.000123245276517387
2.94417555903431,0.000123012667732558
2.94776601703313,0.000122780133315723
2.95135647503196,0.000122547564736134
2.95494693303078,0.000122314985825821
2.9585373910296,0.00012208499155291
2.96212784902842,0.000121845463917023
2.96571830702724,0.000121609563344898
2.96930876502607,0.000121370939817164
2.97289922302489,0.000121128424969739
2.97648968102371,0.000120879966272827
2.98008013902253,0.000120621932205389
2.98367059702136,0.000120347473721742
2.98726105502018,0.000120042125529127
2.990851513019,0.000119668526702992
2.99444197101782,0.000119093479912657
2.99803242901665,0.000117219776900201
