freqs,specs
-2.99803242901665,6.67691045464972e-05
-2.99444197101782,6.75063937486904e-05
-2.990851513019,6.77153520230706e-05
-2.98726105502018,6.78429345851816e-05
-2.98367059702136,6.79429225300954e-05
-2.98008013902253,6.80302843275223e-05
-2.97648968102371,6.81108615167119e-05
-2.97289922302489,6.81873860125881e-05
-2.96930876502607,6.82612634004315e-05
-2.96571830702724,6.83332274339561e-05
-2.96212784902842,6.8403154499814e-05
-2.9585373910296,6.84940939792797e-05
-2.95494693303078,6.85473126178888e-05
-2.95135647503196,6.86156863077364e-05
-2.94776601703313,6.86842956141288e-05
-2.94417555903431,6.87528166178441e-05
-2.94058510103549,6.88212372593951e-05
-2.93699464303667,6.88895683048836e-05
-2.93340418503784,6.89578407978568e-05
-2.92981372703902,6.90260729945062e-05
-2.9262232690402,6.90942998738592e-05
-2.92263281104138,6.9162501151332e-05
-2.91904235304255,6.92304131641755e-05
-2.91545189504373,6.92994584141071e-05
-2.91186143704491,6.93676990317651e-05
-2.90827097904609,6.94361091704262e-05
-2.90468052104727,6.95046305411574e-05
-2.90109006304844,6.9573163794805e-05
-2.89749960504962,6.96418562036977e-05
-2.8939091470508,6.97106295851719e-05
-2.89031868905198,6.97795130731343e-05
-2.88672823105315,6.98484764014536e-05
-2.88313777305433,6.99175608823274e-05
-2.87954731505551,6.99867462239639e-05
-2.87595685705669,7.0056132513868e-05
-2.87236639905786,7.01255147537156e-05
-2.86877594105904,7.01950577759236e-05
-2.86518548306022,7.02647263859166e-05
-2.8615950250614,7.0334517116327e-05
-2.85800456706257,7.04044403247753e-05
-2.85441410906375,7.04744928846594e-05
-2.85082365106493,7.0544675424657e-05
-2.84723319306611,7.06149875769098e-05
-2.84364273506729,7.06854342489974e-05
-2.84005227706846,7.07560134454434e-05
-2.83646181906964,7.08267203608026e-05
-2.83287136107082,7.08976069007512e-05
-2.829280903072,7.09686019991706e-05
-2.82569044507317,7.10397401189208e-05
-2.82209998707435,7.11110221672334e-05
-2.81850952907553,7.11824445764077e-05
-2.81491907107671,7.12540131848765e-05
-2.81132861307788,7.13257282822536e-05
-2.80773815507906,7.13975809309947e-05
-2.80414769708024,7.14695944215776e-05
-2.80055723908142,7.15417501196424e-05
-2.7969667810826,7.16140527330911e-05
-2.79337632308377,7.16865098636946e-05
-2.78978586508495,7.17591132943507e-05
-2.78619540708613,7.18318688469616e-05
-2.78260494908731,7.19047846764614e-05
-2.77901449108848,7.19778459179151e-05
-2.77542403308966,7.20510619665604e-05
-2.77183357509084,7.21244330444438e-05
-2.76824311709202,7.21979662586588e-05
-2.76465265909319,7.22716436022363e-05
-2.76106220109437,7.23454899953239e-05
-2.75747174309555,7.24194961295517e-05
-2.75388128509673,7.24938612516722e-05
-2.7502908270979,7.25679482092012e-05
-2.74670036909908,7.2642435064527e-05
-2.74310991110026,7.27170791342055e-05
-2.73951945310144,7.27919122331668e-05
-2.73592899510262,7.28668328630431e-05
-2.73233853710379,7.2941966088785e-05
-2.72874807910497,7.30172595558555e-05
-2.72515762110615,7.30927178450739e-05
-2.72156716310733,7.31683394067814e-05
-2.7179767051085,7.3244125678073e-05
-2.71438624710968,7.33200742145008e-05
-2.71079578911086,7.33962198939114e-05
-2.70720533111204,7.34725044019835e-05
-2.70361487311321,7.35489633779365e-05
-2.70002441511439,7.36255933089245e-05
-2.69643395711557,7.37023951304439e-05
-2.69284349911675,7.37793670942375e-05
-2.68925304111792,7.38565132008987e-05
-2.6856625831191,7.39338264668843e-05
-2.68207212512028,7.4011305905322e-05
-2.67848166712146,7.40889783653763e-05
-2.67489120912264,7.41668143535598e-05
-2.67130075112381,7.42449390271222e-05
-2.66771029312499,7.43230408707109e-05
-2.66411983512617,7.44014050670658e-05
-2.66052937712735,7.44799508765667e-05
-2.65693891912852,7.45586440219722e-05
-2.6533484611297,7.46375847769869e-05
-2.64975800313088,7.47166695714302e-05
-2.64616754513206,7.47959403706324e-05
-2.64257708713324,7.48753815557366e-05
-2.63898662913441,7.49550125094635e-05
-2.63539617113559,7.50348292528738e-05
-2.63180571313677,7.5114841321731e-05
-2.62821525513795,7.51949880527243e-05
-2.62462479713912,7.52753657816125e-05
-2.6210343391403,7.53559199210887e-05
-2.61744388114148,7.54366783615765e-05
-2.61385342314266,7.55175783123968e-05
-2.61026296514383,7.55987016286427e-05
-2.60667250714501,7.56800087764307e-05
-2.60308204914619,7.57615070917048e-05
-2.59949159114737,7.58431943780746e-05
-2.59590113314854,7.5925071823329e-05
-2.59231067514972,7.60071430655055e-05
-2.5887202171509,7.60894064624282e-05
-2.58512975915208,7.61718650698415e-05
-2.58153930115326,7.62545182407703e-05
-2.57794884315443,7.63373658452927e-05
-2.57435838515561,7.64204137508984e-05
-2.57076792715679,7.65036528761306e-05
-2.56717746915797,7.65870942075359e-05
-2.56358701115914,7.66707455448358e-05
-2.55999655316032,7.67545723836716e-05
-2.5564060951615,7.68386103615015e-05
-2.55281563716268,7.69228499727518e-05
-2.54922517916385,7.70072799615129e-05
-2.54563472116503,7.70919499477596e-05
-2.54204426316621,7.71767972586166e-05
-2.53845380516739,7.72618515342849e-05
-2.53486334716857,7.73471039575042e-05
-2.53127288916974,7.74325922432715e-05
-2.52768243117092,7.75182651948531e-05
-2.5240919731721,7.76041518570601e-05
-2.52050151517328,7.76902391149311e-05
-2.51691105717445,7.77765373029031e-05
-2.51332059917563,7.78630589751241e-05
-2.50973014117681,7.79497942948763e-05
-2.50613968317799,7.80367044738158e-05
-2.50254922517916,7.81238735952218e-05
-2.49895876718034,7.8211243693914e-05
-2.49536830918152,7.82988290151108e-05
-2.4917778511827,7.83866353000438e-05
-2.48818739318387,7.84746537431659e-05
-2.48459693518505,7.85628921673528e-05
-2.48100647718623,7.86513503175642e-05
-2.47741601918741,7.87400276680602e-05
-2.47382556118859,7.882892682931e-05
-2.47023510318976,7.89180496393956e-05
-2.46664464519094,7.90073851389012e-05
-2.46305418719212,7.90969644225681e-05
-2.4594637291933,7.91867660551098e-05
-2.45587327119447,7.92767912806147e-05
-2.45228281319565,7.93670898032221e-05
-2.44869235519683,7.9457496406431e-05
-2.44510189719801,7.95482102673623e-05
-2.44151143919918,7.96391516895527e-05
-2.43792098120036,7.97303231366737e-05
-2.43433052320154,7.98217244919325e-05
-2.43074006520272,7.99133578069374e-05
-2.4271496072039,8.00052143289071e-05
-2.42355914920507,8.00973701591615e-05
-2.41996869120625,8.01896968391245e-05
-2.41637823320743,8.02822764539074e-05
-2.41278777520861,8.03750951069007e-05
-2.40919731720978,8.04681530026443e-05
-2.40560685921096,8.05614584887443e-05
-2.40201640121214,8.06550021120585e-05
-2.39842594321332,8.07488044472626e-05
-2.39483548521449,8.0842819872243e-05
-2.39124502721567,8.09371031578931e-05
-2.38765456921685,8.10316307535325e-05
-2.38406411121803,8.11263966285064e-05
-2.38047365321921,8.12214280254506e-05
-2.37688319522038,8.13167028759416e-05
-2.37329273722156,8.141222992346e-05
-2.36970227922274,8.15080418830429e-05
-2.36611182122392,8.16040368532818e-05
-2.36252136322509,8.17003270045267e-05
-2.35893090522627,8.17968704195544e-05
-2.35534044722745,8.18936749262257e-05
-2.35174998922863,8.19907380499081e-05
-2.3481595312298,8.20880669855949e-05
-2.34456907323098,8.21856930410004e-05
-2.34097861523216,8.22834356604891e-05
-2.33738815723334,8.23815662443091e-05
-2.33379769923451,8.24799404511807e-05
-2.33020724123569,8.25785588697307e-05
-2.32661678323687,8.267755014357e-05
-2.32302632523805,8.27767018211802e-05
-2.31943586723923,8.28761460982845e-05
-2.3158454092404,8.297586463911e-05
-2.31225495124158,8.30758548342037e-05
-2.30866449324276,8.31761231112751e-05
-2.30507403524394,8.32766662234637e-05
-2.30148357724511,8.33774933240994e-05
-2.29789311924629,8.34785875014927e-05
-2.29430266124747,8.35799711942607e-05
-2.29071220324865,8.36816381296476e-05
-2.28712174524982,8.37833501039247e-05
-2.283531287251,8.38857803326026e-05
-2.27994082925218,8.39882986471763e-05
-2.27635037125336,8.40911033849013e-05
-2.27275991325454,8.41941942822572e-05
-2.26916945525571,8.42975719192921e-05
-2.26557899725689,8.44012428099403e-05
-2.26198853925807,8.45052083627525e-05
-2.25839808125925,8.46094634843142e-05
-2.25480762326042,8.47140186234425e-05
-2.2512171652616,8.48188730654011e-05
-2.24762670726278,8.49240492861943e-05
-2.24403624926396,8.50294375452703e-05
-2.24044579126513,8.5135207277902e-05
-2.23685533326631,8.52412640640705e-05
-2.23326487526749,8.53476310982127e-05
-2.22967441726867,8.5454283350134e-05
-2.22608395926984,8.55612606395493e-05
-2.22249350127102,8.56685453850763e-05
-2.2189030432722,8.57761487492092e-05
-2.21531258527338,8.58840472801978e-05
-2.21172212727456,8.59922601566991e-05
-2.20813166927573,8.61007622950373e-05
-2.20454121127691,8.62099555758099e-05
-2.20095075327809,8.63189090662525e-05
-2.19736029527927,8.64283876095015e-05
-2.19376983728044,8.65382027457158e-05
-2.19017937928162,8.6648342086016e-05
-2.1865889212828,8.67588110605148e-05
-2.18299846328398,8.68696074719446e-05
-2.17940800528515,8.6980762036929e-05
-2.17581754728633,8.70921708232372e-05
-2.17222708928751,8.72039590234846e-05
-2.16863663128869,8.73160576241469e-05
-2.16504617328986,8.7428231717843e-05
-2.16145571529104,8.75414989049093e-05
-2.15786525729222,8.76545778749744e-05
-2.1542747992934,8.7768043723726e-05
-2.15068434129458,8.78818627997249e-05
-2.14709388329575,8.79960317317875e-05
-2.14350342529693,8.81105511975591e-05
-2.13991296729811,8.82254257038202e-05
-2.13632250929929,8.83406602131423e-05
-2.13273205130046,8.8456275955747e-05
-2.12914159330164,8.85723258774229e-05
-2.12555113530282,8.86891918699282e-05
-2.121960677304,8.88026871229941e-05
-2.11837021930517,8.89211948414394e-05
-2.11477976130635,8.903871975462e-05
-2.11118930330753,8.91564719170958e-05
-2.10759884530871,8.92745242989426e-05
-2.10400838730989,8.93929261448353e-05
-2.10041792931106,8.95116703135356e-05
-2.09682747131224,8.96307635074264e-05
-2.09323701331342,8.97502059050953e-05
-2.0896465553146,8.98700006598788e-05
-2.08605609731577,8.99901524961864e-05
-2.08246563931695,9.01110003769019e-05
-2.07887518131813,9.02313738698805e-05
-2.07528472331931,9.03525578671743e-05
-2.07169426532048,9.04740526612534e-05
-2.06810380732166,9.05958562263242e-05
-2.06451334932284,9.07179937468885e-05
-2.06092289132402,9.08404111981081e-05
-2.05733243332519,9.09631164560831e-05
-2.05374197532637,9.10860561846603e-05
-2.05015151732755,9.1209229466309e-05
-2.04656105932873,9.13325812845231e-05
-2.04297060132991,9.14560220780547e-05
-2.03938014333108,9.15796918655981e-05
-2.03578968533226,9.17031094085851e-05
-2.03219922733344,9.1826342224287e-05
-2.02860876933462,9.19491103462671e-05
-2.02501831133579,9.20710290564153e-05
-2.02142785333697,9.21914431147873e-05
-2.01783739533815,9.23091854937696e-05
-2.01424693733933,9.24219123795254e-05
-2.01065647934051,9.25240919767189e-05
-2.00706602134168,9.25989883399823e-05
-2.00347556334286,9.25607767833709e-05
-1.99988510534404,0.000103544688373748
-1.99629464734522,9.34674204890536e-05
-1.99270418934639,9.34453828812002e-05
-1.98911373134757,9.35253394652928e-05
-1.98552327334875,9.36317266882546e-05
-1.98193281534993,9.3749089396345e-05
-1.9783423573511,9.38722030908077e-05
-1.97475189935228,9.39988450803156e-05
-1.97116144135346,9.41278934410406e-05
-1.96757098335464,9.42588089056082e-05
-1.96398052535581,9.43914072572138e-05
-1.96039006735699,9.45277769173408e-05
-1.95679960935817,9.46545496216739e-05
-1.95320915135935,9.47915004235791e-05
-1.94961869336053,9.49278056523475e-05
-1.9460282353617,9.50646143910038e-05
-1.94243777736288,9.52020524912793e-05
-1.93884731936406,9.53401260721682e-05
-1.93525686136524,9.54788365476689e-05
-1.93166640336641,9.56181720621716e-05
-1.92807594536759,9.57581242664778e-05
-1.92448548736877,9.58987025007828e-05
-1.92089502936995,9.60399176220514e-05
-1.91730457137112,9.61811317339372e-05
-1.9137141133723,9.63239021995371e-05
-1.91012365537348,9.64669014178221e-05
-1.90653319737466,9.66104786733133e-05
-1.90294273937583,9.67546111708554e-05
-1.89935228137701,9.68994121875969e-05
-1.89576182337819,9.70447776573472e-05
-1.89217136537937,9.71907553879608e-05
-1.88858090738055,9.73373104544324e-05
-1.88499044938172,9.74844631935362e-05
-1.8813999913829,9.76322002678884e-05
-1.87780953338408,9.77800970259899e-05
-1.87421907538526,9.79300200476667e-05
-1.87062861738643,9.8079530435394e-05
-1.86703815938761,9.82297704116408e-05
-1.86344770138879,9.83806605975854e-05
-1.85985724338997,9.85321938067897e-05
-1.85626678539114,9.86843713362536e-05
-1.85267632739232,9.88371947771909e-05
-1.8490858693935,9.89906685584142e-05
-1.84549541139468,9.91448207828367e-05
-1.84190495339586,9.92996295126157e-05
-1.83831449539703,9.94551914045053e-05
-1.83472403739821,9.96106984376471e-05
-1.83113357939939,9.97678293738725e-05
-1.82754312140057,9.99253543794106e-05
-1.82395266340174,0.000100083540014759
-1.82036220540292,0.00010024241021017
-1.8167717474041,0.000100401982081091
-1.81318128940528,0.000100562257266103
-1.80959083140645,0.000100723245753577
-1.80600037340763,0.000100884944970559
-1.80240991540881,0.00010104738163674
-1.79881945740999,0.000101210544546729
-1.79522899941117,0.000101374440386146
-1.79163854141234,0.000101539105421089
-1.78804808341352,0.000101704513039066
-1.7844576254147,0.000101870685631661
-1.78086716741588,0.00010203762178147
-1.77727670941705,0.00010220532533543
-1.77368625141823,0.000102373825696809
-1.77009579341941,0.000102543115014765
-1.76650533542059,0.000102713219460713
-1.76291487742176,0.000102884108665204
-1.75932441942294,0.000103055822456366
-1.75573396142412,0.000103228333819046
-1.7521435034253,0.000103401838687274
-1.74855304542647,0.000103576012433945
-1.74496258742765,0.000103751080326983
-1.74137212942883,0.000103927014803925
-1.73778167143001,0.00010410380572819
-1.73419121343119,0.000104281506316209
-1.73060075543236,0.000104460088312003
-1.72701029743354,0.000104639556217812
-1.72341983943472,0.000104819958441718
-1.7198293814359,0.000105001263894752
-1.71623892343707,0.000105183505955166
-1.71264846543825,0.000105366707485257
-1.70905800743943,0.000105550823447298
-1.70546754944061,0.000105735922629861
-1.70187709144178,0.000105921996057401
-1.69828663344296,0.000106109051434422
-1.69469617544414,0.000106297115503584
-1.69110571744532,0.000106486185076744
-1.6875152594465,0.000106676279947179
-1.68392480144767,0.000106867391930103
-1.68033434344885,0.000107059585322607
-1.67674388545003,0.000107252828667512
-1.67315342745121,0.000107447210200847
-1.66956296945238,0.000107642410217091
-1.66597251145356,0.000107838957735242
-1.66238205345474,0.000108036580586502
-1.65879159545592,0.000108235326958488
-1.65520113745709,0.000108435201661009
-1.65161067945827,0.000108636247902446
-1.64802022145945,0.000108838462434925
-1.64442976346063,0.000109041888930099
-1.6408393054618,0.000109246485380744
-1.63724884746298,0.000109452318924616
-1.63365838946416,0.00010965938691642
-1.63006793146534,0.000109867761064671
-1.62647747346652,0.000110077329303318
-1.62288701546769,0.000110288217603077
-1.61929655746887,0.000110500421274032
-1.61570609947005,0.000110713879270173
-1.61211564147123,0.000110928816322866
-1.6085251834724,0.000111145059254894
-1.60493472547358,0.000111362677609768
-1.60134426747476,0.000111581725080766
-1.59775380947594,0.000111802184566101
-1.59416335147711,0.000112024093720035
-1.59057289347829,0.000112247471703198
-1.58698243547947,0.000112472349653739
-1.58339197748065,0.00011269873770809
-1.57980151948183,0.000112926665224448
-1.576211061483,0.000113156161181109
-1.57262060348418,0.00011338722899157
-1.56903014548536,0.000113619925212522
-1.56543968748654,0.000113854262735339
-1.56184922948771,0.000114090226333601
-1.55825877148889,0.000114327929008707
-1.55466831349007,0.000114567338517118
-1.55107785549125,0.000114808496486893
-1.54748739749242,0.000115051439786122
-1.5438969394936,0.000115296178605879
-1.54030648149478,0.00011554276008318
-1.53671602349596,0.00011579121265835
-1.53312556549713,0.000116041571558772
-1.52953510749831,0.000116293863452907
-1.52594464949949,0.000116548125835164
-1.52235419150067,0.000116804405325437
-1.51876373350185,0.000117062706133444
-1.51517327550302,0.00011732309836985
-1.5115828175042,0.000117585602313371
-1.50799235950538,0.000117850224497893
-1.50440190150656,0.000118117153828531
-1.50081144350773,0.000118386250927802
-1.49722098550891,0.000118657636967636
-1.49363052751009,0.000118931352521777
-1.49004006951127,0.000119207420031166
-1.48644961151244,0.000119485923322525
-1.48285915351362,0.000119766886594439
-1.4792686955148,0.000120050374642675
-1.47567823751598,0.000120336422150603
-1.47208777951716,0.000120625086788125
-1.46849732151833,0.000120916421648281
-1.46490686351951,0.000121210508636203
-1.46131640552069,0.000121507362750464
-1.45772594752187,0.000121807063331415
-1.45413548952304,0.00012210968698756
-1.45054503152422,0.000122415167128286
-1.4469545735254,0.000122723832559891
-1.44336411552658,0.000123035558707466
-1.43977365752775,0.000123350445728345
-1.43618319952893,0.000123668579160622
-1.43259274153011,0.000123990036360551
-1.42900228353129,0.000124314886522855
-1.42541182553247,0.000124643217732195
-1.42182136753364,0.000124975093267722
-1.41823090953482,0.000125310619015135
-1.414640451536,0.00012564987621135
-1.41104999353718,0.000125992955812316
-1.40745953553835,0.000126339950031239
-1.40386907753953,0.000126690956978934
-1.40027861954071,0.000127046087459172
-1.39668816154189,0.000127405412608961
-1.39309770354306,0.000127769108951154
-1.38950724554424,0.000128137228324627
-1.38591678754542,0.000128509908290278
-1.3823263295466,0.000128887279789356
-1.37873587154777,0.000129269453014504
-1.37514541354895,0.000129656570847143
-1.37155495555013,0.000130048773714544
-1.36796449755131,0.000130446161957288
-1.36437403955249,0.000130848958788731
-1.36078358155366,0.000131257267452691
-1.35719312355484,0.000131671260843971
-1.35360266555602,0.000132091100309705
-1.3500122075572,0.000132516967795371
-1.34642174955837,0.000132949041728623
-1.34283129155955,0.000133387439769613
-1.33924083356073,0.00013383256174355
-1.33565037556191,0.000134284417565311
-1.33205991756308,0.000134743290461287
-1.32846945956426,0.000135209397233861
-1.32487900156544,0.000135682980338476
-1.32128854356662,0.000136164284225298
-1.3176980855678,0.000136653562934963
-1.31410762756897,0.000137151089719028
-1.31051716957015,0.000137657139773566
-1.30692671157133,0.00013817201545951
-1.30333625357251,0.000138696024387722
-1.29974579557368,0.000139229489144337
-1.29615533757486,0.000139772751953743
-1.29256487957604,0.000140326157978999
-1.28897442157722,0.000140889993394287
-1.28538396357839,0.000141465238861222
-1.28179350557957,0.000142051389418687
-1.27820304758075,0.000142649412321833
-1.27461258958193,0.000143259689691095
-1.2710221315831,0.000143882717723192
-1.26743167358428,0.000144519007843166
-1.26384121558546,0.000145169099264335
-1.26025075758664,0.000145833562929487
-1.25666029958782,0.000146513018452994
-1.25306984158899,0.000147208100559563
-1.24947938359017,0.000147919497629639
-1.24588892559135,0.00014864783947068
-1.24229846759253,0.000149394131144193
-1.2387080095937,0.000150158974083268
-1.23511755159488,0.000150943298002091
-1.23152709359606,0.00015174802340104
-1.22793663559724,0.000152574133481964
-1.22434617759841,0.000153422672513084
-1.22075571959959,0.00015429474733198
-1.21716526160077,0.000155191573211841
-1.21357480360195,0.000156114400157306
-1.20998434560313,0.000157064597314531
-1.2063938876043,0.000158043580310215
-1.20280342960548,0.00015905314013137
-1.19921297160666,0.00016009465349849
-1.19562251360784,0.000161170083379211
-1.19203205560901,0.000162281362844653
-1.18844159761019,0.000163430599242379
-1.18485113961137,0.00016462006435976
-1.18126068161255,0.000165852213999747
-1.17767022361372,0.000167129693312615
-1.1740797656149,0.00016845542596935
-1.17048930761608,0.000169832507295426
-1.16689884961726,0.000171264348102258
-1.16330839161844,0.000172754891294102
-1.15971793361961,0.000174307720665118
-1.15612747562079,0.000175927655140365
-1.15253701762197,0.000177619485111409
-1.14894655962315,0.000179388560937756
-1.14535610162432,0.000181240786081105
-1.1417656436255,0.000183182671308436
-1.13817518562668,0.000185221418811383
-1.13458472762786,0.000187365015850587
-1.13099426962903,0.000189622339326668
-1.12740381163021,0.000192003247084236
-1.12381335363139,0.000194517664859685
-1.12022289563257,0.000197182543725512
-1.11663243763374,0.000200006448309845
-1.11304197963492,0.000203007472293428
-1.1094515216361,0.000206203420759133
-1.10586106363728,0.00020961465496257
-1.10227060563846,0.000213264498194444
-1.09868014763963,0.000217179677467237
-1.09508968964081,0.000221391079008648
-1.09149923164199,0.00022593440725848
-1.08790877364317,0.000230851385273008
-1.08431831564434,0.000236190902118078
-1.08072785764552,0.000242010442364967
-1.0771373996467,0.00024837889409423
-1.07354694164788,0.000255378063858495
-1.06995648364905,0.000263107047910624
-1.06636602565023,0.000271686553778172
-1.06277556765141,0.000281265007608801
-1.05918510965259,0.000292027240965084
-1.05559465165377,0.000304206012940878
-1.05200419365494,0.000318098844845718
-1.04841373565612,0.000334091748838395
-1.0448232776573,0.000352695006034871
-1.04123281965848,0.000374596209852798
-1.03764236165965,0.000400750593878306
-1.03405190366083,0.00043250915370857
-1.03046144566201,0.000471867064700305
-1.02687098766319,0.000521885256401872
-1.02328052966436,0.000587514493217934
-1.01969007166554,0.000677318398689668
-1.01609961366672,0.000807501729645247
-1.0125091556679,0.00101287471478356
-1.00891869766907,0.00138429446048887
-1.00532823967025,0.00225742073802659
-1.00173778167143,0.00673829834349392
-0.998147323672608,0.00617513334678817
-0.994556865673785,0.00204690155877213
-0.990966407674963,0.00120228573875242
-0.987375949676141,0.000839134466502038
-0.983785491677318,0.000637632641725123
-0.980195033678496,0.000509913980710565
-0.976604575679674,0.000422058984738733
-0.973014117680852,0.000358203457583812
-0.969423659682029,0.000309936368446152
-0.965833201683207,0.000272382827751349
-0.962242743684384,0.000242522055190768
-0.958652285685562,0.000218377089057652
-0.95506182768674,0.000198615656907365
-0.951471369687917,0.000182278394705606
-0.947880911689095,0.000168678365536828
-0.944290453690273,0.000157300007081859
-0.940699995691451,0.000147749021112418
-0.937109537692628,0.000139717341928422
-0.933519079693806,0.00013295979406365
-0.929928621694984,0.000127277980869728
-0.926338163696161,0.000122509040663887
-0.922747705697339,0.000118517679898308
-0.919157247698516,0.0001151904319397
-0.915566789699694,0.000112431343912036
-0.911976331700872,0.000110158949622863
-0.90838587370205,0.000108303661257732
-0.904795415703227,0.00010680596223015
-0.901204957704405,0.000105614854012559
-0.897614499705583,0.000104686550354416
-0.89402404170676,0.000103983512876103
-0.890433583707938,0.000103473453044517
-0.886843125709115,0.000103128788809685
-0.883252667710293,0.000102925717292832
-0.879662209711471,0.000102843936130444
-0.876071751712649,0.000102864496836934
-0.872481293713826,0.000102975704423534
-0.868890835715004,0.000103161970787681
-0.865300377716182,0.000103412875367002
-0.861709919717359,0.000103718926895706
-0.858119461718537,0.000104071961275354
-0.854529003719715,0.000104464941001062
-0.850938545720892,0.000104891817863308
-0.84734808772207,0.000105347384354703
-0.843757629723248,0.000105827146156263
-0.840167171724425,0.000106327218811801
-0.836576713725603,0.00010684373170806
-0.832986255726781,0.000107376049237883
-0.829395797727958,0.000107918921663852
-0.825805339729136,0.000108471439211942
-0.822214881730314,0.000109031694988129
-0.818624423731491,0.000109598094139084
-0.815033965732669,0.000110169273936956
-0.811443507733847,0.000110744062008592
-0.807853049735024,0.000111321447356694
-0.804262591736202,0.000111900571381284
-0.80067213373738,0.00011248068536023
-0.797081675738557,0.000113061150369656
-0.793491217739735,0.000113641526425612
-0.789900759740913,0.000114221159128499
-0.78631030174209,0.000114799789421217
-0.782719843743268,0.00011537706478517
-0.779129385744446,0.000115952746040691
-0.775538927745623,0.000116526533201513
-0.771948469746801,0.000117098288276067
-0.768358011747979,0.000117667840195443
-0.764767553749156,0.000118235057659946
-0.761177095750334,0.00011879981703376
-0.757586637751512,0.000119362041048531
-0.753996179752689,0.000119922022741026
-0.750405721753867,0.000120479607732565
-0.746815263755045,0.000121034360925688
-0.743224805756222,0.000121586465045029
-0.7396343477574,0.000122135923870896
-0.736043889758578,0.000122682660575065
-0.732453431759755,0.000123226210920436
-0.728862973760933,0.000123765364613376
-0.725272515762111,0.000124305569826721
-0.721682057763288,0.000124844391742324
-0.718091599764466,0.000125379742347372
-0.714501141765644,0.000125912411164303
-0.710910683766821,0.000126442566554934
-0.707320225767999,0.000126970560970871
-0.703729767769177,0.000127496349135795
-0.700139309770354,0.0001280200271333
-0.696548851771532,0.000128541659546031
-0.69295839377271,0.000129061327490172
-0.689367935773887,0.000129579090958615
-0.685777477775065,0.000130095021948948
-0.682187019776243,0.000130609179536852
-0.67859656177742,0.00013112162918193
-0.675006103778598,0.000131632448251149
-0.671415645779776,0.000132141448667319
-0.667825187780953,0.000132649403444216
-0.664234729782131,0.00013315570038035
-0.660644271783309,0.000133660615004771
-0.657053813784486,0.000134164209957608
-0.653463355785664,0.000134666566239957
-0.649872897786842,0.000135167727028698
-0.646282439788019,0.000135667756863906
-0.642691981789197,0.000136166735401954
-0.639101523790375,0.0001366646961355
-0.635511065791552,0.00013716171358646
-0.63192060779273,0.000137657843030153
-0.628330149793908,0.000138153140281083
-0.624739691795085,0.000138647664446327
-0.621149233796263,0.000139141468994298
-0.617558775797441,0.000139634576203694
-0.613968317798618,0.000140127238977656
-0.610377859799796,0.000140619190940866
-0.606787401800974,0.000141110674312397
-0.603196943802151,0.000141601705109765
-0.599606485803329,0.000142092350564864
-0.596016027804507,0.000142582646640541
-0.592425569805685,0.000143072645631605
-0.588835111806862,0.000143562397938813
-0.58524465380804,0.000144051946200563
-0.581654195809218,0.000144541343810255
-0.578063737810395,0.000145030635412761
-0.574473279811573,0.000145519861833686
-0.57088282181275,0.000146009082500169
-0.567292363813928,0.00014649832712778
-0.563701905815106,0.0001469876454429
-0.560111447816284,0.00014747709582618
-0.556520989817461,0.00014796668011647
-0.552930531818639,0.000148456479507586
-0.549340073819817,0.000148946520995139
-0.545749615820994,0.00014943684313402
-0.542159157822172,0.000149927495245427
-0.53856869982335,0.000150418511190024
-0.534978241824527,0.000150909936006176
-0.531387783825705,0.000151401789202435
-0.527797325826883,0.000151894135963
-0.52420686782806,0.000152386998365072
-0.520616409829238,0.0001528804290532
-0.517025951830416,0.000153374440126205
-0.513435493831593,0.00015386908342502
-0.509845035832771,0.000154364391225546
-0.506254577833949,0.000154860438604087
-0.502664119835126,0.000155357179282365
-0.499073661836304,0.000155854708323687
-0.495483203837482,0.000156353043740065
-0.491892745838659,0.000156852184729708
-0.488302287839837,0.000157352268198359
-0.484711829841015,0.000157853239294363
-0.481121371842192,0.000158355145077515
-0.47753091384337,0.000158858043929877
-0.473940455844548,0.000159361944406184
-0.470349997845725,0.000159866888887316
-0.466759539846903,0.00016037290892383
-0.463169081848081,0.000160880035241381
-0.459578623849258,0.000161388303411894
-0.455988165850436,0.000161897742257535
-0.452397707851614,0.000162408351829497
-0.448807249852791,0.000162920288363581
-0.445216791853969,0.000163433426241675
-0.441626333855147,0.00016394786865017
-0.438035875856324,0.00016446363424102
-0.434445417857502,0.000164980765134237
-0.43085495985868,0.000165499284483145
-0.427264501859857,0.000166019215226819
-0.423674043861035,0.000166540647223438
-0.420083585862213,0.00016706350504012
-0.41649312786339,0.000167587886162484
-0.412902669864568,0.000168113809578614
-0.409312211865746,0.000168641317007143
-0.405721753866923,0.000169170411066896
-0.402131295868101,0.00016970113829463
-0.398540837869279,0.000170233532757157
-0.394950379870456,0.000170767632811407
-0.391359921871634,0.000171303421493334
-0.387769463872812,0.000171840972600345
-0.384179005873989,0.000172380296967407
-0.380588547875167,0.000172921446934743
-0.376998089876345,0.00017346443030247
-0.373407631877522,0.000174009279811387
-0.3698171738787,0.000174556016794039
-0.366226715879878,0.000175104707766535
-0.362636257881055,0.000175655343967113
-0.359045799882233,0.000176207963710906
-0.355455341883411,0.000176762607809413
-0.351864883884588,0.000177319297159541
-0.348274425885766,0.000177878059144391
-0.344683967886944,0.000178438917175721
-0.341093509888121,0.000179001971114659
-0.337503051889299,0.000179567135404048
-0.333912593890477,0.000180134518526424
-0.330322135891654,0.00018070416497323
-0.326731677892832,0.00018127585323772
-0.32314121989401,0.00018185005806273
-0.319550761895187,0.000182426533704143
-0.315960303896365,0.000183005350760284
-0.312369845897543,0.000183586543638976
-0.30877938789872,0.000184170147719609
-0.305188929899898,0.000184756192847046
-0.301598471901076,0.000185344704342936
-0.298008013902253,0.000185935728097435
-0.294417555903431,0.000186529282020394
-0.290827097904609,0.000187125403926432
-0.287236639905786,0.000187724162325756
-0.283646181906964,0.00018832547716206
-0.280055723908142,0.000188929485521535
-0.276465265909319,0.000189536183880986
-0.272874807910497,0.000190145633770185
-0.269284349911675,0.000190757846484447
-0.265693891912852,0.000191372830343077
-0.26210343391403,0.000191990640963292
-0.258512975915208,0.000192611311914218
-0.254922517916385,0.00019323487957492
-0.251332059917563,0.000193861381067309
-0.247741601918741,0.000194490917539679
-0.244151143919918,0.00019512314996067
-0.240560685921096,0.000195758669897958
-0.236970227922274,0.000196397211981171
-0.233379769923451,0.000197038841477917
-0.229789311924629,0.000197683625237794
-0.226198853925807,0.000198331551296798
-0.222608395926984,0.000198982682948245
-0.219017937928162,0.000199637069775925
-0.21542747992934,0.000200294714056924
-0.211837021930517,0.000200955671233651
-0.208246563931695,0.000201619953654691
-0.204656105932873,0.0002022880359588
-0.20106564793405,0.00020295889640954
-0.197475189935228,0.000203633469387257
-0.193884731936406,0.000204311558471051
-0.190294273937583,0.000204993183231547
-0.186703815938761,0.000205678390953168
-0.183113357939939,0.000206367217089088
-0.179522899941117,0.000207059698979778
-0.175932441942294,0.00020775588000177
-0.172341983943472,0.000208455772021618
-0.16875152594465,0.000209159408880761
-0.165161067945827,0.000209866326345866
-0.161570609947005,0.000210578767756779
-0.157980151948183,0.000211293903849129
-0.15438969394936,0.000212013104325912
-0.150799235950538,0.00021273631784075
-0.147208777951716,0.000213463574278015
-0.143618319952893,0.00021419491242854
-0.140027861954071,0.000214930377828051
-0.136437403955249,0.000215670016797107
-0.132846945956426,0.000216413877174359
-0.129256487957604,0.000217162022744719
-0.125666029958782,0.000217914625598927
-0.122075571959959,0.000218670223254546
-0.118485113961137,0.000219431982366078
-0.114894655962315,0.000220197655337235
-0.111304197963492,0.00022096776487481
-0.10771373996467,0.000221742419198015
-0.104123281965848,0.000222521650118597
-0.100532823967025,0.00022330552111698
-0.0969423659682029,0.000224094075156638
-0.0933519079693806,0.000224887408366445
-0.0897614499705583,0.000225685547085857
-0.0861709919717359,0.000226488629143422
-0.0825805339729136,0.000227298953547022
-0.0789900759740913,0.000228108463190191
-0.0753996179752689,0.000228926470002629
-0.0718091599764466,0.000229749372581227
-0.0682187019776243,0.000230577348151153
-0.0646282439788019,0.000231410458259653
-0.0610377859799796,0.000232248775867369
-0.0574473279811573,0.000233092321752038
-0.053856869982335,0.000233941206347123
-0.0502664119835126,0.000234795266856948
-0.0466759539846903,0.000235654321594034
-0.043085495985868,0.000236515849744363
-0.0394950379870456,0.000237401033073232
-0.0359045799882233,0.000238272140249312
-0.032314121989401,0.000239153551896212
-0.0287236639905786,0.00024004132228857
-0.0251332059917563,0.000240935125340353
-0.021542747992934,0.000241834921045706
-0.0179522899941117,0.000242740740236263
-0.0143618319952893,0.00024365262757305
-0.010771373996467,0.000244570653410799
-0.00718091599764466,0.000245494862323459
-0.00359045799882233,0.00024642533691624
0,3.85070830162001
0.00359045799882233,0.00024830535304144
0.00718091599764466,0.000249255037529748
0.010771373996467,0.000250211270828145
0.0143618319952893,0.000251174136251987
0.0179522899941117,0.000252143701375378
0.021542747992934,0.000253120062759527
0.0251332059917563,0.00025410330824177
0.0287236639905786,0.000255093549883924
0.032314121989401,0.000256090947561517
0.0359045799882233,0.000257095893460522
0.0394950379870456,0.000258111645840329
0.043085495985868,0.000259119032291254
0.0466759539846903,0.000260148060347688
0.0502664119835126,0.000261182102697581
0.053856869982335,0.000262223275723078
0.0574473279811573,0.000263271928128674
0.0610377859799796,0.000264328206501268
0.0646282439788019,0.000265392237274784
0.0682187019776243,0.000266464123057311
0.0718091599764466,0.000267543974247648
0.0753996179752689,0.000268631872935549
0.0789900759740913,0.000269727873704764
0.0825805339729136,0.000270833371590026
0.0861709919717359,0.000271945196449577
0.0897614499705583,0.00027306631832394
0.0933519079693806,0.000274196044855117
0.0969423659682029,0.000275334461099964
0.100532823967025,0.000276481651748309
0.104123281965848,0.000277637743410662
0.10771373996467,0.000278802823446969
0.111304197963492,0.000279977048284708
0.114894655962315,0.000281160463383396
0.118485113961137,0.000282353194654078
0.122075571959959,0.000283555014690263
0.125666029958782,0.000284767644567883
0.129256487957604,0.000285989034826915
0.132846945956426,0.00028722035468488
0.136437403955249,0.000288461646993523
0.140027861954071,0.00028971302003983
0.143618319952893,0.000290974602957463
0.147208777951716,0.000292246523313963
0.150799235950538,0.000293528913066708
0.15438969394936,0.000294821898156519
0.157980151948183,0.000296125594753943
0.161570609947005,0.000297440001274661
0.165161067945827,0.000298767294436231
0.16875152594465,0.000300103214730243
0.172341983943472,0.000301451288125943
0.175932441942294,0.00030281090216956
0.179522899941117,0.000304182159671536
0.183113357939939,0.000305565217776976
0.186703815938761,0.000306960217234596
0.190294273937583,0.000308367322322372
0.193884731936406,0.000309786692472833
0.197475189935228,0.000311218503169251
0.20106564793405,0.000312662910198726
0.204656105932873,0.000314120015330035
0.208246563931695,0.00031559028578606
0.211837021930517,0.000317073553810413
0.21542747992934,0.000318570148437546
0.219017937928162,0.000320080287389564
0.222608395926984,0.000321603995446209
0.226198853925807,0.000323141675026449
0.229789311924629,0.000324693423285383
0.233379769923451,0.000326259455255025
0.236970227922274,0.000327839964607968
0.240560685921096,0.000329435171820645
0.244151143919918,0.000331045304532589
0.247741601918741,0.000332670384331644
0.251332059917563,0.000334311003802972
0.254922517916385,0.000335967132705241
0.258512975915208,0.000337639044642318
0.26210343391403,0.0003393269729425
0.265693891912852,0.000341031162548634
0.269284349911675,0.000342751854568849
0.272874807910497,0.000344489287012681
0.276465265909319,0.00034624371589802
0.280055723908142,0.000348015399424021
0.283646181906964,0.000349804599789382
0.287236639905786,0.000351611573048104
0.290827097904609,0.000353436630247173
0.294417555903431,0.000355280002958736
0.298008013902253,0.00035714199135188
0.301598471901076,0.000359022886082656
0.305188929899898,0.000360922976029702
0.30877938789872,0.000362842568637273
0.312369845897543,0.000364781968646656
0.315960303896365,0.000366741484113093
0.319550761895187,0.000368721456752696
0.32314121989401,0.000370722183262509
0.326731677892832,0.000372743971524559
0.330322135891654,0.000374787402332838
0.333912593890477,0.000376852434262177
0.337503051889299,0.000378939652938687
0.341093509888121,0.000381049395006686
0.344683967886944,0.000383182020335065
0.348274425885766,0.000385337914001681
0.351864883884588,0.000387517461150626
0.355455341883411,0.000389721068459015
0.359045799882233,0.000391949116572779
0.362636257881055,0.000394202048686835
0.366226715879878,0.000396480277518596
0.3698171738787,0.000398784213797822
0.373407631877522,0.000401114365683083
0.376998089876345,0.000403471130346033
0.380588547875167,0.000405854989482749
0.384179005873989,0.000408266503177458
0.387769463872812,0.000410705900004558
0.391359921871634,0.000413173940840403
0.394950379870456,0.000415671044660488
0.398540837869279,0.000418197743240063
0.402131295868101,0.000420754556900949
0.405721753866923,0.000423342041205933
0.409312211865746,0.000425960759839675
0.412902669864568,0.000428611276059339
0.41649312786339,0.00043129419268014
0.420083585862213,0.000434010106860206
0.423674043861035,0.000436759635832759
0.427264501859857,0.00043954341808332
0.43085495985868,0.000442362096524916
0.434445417857502,0.000445216343467339
0.438035875856324,0.000448106846108269
0.441626333855147,0.000451034281374116
0.445216791853969,0.000453999402625123
0.448807249852791,0.000457002931026892
0.452397707851614,0.000460045558376687
0.455988165850436,0.00046312822696454
0.459578623849258,0.000466251598004869
0.463169081848081,0.000469416526269412
0.466759539846903,0.000472623856501302
0.470349997845725,0.000475874441542733
0.473940455844548,0.000479169180431729
0.47753091384337,0.000482508981047177
0.481121371842192,0.000485894781585989
0.484711829841015,0.000489327547080728
0.488302287839837,0.000492808267149884
0.491892745838659,0.000496337977215203
0.495483203837482,0.000499917645858353
0.499073661836304,0.000503548449340864
0.502664119835126,0.000507231450491246
0.506254577833949,0.000510967798901027
0.509845035832771,0.000514758675151391
0.513435493831593,0.000518605263376442
0.517025951830416,0.000522508824318098
0.520616409829238,0.000526470634935413
0.52420686782806,0.000530492020536724
0.527797325826883,0.000534574337636401
0.531387783825705,0.000538718989023723
0.534978241824527,0.000542927428081509
0.53856869982335,0.000547201128178627
0.542159157822172,0.00055154163593208
0.545749615820994,0.000555950524064281
0.549340073819817,0.000560429574410598
0.552930531818639,0.000564980158898699
0.556520989817461,0.00056960426774735
0.560111447816284,0.000574303651186014
0.563701905815106,0.000579080146372576
0.567292363813928,0.000583935688549373
0.57088282181275,0.000588872260005603
0.574473279811573,0.00059389190442635
0.578063737810395,0.000598996775213633
0.581654195809218,0.000604189033374708
0.58524465380804,0.000609470963566828
0.588835111806862,0.000614844907532
0.592425569805685,0.000620313320269671
0.596016027804507,0.000625878701274921
0.599606485803329,0.000631543667905557
0.603196943802151,0.000637310935542168
0.606787401800974,0.000643183264940354
0.610377859799796,0.000649163618637107
0.613968317798618,0.000655254979685422
0.617558775797441,0.00066146050918093
0.621149233796263,0.000667783406061619
0.624739691795085,0.000674227069155599
0.628330149793908,0.00068079500352483
0.63192060779273,0.000687490793932453
0.635511065791552,0.000694318318360038
0.639101523790375,0.000701281445605997
0.642691981789197,0.00070838427228222
0.646282439788019,0.000715631062456818
0.649872897786842,0.000723026239420444
0.653463355785664,0.00073057442157414
0.657053813784486,0.00073828041422244
0.660644271783309,0.000746149221407289
0.664234729782131,0.00075418608622299
0.667825187780953,0.000762396443353923
0.671415645779776,0.000770786119989055
0.675006103778598,0.000779360644349727
0.67859656177742,0.000788126644119209
0.682187019776243,0.00079709045887254
0.685777477775065,0.000806258876660205
0.689367935773887,0.000815638984883624
0.69295839377271,0.000825238213331114
0.696548851771532,0.00083506433802554
0.700139309770354,0.000845125515336162
0.703729767769177,0.000855430277827592
0.707320225767999,0.000865987589879871
0.710910683766821,0.000876806850428232
0.714501141765644,0.000887897878267995
0.718091599764466,0.000899271066843724
0.721682057763288,0.00091093718642714
0.725272515762111,0.000922907947097092
0.728862973760933,0.000935198918364854
0.732453431759755,0.00094781850071363
0.736043889758578,0.000960778982550031
0.7396343477574,0.000974096615499395
0.743224805756222,0.000987786543145391
0.746815263755045,0.00100186457109945
0.750405721753867,0.00101634745743214
0.753996179752689,0.00103125293077662
0.757586637751512,0.00104659925922041
0.761177095750334,0.00106240677308175
0.764767553749156,0.00107869673141218
0.768358011747979,0.00109549145674973
0.771948469746801,0.00111281472205417
0.775538927745623,0.00113069192069998
0.779129385744446,0.00114915007913257
0.782719843743268,0.00116821788018604
0.78631030174209,0.00118792620809039
0.789900759740913,0.00120830783017485
0.793491217739735,0.00122939785592835
0.797081675738557,0.00125123398931335
0.80067213373738,0.00127385640574054
0.804262591736202,0.00129730845444993
0.807853049735024,0.00132163663523928
0.811443507733847,0.00134689100087372
0.815033965732669,0.00137312548817987
0.818624423731491,0.00140039830663376
0.822214881730314,0.00142877236488853
0.825805339729136,0.0014583157649191
0.829395797727958,0.00148910234525461
0.832986255726781,0.00152121227892895
0.836576713725603,0.00155473274851574
0.840167171724425,0.00158975892666924
0.843757629723248,0.00162639452704729
0.84734808772207,0.00166475314642657
0.850938545720892,0.00170495929477746
0.854529003719715,0.00174714977493469
0.858119461718537,0.0017914752406087
0.861709919717359,0.00183810199025297
0.865300377716182,0.00188721405770061
0.868890835715004,0.00193901563922407
0.872481293713826,0.00199373393142344
0.876071751712649,0.00205162279471018
0.879662209711471,0.00211296459490536
0.883252667710293,0.00217807976174544
0.886843125709115,0.00224732665247348
0.890433583707938,0.00232111153684805
0.89402404170676,0.00239989562022657
0.897614499705583,0.00248420491857024
0.901204957704405,0.00257464182096973
0.904795415703227,0.00267189962653257
0.90838587370205,0.00277678028607855
0.911976331700872,0.00289021660488628
0.915566789699694,0.00301329979873999
0.919157247698516,0.00314731832780398
0.922747705697339,0.00329379064468378
0.926338163696161,0.00345454254245445
0.929928621694984,0.00363176820913265
0.933519079693806,0.0038281367739365
0.937109537692628,0.00404692698625173
0.940699995691451,0.00429221170952049
0.944290453690273,0.00456911387674767
0.947880911689095,0.00488416797545899
0.951471369687917,0.00524584268745462
0.95506182768674,0.00566531301209092
0.958652285685562,0.00615762644736045
0.962242743684384,0.0067435999201443
0.965833201683207,0.00745272061221065
0.969423659682029,0.00832839126618863
0.973014117680852,0.00943709536201947
0.976604575679674,0.0108861332675983
0.980195033678496,0.0128606248103527
0.983785491677318,0.0157096812813326
0.987375949676141,0.0201796557183137
0.990966407674963,0.0282037769046528
0.994556865673785,0.0468183170676296
0.998147323672608,0.137672711117955
1.00173778167143,0.146403499396089
1.00532823967025,0.0477943605165385
1.00891869766907,0.0285600024528621
1.0125091556679,0.0203651298278409
1.01609961366672,0.015824889263485
1.01969007166554,0.0129402647452081
1.02328052966436,0.0109453165767723
1.02687098766319,0.00948344422525891
1.03046144566201,0.00836616284039591
1.03405190366083,0.00748447811506529
1.03764236165965,0.00677097831756589
1.04123281965848,0.00618171866331472
1.0448232776573,0.00568687534124038
1.04841373565612,0.00526541622579711
1.05200419365494,0.00490215006583587
1.05559465165377,0.00458580263620836
1.05918510965259,0.00430783533932144
1.06277556765141,0.00406166295476554
1.06636602565023,0.00384212527653339
1.06995648364905,0.00364512144310098
1.07354694164788,0.00346735137752702
1.0771373996467,0.00330612946871384
1.08072785764552,0.00315924875006792
1.08431831564434,0.00302487221276493
1.08790877364317,0.00290147487758925
1.09149923164199,0.00278776069090785
1.09508968964081,0.00268263318912384
1.09868014763963,0.00258515512644066
1.10227060563846,0.00249452094437633
1.10586106363728,0.00241003426588293
1.1094515216361,0.00233109010853335
1.11304197963492,0.00225716038537055
1.11663243763374,0.00218778196666226
1.12022289563257,0.0021225470339044
1.12381335363139,0.00206109642095166
1.12740381163021,0.00200310720287513
1.13099426962903,0.00194829717778316
1.13458472762786,0.00189641130174512
1.13817518562668,0.0018472216104044
1.1417656436255,0.00180052323748073
1.14535610162432,0.00175613157334323
1.14894655962315,0.00171387980580174
1.15253701762197,0.00167361682193723
1.15612747562079,0.00163520540697563
1.15971793361961,0.00159852064565104
1.16330839161844,0.00156344782887402
1.16689884961726,0.00152988642709888
1.17048930761608,0.00149773654170654
1.1740797656149,0.00146691280566439
1.17767022361372,0.00143733469090928
1.18126068161255,0.00140892815146098
1.18485113961137,0.0013816249310663
1.18844159761019,0.0013553619518454
1.19203205560901,0.00133008086780709
1.19562251360784,0.00130572762040751
1.19921297160666,0.00128225203531777
1.20280342960548,0.00125960752278623
1.2063938876043,0.00123775054136851
1.20998434560313,0.00121664102645882
1.21357480360195,0.00119624104423375
1.21716526160077,0.00117651545074935
1.22075571959959,0.00115743139316511
1.22434617759841,0.00113895795917537
1.22793663559724,0.00112106638588663
1.23152709359606,0.00110372957936527
1.23511755159488,0.00108692212034056
1.2387080095937,0.00107062014018291
1.24229846759253,0.00105480115070212
1.24588892559135,0.00103944399282166
1.24947938359017,0.00102452876529296
1.25306984158899,0.00101003661279824
1.25666029958782,0.00099594979930046
1.26025075758664,0.000982251549936714
1.26384121558546,0.000968925997655201
1.26743167358428,0.00095595813614477
1.2710221315831,0.000943333752403695
1.27461258958193,0.000931039375693289
1.27820304758075,0.000919062213047572
1.28179350557957,0.000907390160215616
1.28538396357839,0.000896011682334453
1.28897442157722,0.000884915877942459
1.29256487957604,0.000874092288351828
1.29615533757486,0.000863531040931849
1.29974579557368,0.000853222706003544
1.30333625357251,0.000843158300867419
1.30692671157133,0.000833329268071509
1.31051716957015,0.000823727441547236
1.31410762756897,0.000814345032212527
1.3176980855678,0.000805174604193922
1.32128854356662,0.000796209038793847
1.32487900156544,0.000787441560198094
1.32846945956426,0.000778865548193319
1.33205991756308,0.000770475135234586
1.33565037556191,0.000762264027607881
1.33924083356073,0.000754226645264126
1.34283129155955,0.000746357531123114
1.34642174955837,0.000738651463885503
1.3500122075572,0.000731103408620863
1.35360266555602,0.000723708560340267
1.35719312355484,0.000716462289333262
1.36078358155366,0.000709360185791405
1.36437403955249,0.00070239796037145
1.36796449755131,0.000695571521007152
1.37155495555013,0.000688876997455372
1.37514541354895,0.000682310493520913
1.37873587154777,0.000675868427822558
1.3823263295466,0.000669547272262537
1.38591678754542,0.000663343766229692
1.38950724554424,0.000657254459420882
1.39309770354306,0.000651276347191571
1.39668816154189,0.00064540638616477
1.40027861954071,0.000639641661190307
1.40386907753953,0.000633979387005037
1.40745953553835,0.000628416834785922
1.41104999353718,0.00062295138551365
1.414640451536,0.000617580551789277
1.41823090953482,0.000612301863233966
1.42182136753364,0.000607112978859637
1.42541182553247,0.000602011633832064
1.42900228353129,0.000596995604080479
1.43259274153011,0.00059206279097467
1.43618319952893,0.000587211133518795
1.43977365752775,0.000582438656132903
1.44336411552658,0.000577743385151878
1.4469545735254,0.000573123513913147
1.45054503152422,0.00056857716048162
1.45413548952304,0.000564102831963714
1.45772594752187,0.000559698510863663
1.46131640552069,0.000555362710664737
1.46490686351951,0.000551093827224168
1.46849732151833,0.000546890347983252
1.47208777951716,0.000542750746045522
1.47567823751598,0.000538673592193206
1.4792686955148,0.000534657474317876
1.48285915351362,0.000530701053906694
1.48644961151244,0.0005268029785015
1.49004006951127,0.000522961984810051
1.49363052751009,0.000519176825573468
1.49722098550891,0.000515446282570209
1.50081144350773,0.000511769190706302
1.50440190150656,0.000508144397559139
1.50799235950538,0.000504570860286321
1.5115828175042,0.00050104736563269
1.51517327550302,0.000497572972588231
1.51876373350185,0.00049414663967745
1.52235419150067,0.00049076735540752
1.52594464949949,0.000487434188519173
1.52953510749831,0.000484146179145751
1.53312556549713,0.000480902420235907
1.53671602349596,0.000477702026374877
1.54030648149478,0.00047454412771957
1.5438969394936,0.000471427886781851
1.54748739749242,0.00046835245698388
1.55107785549125,0.000465317150129758
1.55466831349007,0.000462321043801762
1.55825877148889,0.000459363445022156
1.56184922948771,0.000456443647472177
1.56543968748654,0.000453560860282561
1.56903014548536,0.000450714437410358
1.57262060348418,0.000447903676965571
1.576211061483,0.000445127913260489
1.57980151948183,0.000442386501906136
1.58339197748065,0.000439678804534798
1.58698243547947,0.000437004203079598
1.59057289347829,0.00043436209094948
1.59416335147711,0.000431751889485416
1.59775380947594,0.000429173017165539
1.60134426747476,0.000426624906638552
1.60493472547358,0.000424107039079276
1.6085251834724,0.000421618833424313
1.61211564147123,0.000419159802564003
1.61570609947005,0.000416729412566305
1.61929655746887,0.000414327209807141
1.62288701546769,0.000411952662628398
1.62647747346652,0.000409605308529845
1.63006793146534,0.00040728467908378
1.63365838946416,0.000404990344798523
1.63724884746298,0.000402721833652842
1.6408393054618,0.000400478725592541
1.64442976346063,0.000398260587053113
1.64802022145945,0.000396067005065368
1.65161067945827,0.000393897585434293
1.65520113745709,0.000391751928547306
1.65879159545592,0.000389629618738936
1.66238205345474,0.000387530311252597
1.66597251145356,0.000385453615152953
1.66956296945238,0.000383399099994302
1.67315342745121,0.00038136690072051
1.67674388545003,0.000379355809109887
1.68033434344885,0.000377366027920614
1.68392480144767,0.000375397145263194
1.6875152594465,0.000373448814489447
1.69110571744532,0.000371520717534551
1.69469617544414,0.000369612540855393
1.69828663344296,0.000367723986453261
1.70187709144178,0.000365854732621015
1.70546754944061,0.000364004502933037
1.70905800743943,0.00036217300445589
1.71264846543825,0.000360359922691837
1.71623892343707,0.000358565073547404
1.7198293814359,0.000356788097041987
1.72341983943472,0.000355028744994935
1.72701029743354,0.000353286799511856
1.73060075543236,0.000351561934653239
1.73419121343119,0.000349853956079601
1.73778167143001,0.000348162604689559
1.74137212942883,0.000346487623067077
1.74496258742765,0.000344828802834099
1.74855304542647,0.00034318589555448
1.7521435034253,0.000341558676778873
1.75573396142412,0.000339946934903405
1.75932441942294,0.000338350432071234
1.76291487742176,0.000336768969360347
1.76650533542059,0.000335202329900124
1.77009579341941,0.000333650303448814
1.77368625141823,0.000332112704616761
1.77727670941705,0.00033058931876997
1.78086716741588,0.00032908004169224
1.7844576254147,0.000327584482232667
1.78804808341352,0.0003261026163341
1.79163854141234,0.000324634228634844
1.79522899941117,0.000323178860549216
1.79881945740999,0.000321737042834707
1.80240991540881,0.000320307980917718
1.80600037340763,0.000318891679846948
1.80959083140645,0.000317487973232903
1.81318128940528,0.000316096698853417
1.8167717474041,0.000314717700645806
1.82036220540292,0.000313350820151716
1.82395266340174,0.000311995904223787
1.82754312140057,0.00031065279410768
1.83113357939939,0.000309321348298015
1.83472403739821,0.00030800138655555
1.83831449539703,0.000306692912018417
1.84190495339586,0.000305395590867237
1.84549541139468,0.000304109374962474
1.8490858693935,0.000302834133627815
1.85267632739232,0.000301569728691456
1.85626678539114,0.000300316031209127
1.85985724338997,0.000299072919549097
1.86344770138879,0.000297840276638121
1.86703815938761,0.000296617986484132
1.87062861738643,0.000295405949729691
1.87421907538526,0.000294204170645518
1.87780953338408,0.000293010975615635
1.8813999913829,0.000291829615650178
1.88499044938172,0.000290657440105988
1.88858090738055,0.000289494911807846
1.89217136537937,0.000288342010615192
1.89576182337819,0.000287198584182757
1.89935228137701,0.000286064610774765
1.90294273937583,0.00028494000943053
1.90653319737466,0.000283824692896564
1.91012365537348,0.000282718617966338
1.9137141133723,0.000281621729577344
1.91730457137112,0.000280534095741356
1.92089502936995,0.000279455275883494
1.92448548736877,0.000278385737460909
1.92807594536759,0.000277325289664406
1.93166640336641,0.000276273962212743
1.93525686136524,0.000275231824349108
1.93884731936406,0.000274198957460251
1.94243777736288,0.000273175503049105
1.9460282353617,0.000272161721671347
1.94961869336053,0.000271157824743379
1.95320915135935,0.000270164353299618
1.95679960935817,0.0002691823890068
1.96039006735699,0.000268208012329005
1.96398052535581,0.000267251137193998
1.96757098335464,0.000266307664875481
1.97116144135346,0.000265381232981013
1.97475189935228,0.000264476093902682
1.9783423573511,0.000263599220121549
1.98193281534993,0.000262763191197813
1.98552327334875,0.000261993115220548
1.98911373134757,0.000261347335459748
1.99270418934639,0.000260999294048758
1.99629464734522,0.000261796014287966
1.99988510534404,0.000375710369510337
2.00347556334286,0.000252739028671674
2.00706602134168,0.000253720069094889
2.01065647934051,0.000253435377032077
2.01424693733933,0.000252846312714443
2.01783739533815,0.000252140411439628
2.02142785333697,0.000251379479527518
2.02501831133579,0.000250589837162648
2.02860876933462,0.000249784572238782
2.03219922733344,0.000248970922034101
2.03578968533226,0.000248153304317981
2.03938014333108,0.00024733556375701
2.04297060132991,0.000246512113842508
2.04656105932873,0.000245695997605045
2.05015151732755,0.000244881235583693
2.05374197532637,0.000244069331207901
2.05733243332519,0.00024326082712943
2.06092289132402,0.000242456086209838
2.06451334932284,0.000241655353910496
2.06810380732166,0.000240858832012682
2.07169426532048,0.000240066621180383
2.07528472331931,0.000239278838195646
2.07887518131813,0.000238495526996477
2.08246563931695,0.000237717694576043
2.08605609731577,0.00023694285392011
2.0896465553146,0.000236173302965899
2.09323701331342,0.000235408392579947
2.09682747131224,0.000234648108270895
2.10041792931106,0.000233892441603789
2.10400838730989,0.000233141381144667
2.10759884530871,0.000232394901529967
2.11118930330753,0.000231653019733676
2.11477976130635,0.000230915651468483
2.11837021930517,0.000230182797458034
2.121960677304,0.000229454228968586
2.12555113530282,0.000228730894900575
2.12914159330164,0.0002280113943922
2.13273205130046,0.000227296384029814
2.13632250929929,0.000226585767656915
2.13991296729811,0.000225879506570486
2.14350342529693,0.000225177569901472
2.14709388329575,0.000224479919837263
2.15068434129458,0.000223786519072085
2.1542747992934,0.000223097338373482
2.15786525729222,0.000222412335548159
2.16145571529104,0.000221731444724311
2.16504617328986,0.000221055159893436
2.16863663128869,0.000220382259235027
2.17222708928751,0.000219713656496373
2.17581754728633,0.000219049086960603
2.17940800528515,0.000218388507569956
2.18299846328398,0.000217731885701432
2.1865889212828,0.000217079182602201
2.19017937928162,0.000216430368469928
2.19376983728044,0.000215785409126131
2.19736029527927,0.000215144270371975
2.20095075327809,0.000214506930665559
2.20454121127691,0.000213873474478691
2.20813166927573,0.000213243398158827
2.21172212727456,0.000212617247286203
2.21531258527338,0.00021199474504137
2.2189030432722,0.000211375886835812
2.22249350127102,0.0002107605690162
2.22608395926984,0.000210148868408151
2.22967441726867,0.000209540693898599
2.23326487526749,0.000208936064834961
2.23685533326631,0.000208334882588793
2.24044579126513,0.000207737152749155
2.24403624926396,0.000207142825103854
2.24762670726278,0.000206552042868043
2.2512171652616,0.000205964450461555
2.25480762326042,0.000205380243561166
2.25839808125925,0.000204799351727032
2.26198853925807,0.000204221744497069
2.26557899725689,0.000203647393092029
2.26916945525571,0.000203076272554061
2.27275991325454,0.000202508351861467
2.27635037125336,0.000201943608321447
2.27994082925218,0.000201382015228347
2.283531287251,0.000200823547859227
2.28712174524982,0.000200268350669166
2.29071220324865,0.000199715846745632
2.29430266124747,0.00019916659915932
2.29789311924629,0.000198620368697373
2.30148357724511,0.000198077135788269
2.30507403524394,0.000197536871607941
2.30866449324276,0.000196999559293314
2.31225495124158,0.000196465171589316
2.3158454092404,0.000195933687494189
2.31943586723923,0.000195405078006108
2.32302632523805,0.000194879324015097
2.32661678323687,0.000194356393895829
2.33020724123569,0.000193836322147035
2.33379769923451,0.000193318982953379
2.33738815723334,0.0001928044238759
2.34097861523216,0.000192292619797724
2.34456907323098,0.000191783504654446
2.3481595312298,0.000191277119194245
2.35174998922863,0.00019077340464452
2.35534044722745,0.000190272344926911
2.35893090522627,0.000189773923487602
2.36252136322509,0.000189278122341145
2.36611182122392,0.000188784912427383
2.36970227922274,0.000188294274344215
2.37329273722156,0.000187806203645187
2.37688319522038,0.000187320662182034
2.38047365321921,0.00018683763596279
2.38406411121803,0.000186357125104575
2.38765456921685,0.000185879050376824
2.39124502721567,0.000185403459633546
2.39483548521449,0.000184930305937491
2.39842594321332,0.000184459578363067
2.40201640121214,0.00018399124054393
2.40560685921096,0.000183525292830666
2.40919731720978,0.00018306170401312
2.41278777520861,0.000182600488720829
2.41637823320743,0.000182141586775158
2.41996869120625,0.000181684999689959
2.42355914920507,0.000181230718964973
2.4271496072039,0.000180778666453656
2.43074006520272,0.000180328924036306
2.43433052320154,0.000179881417605603
2.43792098120036,0.000179436134827423
2.44151143919918,0.000178993065029039
2.44510189719801,0.000178552185760219
2.44869235519683,0.00017811347032511
2.45228281319565,0.000177677127532681
2.45587327119447,0.000177242614838405
2.4594637291933,0.000176810347958685
2.46305418719212,0.000176380205862506
2.46664464519094,0.000175952167013319
2.47023510318976,0.000175526210273667
2.47382556118859,0.000175102324619983
2.47741601918741,0.000174680495991933
2.48100647718623,0.000174260698292182
2.48459693518505,0.000173842941724808
2.48818739318387,0.000173427187068906
2.4917778511827,0.000173013418675345
2.49536830918152,0.000172601666237401
2.49895876718034,0.000172191861208117
2.50254922517916,0.000171784015408228
2.50613968317799,0.000171378175032735
2.50973014117681,0.000170974049352501
2.51332059917563,0.000170572002779943
2.51691105717445,0.000170171834916549
2.52050151517328,0.000169773550998606
2.5240919731721,0.000169377131069944
2.52768243117092,0.00016898257804661
2.53127288916974,0.000168589869146402
2.53486334716857,0.000168198994706893
2.53845380516739,0.000167809942104764
2.54204426316621,0.000167422698709233
2.54563472116503,0.000167037255842861
2.54922517916385,0.000166653531094865
2.55281563716268,0.000166271671293399
2.5564060951615,0.000165891541184806
2.55999655316032,0.000165513164213797
2.56358701115914,0.000165136505323107
2.56717746915797,0.000164761572192578
2.57076792715679,0.000164388352325324
2.57435838515561,0.000164016807306377
2.57794884315443,0.000163647014715168
2.58153930115326,0.000163278861465687
2.58512975915208,0.000162912375913576
2.5887202171509,0.000162547541105893
2.59231067514972,0.000162184362058583
2.59590113314854,0.000161822808019629
2.59949159114737,0.000161462879038729
2.60308204914619,0.000161104552422245
2.60667250714501,0.000160747840493632
2.61026296514383,0.000160392713074701
2.61385342314266,0.000160039165700565
2.61744388114148,0.000159687185672375
2.6210343391403,0.000159336765597616
2.62462479713912,0.00015898789357712
2.62821525513795,0.000158640562558288
2.63180571313677,0.000158294773094815
2.63539617113559,0.00015795048443331
2.63898662913441,0.000157607709304935
2.64257708713324,0.000157266441515913
2.64616754513206,0.000156926654146541
2.64975800313088,0.000156588351351274
2.6533484611297,0.000156251520274108
2.65693891912852,0.000155916122641126
2.66052937712735,0.000155582232824383
2.66411983512617,0.000155249764777975
2.66771029312499,0.000154918733706263
2.67130075112381,0.000154589365265204
2.67489120912264,0.000154260883859752
2.67848166712146,0.000153934105826699
2.68207212512028,0.000153608718252221
2.6856625831191,0.000153284727498717
2.68925304111792,0.000152962106984126
2.69284349911675,0.000152640864181781
2.69643395711557,0.000152320986731083
2.70002441511439,0.000152002462625047
2.70361487311321,0.000151685289599456
2.70720533111204,0.000151369456371578
2.71079578911086,0.000151054944083869
2.71438624710968,0.000150741807067096
2.7179767051085,0.000150429936934653
2.72156716310733,0.00015011938840272
2.72515762110615,0.000149810143534096
2.72874807910497,0.000149502167710868
2.73233853710379,0.000149195509364696
2.73592899510262,0.000148890122766516
2.73951945310144,0.000148586005263816
2.74310991110026,0.000148283155572555
2.74670036909908,0.00014798155994696
2.7502908270979,0.000147681213434504
2.75388128509673,0.000147382220441018
2.75747174309555,0.000147084262541332
2.76106220109437,0.000146787625835657
2.76465265909319,0.000146492220196899
2.76824311709202,0.000146198019416837
2.77183357509084,0.000145905034379958
2.77542403308966,0.000145613256402924
2.77901449108848,0.000145322681837765
2.78260494908731,0.000145033271314303
2.78619540708613,0.000144745066625525
2.78978586508495,0.000144458022439073
2.79337632308377,0.000144172039293351
2.7969667810826,0.000143887671056539
2.80055723908142,0.000143604088220552
2.80414769708024,0.000143321715294545
2.80773815507906,0.000143040516583673
2.81132861307788,0.000142760461619443
2.81491907107671,0.000142481552818879
2.81850952907553,0.000142203786046766
2.82209998707435,0.000141927157107257
2.82569044507317,0.000141651661683461
2.829280903072,0.000141377301479077
2.83287136107082,0.000141104080487651
2.83646181906964,0.000140831728893283
2.84005227706846,0.000140560880065114
2.84364273506729,0.000140291010287877
2.84723319306611,0.000140022247471102
2.85082365106493,0.000139754595987867
2.85441410906375,0.000139488054919465
2.85800456706257,0.000139222627629627
2.8615950250614,0.000138958314113267
2.86518548306022,0.00013869511757913
2.86877594105904,0.000138433040841664
2.87236639905786,0.000138172107557954
2.87595685705669,0.000137912610288422
2.87954731505551,0.000137653305387803
2.88313777305433,0.000137395793802414
2.88672823105315,0.000137139366657613
2.89031868905198,0.000136884088820584
2.8939091470508,0.000136629922086689
2.89749960504962,0.000136376968043194
2.90109006304844,0.000136125202754298
2.90468052104727,0.000135874645515043
2.90827097904609,0.000135625331349882
2.91186143704491,0.000135377291122326
2.91545189504373,0.000135130606446639
2.91904235304255,0.000134884808350305
2.92263281104138,0.000134640990701382
2.9262232690402,0.000134398456301292
2.92981372703902,0.000134157442706219
2.93340418503784,0.000133918053700051
2.93699464303667,0.000133680402646214
2.94058510103549,0.000133444644677398
2.94417555903431,0.000133210974349535
2.94776601703313,0.000132979598230931
2.95135647503196,0.000132750889140412
2.95494693303078,0.00013252528185253
2.9585373910296,0.000132305517790932
2.96212784902842,0.000132084715068347
2.96571830702724,0.000131872515473006
2.96930876502607,0.000131667214962677
2.97289922302489,0.000131471360822582
2.97648968102371,0.000131288903667288
2.98008013902253,0.00013112665133256
2.98367059702136,0.000130997385426208
2.98726105502018,0.000130928327886576
2.990851513019,0.000130989583219892
2.99444197101782,0.000131433197625975
2.99803242901665,0.000134374204116536
