w1,w2,w3,w4,w5,w6,it
-0.0821809074115374,0.130472468019169,34927.3672394826,-0.105077119934186,-0.092410782392534,1.39999930459597,4.81294333123499
-0.103509353611214,0.103989692505694,34927.7087565186,-0.068104091799855,-0.122394452237315,1.40000067616392,4.87876214584749
-0.114747422211081,0.071860456635975,34928.0502737098,-0.0232232598080022,-0.138266444609313,1.40000080064293,4.95865831095989
-0.115528957028165,0.0443156654265864,34928.3261269485,0.0152614503721888,-0.139480670811254,1.39999939152914,5.02716819864241
-0.108793202779833,0.0175808155801421,34928.6019800682,0.0526148076996756,-0.130172163096539,1.39999978216453,5.09366406942041
-0.0950421275636719,-0.0063334845687538,34928.8778331606,0.0860213908301489,-0.111040002959377,1.39999980577895,5.15313395362662
-0.0753075980970087,-0.0256238354395476,34929.1536862989,0.112956496975701,-0.0835266854959517,1.39999982023902,5.20108341428537
-0.0510756330149355,-0.038832483079706,34929.4295394671,0.131380526332571,-0.0497161835182283,1.39999978300597,5.23388158727377
-0.0241735587162988,-0.0449628854662541,34929.7053926205,0.139898210154676,-0.0121677821620615,1.39999975080138,5.24904463668314
0.003369601403305,-0.0435563404711303,34929.9812457368,0.137866103571013,0.0262798755413597,1.39999960329282,5.24542711187514
0.0319295142883952,-0.0334522894351048,34930.2846587483,0.123652226236102,0.0661443085309886,1.3999995945402,5.22012378660159
0.0561527737919506,-0.015302333543678,34930.5880717428,0.0981744760274806,0.099943495486343,1.39999937297102,5.17476868851138
0.0738324190510431,0.00922947716785914,34930.8914847133,0.063761994869455,0.124587317198898,1.39999925298623,5.11350812014606
0.0833600823323059,0.0378959777088736,34931.1948976589,0.0235591160919389,0.137823259079988,1.3999992028975,5.04193957521834
0.0838730778727872,0.0680726757813843,34931.4983105957,-0.0187615055735574,0.138442627776709,1.39999922796855,4.96660105705406
0.075332344346721,0.096997443226248,34931.8017235395,-0.0593341973834067,0.126389629906731,1.39999924834617,4.89437417666817
0.0585254895057227,0.122022554861927,34932.1051364988,-0.0944525586823748,0.102765512939038,1.39999933188463,4.83185701135963
0.031692450437177,0.142671683553184,34932.4463007213,-0.123462294721411,0.0650924141881692,1.39999932815532,4.78021432655239
-0.000525391489261497,0.153114981567561,34932.7874649815,-0.13819332153174,0.0198769412474133,1.3999996852853,4.75399037975641
-0.0285195314715544,0.153153701488155,34933.068949431,-0.138344966968674,-0.0194102603097231,1.39999928935266,4.75372042288775
-0.0554317253837338,0.145395280342247,34933.3504338931,-0.127581848186823,-0.0571853946578333,1.39999979329842,4.772880760991
-0.0791446187904117,0.130444330436349,34933.6319183879,-0.106749408553151,-0.0904853845277046,1.39999980678208,4.80996634881986
-0.0977881365913991,0.109471180662611,34933.9134029242,-0.0774841754700197,-0.11668975400675,1.40000002430847,4.8620638655256
-0.109886918435803,0.0841214447494846,34934.1948874584,-0.0420908004959607,-0.133734724824613,1.39999974257141,4.92507060593821
-0.114481037483095,0.0563862258025195,34934.4763719927,-0.00335627598203209,-0.140275495725482,1.40000008650815,4.99402520924586
-0.111203550292932,0.0284442747574792,34934.757856531,0.0356701232159651,-0.135798616750137,1.39999992117328,5.06349940336578
-0.0983553517035936,-0.000644668517120552,34935.0761176241,0.0762951364060177,-0.117938693075255,1.39999947728791,5.13581942546598
-0.0770642695628703,-0.0242808486457141,34935.3943787281,0.10929344542378,-0.0882586444720326,1.40000015850793,5.19456250639176
-0.0494627805115898,-0.04009442316354,34935.7126398785,0.131347928415884,-0.0497425281905553,1.40000004875932,5.2338235569651
-0.0183168694040644,-0.0465027534746173,34936.0309010308,0.140241628135563,-0.0062597450630881,1.39999982201663,5.24965598407769
0.0132526558163818,-0.0428693454670288,34936.3491621252,0.135081936191408,0.0378222877817388,1.39999959333243,5.24047078003392
0.0420829346314131,-0.0295663501572718,34936.6674231499,0.116387985203455,0.0780764738600379,1.39999940348468,5.20719209671968
0.0652859497294244,-0.00793643507007139,34936.9856841625,0.0860372727066759,0.11046004954175,1.39999956207042,5.15316222629834
0.0805384992085638,0.0198417060192859,34937.3039452,0.0470775657632416,0.131720382752599,1.39999952724072,5.08380675670168
0.0863158624345593,0.0509716418484026,34937.6222062103,0.00342183373176096,0.139721981231713,1.39999910704957,5.0060914956494
0.082045120565409,0.082320053218147,34937.9404671656,-0.0405453636805782,0.13366136808289,1.39999912177848,4.92782176872848
0.0681625816149224,0.110731709991254,34938.2587281054,-0.0804084756650299,0.114147377554648,1.39999922606074,4.85685807140705
0.0436259076286056,0.135094542329829,34938.6070679292,-0.114621267861061,0.0797110783807948,1.39999933621954,4.79595298625295
0.0122221058215163,0.14958472228599,34938.9554078154,-0.135024279142348,0.0356581792595928,1.39999956528435,4.75963186015582
-0.0158020097951013,0.152840791330357,34939.2390264693,-0.139685342618788,-0.00365058925762881,1.39999929401109,4.75133430682212
-0.0436274869876424,0.148108572743324,34939.522645135,-0.133164670223883,-0.0426840256701648,1.39999977608056,4.76294230727991
-0.0690340270373597,0.135760357084834,34939.8062638399,-0.115981615306405,-0.0783344577827842,1.39999983580129,4.7935313167054
-0.0899892038779885,0.116775965657172,34940.0898825868,-0.0895063241811521,-0.107754852519764,1.39999997501996,4.84066222175471
-0.104811393891328,0.092666424038422,34940.3735013326,-0.0558553275537304,-0.128592579772254,1.39999977943055,4.90056720709967
-0.112309447511698,0.0653534089375227,34940.6571200785,-0.0177184462707152,-0.139179429009775,1.40000007373109,4.96845789514247
-0.111880024638755,0.0370146808320457,34940.9407388317,0.0218567948339361,-0.138670586333508,1.39999996570019,5.03890912916225
-0.10349093328027,0.00977563547270921,34941.2258306164,0.059895527883985,-0.127020178774283,1.39999946146262,5.10662509523403
-0.0877962469724531,-0.0140238829825247,34941.5109223875,0.0931228067538564,-0.10514219001518,1.39999992910191,5.16577578476013
-0.0660577128978323,-0.0324680146904156,34941.7960141806,0.118855974000374,-0.074802317848737,1.39999986698952,5.21158557232303
-0.040025154065668,-0.0440728921525314,34942.0811059868,0.135016981141641,-0.0384484139641766,1.39999978318848,5.24035514805585
-0.0117955363152246,-0.0479066762623474,34942.3661977742,0.1403014003635,0.000983913885229478,1.3999996746894,5.24976238967626
0.0163566917211792,-0.0436650725358467,34942.6512895294,0.134282777000867,0.0403106449795859,1.39999958465166,5.23904812916484
0.0421635278258345,-0.0316958729458616,34942.9363812603,0.11744689887961,0.0763571213935805,1.39999948409607,5.20907715851901
0.065276013481404,-0.0108943637753798,34943.2484801794,0.0882384357201162,0.108628481666017,1.39999955900765,5.15708070275602
0.0808645439072204,0.015978864989416,34943.5605790769,0.0505280964875462,0.130372452736239,1.39999920482187,5.08994933829474
0.0874276841673221,0.0463180772382102,34943.8726779309,0.0079626924847708,0.139487083178104,1.39999911602137,5.01417506238784
0.0843372046190248,0.0771833478779273,34944.184776759,-0.0353441432670776,0.135091597425083,1.39999914140125,4.93708090111307
0.0718982927381858,0.105585464403199,34944.4968756045,-0.0752081898063604,0.117611103050571,1.39999928940867,4.86611554011153
0.0513191065772406,0.128773646421762,34944.808974485,-0.107779030206582,0.0887347064073268,1.39999935517947,4.80813343222774
0.0245937991541215,0.144500368121219,34945.1210733996,-0.129909937153202,0.051252425017502,1.39999954148692,4.76873633290892
-0.00661373847543897,0.15129107081095,34945.4424313533,-0.139539685428254,0.00748970538754385,1.39999930179742,4.75159360350688
-0.038390489965342,0.147851804703549,34945.7637893433,-0.13485196771059,-0.0370749896484816,1.39999995502948,4.75993860630984
-0.0674749768919679,0.134526898691566,34946.0851474153,-0.116328458853012,-0.0778786879343503,1.40000013676476,4.79291387117157
-0.0908821021843456,0.112673271118967,34946.40650557,-0.0858650559894637,-0.110741061953142,1.40000041292362,4.84714435124631
-0.10620890126451,0.0845208631322339,34946.7278637503,-0.046581257756277,-0.132299143893641,1.40000033358256,4.91707676315995
-0.111879785833561,0.0529442250667907,34947.0492219381,-0.00249899942023724,-0.140345436564066,1.4000005839613,4.99555131976316
-0.107307426527621,0.0211684307033394,34947.3705801208,0.0418683201619016,-0.134056525992997,1.40000039080525,5.07453333800144
-0.0929530879567615,-0.00756084973902275,34947.6919382929,0.0819780256133971,-0.114075107459877,1.40000037782894,5.14593601721078
-0.0695192045914988,-0.0308536181796191,34948.022600135,0.114482327884008,-0.0813855855558503,1.39999953807095,5.20379967494216
-0.0398125374549792,-0.0453010181951056,34948.3532619281,0.134612786739807,-0.039911247971803,1.40000006047899,5.23963560741381
-0.00704586139087871,-0.0493452943135487,34948.683923724,0.140188049247109,0.00585176179289964,1.39999979337171,5.24956060376658
0.0252370320138798,-0.0425566463801032,34949.0145855024,0.13060378057199,0.0509449856760067,1.39999952557084,5.23249883644712
0.0535455602333021,-0.0256792007586634,34949.3452472195,0.106898188269553,0.0904839123519825,1.39999929815111,5.19029850653731
0.0748198722765484,-0.000549793794558159,34949.6759088687,0.0716400093636829,0.120185154655979,1.39999912393255,5.12753244008075
0.0867619206441152,0.0301009815008266,34950.0065704787,0.0286491852475286,0.136830601402226,1.39999901558704,5.05100083784739
0.0880845425246463,0.0629442659740372,34950.3372320839,-0.0174167405852065,0.138616633545444,1.39999901844973,4.96899498695193
0.0786511650378787,0.0944134826921601,34950.6678937039,-0.061566941099618,0.125349830411125,1.39999909018585,4.89039948073035
0.0582399658516217,0.122307965351669,34951.0160156911,-0.100728354149018,0.0967139255837299,1.39999936135952,4.82068493703388
0.0295110048200008,0.141537948366321,34951.3641377202,-0.12777261596996,0.0564324511150923,1.39999943553831,4.77254115912483
-0.00407840112638185,0.149784543966886,34951.7122598013,-0.139452878160464,0.00934152973185468,1.39999976178869,4.75174813646656
-0.0384884599343356,0.146048387268407,34952.0603819613,-0.134367985059671,-0.0389078799658355,1.40000014203911,4.76080018476267
-0.0695826287237849,0.130768898648505,34952.4085042251,-0.113128289465047,-0.0825273050675688,1.40000056589152,4.7986107633739
-0.0936227176180815,0.105770058161528,34952.7566265735,-0.078282379545579,-0.116284804654402,1.40000074800397,4.86064291493747
-0.107716271653068,0.0740411659132122,34953.1047489703,-0.0340106543077114,-0.136130377805925,1.40000092927488,4.93945475759801
-0.110163653551657,0.0393787972623137,34953.4528713803,0.0143756440568615,-0.13968291471325,1.40000092426713,5.02559129989775
-0.100662512982407,0.00593184965511673,34953.8009937804,0.0610715398460219,-0.12651550690546,1.40000085978676,5.10871861359639
-0.0803442634637147,-0.0222963115671156,34954.1491161458,0.100474786873506,-0.0982079728364126,1.40000063351179,5.1788636664119
-0.0514169542893672,-0.0420281568017428,34954.499650445,0.127996971578214,-0.0578478432570123,1.39999955186596,5.22785823526973
-0.0174955477951938,-0.05065503708341,34954.8501846451,0.139985964971642,-0.0104899078373646,1.39999999371581,5.24920085645525
0.0107213103675696,-0.0487701731559322,34955.1331610978,0.137282319850411,0.0289129383454225,1.39999958001049,5.24438786909685
0.0372723166033573,-0.0391072499709743,34955.4161375324,0.123691204825588,0.0659875003477325,1.39999950640261,5.2201931756856
0.0600581779530477,-0.0224364102498862,34955.6991139397,0.100288065889969,0.0977936278929899,1.39999946924908,5.17853126859599
0.0772732172605376,-8.57858061538971e-05,34955.9820903245,0.0689325786365205,0.121803137192037,1.39999937236853,5.12271271364504
0.0875508598404427,0.0261623676216814,34956.2650666916,0.0321200132412017,0.136103540538997,1.39999925442168,5.05717955232643
0.0900773584447047,0.054214856901947,34956.548043052,-0.00722010061578889,0.139555615624575,1.39999928393903,4.9871468882076
0.0846578860577028,0.0818356461717308,34956.8310194183,-0.0459586993337898,0.131885517255209,1.39999933360564,4.91818503206468
0.068588150787437,0.110985702113726,34957.1662412763,-0.0868570619423459,0.109291096302351,1.39999937690461,4.84537839754432
0.0438005728574023,0.133195400638458,34957.5014631451,-0.118048032488537,0.0744915496900581,1.39999940254696,4.78985271269902
0.013067722336877,0.145980457439351,34957.8366850319,-0.136055081062998,0.0313663145128794,1.39999955772538,4.7577968424702
-0.0201762397183564,0.147908567550461,34958.1719069713,-0.138871758035655,-0.0152799417848877,1.39999989890259,4.75278263755269
-0.0522200853091006,0.138758798658644,34958.5071289975,-0.12618529724474,-0.0602546438741859,1.40000026412599,4.77536687944524
-0.0794873815140397,0.119543526147629,34958.8423511058,-0.0994091275494404,-0.0985525757028151,1.40000049550184,4.82303340388582
-0.0989329005763708,0.092394362931749,34959.1775732597,-0.0615242803447161,-0.125910603496206,1.40000061096523,4.89047542474846
-0.108410367215986,0.0600781291205332,34959.515277038,-0.0164023106349694,-0.139324130483927,1.39999939828185,4.97080085950826
-0.106661776532508,0.0264127089122191,34959.8529807967,0.0306162035196822,-0.137028099459067,1.40000071972839,5.05450249344682
-0.0938742519754921,-0.00480566464409926,34960.1906846535,0.0742189997618852,-0.119285158680776,1.40000059496532,5.13212351902321
-0.0714823686913841,-0.0300573809620857,34960.5283885752,0.109479282720738,-0.0880960855291889,1.40000048316072,5.19489333108245
-0.0420055825651241,-0.0464972619280392,34960.8660924339,0.1324148676693,-0.0469856693302582,1.40000006792345,5.23572290577332
-0.00876342503888155,-0.05227570986335,34961.2037961796,0.140434875468395,-0.000598314300954012,1.39999988040418,5.25
0.02449927320081,-0.0467473698737027,34961.5414998395,0.132632966863136,0.0458262085209564,1.39999954247445,5.23611116259541
0.0540352085377901,-0.0305439763101521,34961.8792034479,0.109890278062457,0.087044044973711,1.39999928076333,5.19562497865281
0.0765179329222083,-0.00550309232207534,34962.2169070132,0.0747757614880511,0.118399228924278,1.39999907867653,5.13311465766365
0.0894177645938908,0.0255393625500011,34962.5546105372,0.0312562247786187,0.136349608517549,1.39999896686817,5.05564184942374
0.0912876008908168,0.0590694596982709,34962.8923140371,-0.0157522981749904,0.138867411343192,1.39999894818392,4.97195800166723
0.0819263243689008,0.0912922695921644,34963.2300175445,-0.0609397202011308,0.125668361470426,1.39999904442515,4.89151604970297
0.0618425702879277,0.119107369608341,34963.5755441637,-0.0999696345941711,0.0974591720518007,1.39999936220013,4.82203559788703
0.0335066764239691,0.138441369205936,34963.9210708404,-0.127138867566771,0.0576964649431067,1.39999945501079,4.77366934826068
0.000280065195864212,0.147000091569952,34964.2665975736,-0.139234607152691,0.0110821784261121,1.39999978128379,4.75213669914916
-0.0338980380372261,0.143763899309704,34964.6121243773,-0.134827518429842,-0.0368732309650055,1.40000012508295,4.75998213054245
-0.0649767295545394,0.129107958972679,34964.9576512719,-0.114438542186843,-0.080500862157008,1.40000051134102,4.79627827168082
-0.0892717282018353,0.104757201910422,34965.3031782436,-0.0804780479768782,-0.11464423176094,1.40000068140438,4.8567342198502
-0.103900381429647,0.0735822303618704,34965.6487052646,-0.0369603915175571,-0.135267234328039,1.40000087623244,4.93420368089785
-0.107122462576399,0.0392602387548347,34965.9942323024,0.0109702636671069,-0.139932156068715,1.40000087311421,5.0195290942341
-0.0985461405578574,0.00584060420460557,34966.3397593319,0.0576481372552068,-0.128087017227328,1.40000081224993,5.10262432508829
-0.0791743780527289,-0.0227338135663631,34966.6852863272,0.0975555449638789,-0.101132088599393,1.40000059638551,5.173666876975
-0.0511352493887188,-0.043166968218119,34967.0324850362,0.12607839941825,-0.0620430853078974,1.39999954649067,5.22444282269226
-0.0178330245482512,-0.0528747766826186,34967.3796836527,0.139598741584575,-0.0155802893089954,1.39999999488659,5.24851152735203
0.0104088722201008,-0.0520265264644805,34967.6622131919,0.138360253226259,0.0238333609281388,1.3999995710518,5.24630678947231
0.037280974202299,-0.0433678944202033,34967.9447427129,0.126189099040733,0.0613331724562871,1.39999950798197,5.22463988845337
0.0606660417211623,-0.027586543882328,34968.2272722066,0.10404541596962,0.0939539760860101,1.39999946509549,5.18522004527471
0.078717893085998,-0.00593527257589186,34968.5098016782,0.0736833309582659,0.119110869490591,1.39999937208416,5.13116992967827
0.0900094199865635,0.0198656079774284,34968.7923311332,0.0375112796807067,0.134806589588885,1.39999926251596,5.06677700171627
0.093650439422304,0.0477658658419431,34969.0748605819,-0.00160133436841563,0.139794927485633,1.39999928566925,4.99714932924768
0.0893596167414725,0.0755493683886611,34969.3573900353,-0.0405532573366148,0.133681003977387,1.39999932808387,4.92780771656372
0.075146630776152,0.104428591087554,34969.6814174051,-0.0810524837043352,0.113661856353982,1.39999937972661,4.85571161822518
0.0524634462069283,0.127245729062165,34970.0054447852,-0.113072273903257,0.0817846738671459,1.3999993983814,4.79871048141332
0.0236837323232324,0.141617501052269,34970.3294721804,-0.133276920382226,0.0413709381097572,1.39999953178466,4.76274248127877
-0.00818459036189512,0.14604156101566,34970.6534996167,-0.139562277242871,-0.00337073592735786,1.39999980112839,4.75155338590684
-0.0398137857606335,0.140052851822086,34970.9775271201,-0.131274799117624,-0.0477839901696748,1.40000009807045,4.76630662668411
-0.0679017666224645,0.124270105254763,34971.3015546878,-0.109277928632307,-0.0872474776648185,1.4000002867505,4.80546511636118
-0.0895146535481653,0.100330469195929,34971.6255822942,-0.0758612156150864,-0.117654110486366,1.4000004058525,4.86495303363558
-0.10282953796251,0.0689128907078321,34971.9681457903,-0.0319780041822863,-0.136461202522151,1.39999939563513,4.94307325001067
-0.104826736636053,0.0348061198365623,34972.3107093031,0.015677169442416,-0.139431769784124,1.40000079953611,5.02790825532142
-0.095260744274617,0.00197096916904472,34972.6532729409,0.0615622760189594,-0.126223640755359,1.40000073802797,5.10959221456499
-0.0752312853449674,-0.0257808200486309,34972.9958366492,0.100342457708491,-0.0983684533050122,1.40000061735696,5.17862809607268
-0.0470541512179443,-0.045230317747791,34973.3384002851,0.127512708465331,-0.0591051186111857,1.40000017636101,5.22699615754284
-0.0139912603897497,-0.0541238376079759,34973.6809637995,0.139916501859777,-0.0129965376929094,1.39999997944742,5.24907719929453
0.0201280794173445,-0.0514335857708593,34974.023527223,0.136112107264648,0.034599675165498,1.39999960511936,5.24230467469471
0.0513515413618597,-0.0374772853688127,34974.3660905891,0.116540961697398,0.0781529783329402,1.39999931394539,5.20746442311551
0.076062939230227,-0.0138819492812183,34974.7086539032,0.0834769973425285,0.1126022323408,1.39999907778892,5.14860446357094
0.0888795133505599,0.00929700970598643,34974.9740251697,0.0510020693264855,0.130438857574467,1.3999994971129,5.09079309743462
0.095166359913515,0.0349985718952354,34975.2393964663,0.0149938178094185,0.139136251750332,1.39999942143757,5.02669176328068
0.094490014375633,0.0614287728770051,34975.5047677815,-0.0220354578254172,0.138085166544502,1.39999949911111,4.96077281773505
0.0869023258943123,0.0867375576067465,34975.7701390827,-0.0574969216176114,0.127358434252673,1.39999932909463,4.89764486665823
0.0729390080751844,0.109149267124356,34976.0355103626,-0.0889042241344832,0.107707062630428,1.39999934502602,4.84173407097425
0.0535832881136678,0.12709160778835,34976.3008816362,-0.114056743828874,0.080507056879823,1.39999933204986,4.79695794323088
0.0301964880720948,0.139307398563278,34976.5662529361,-0.131193849917486,0.0476630714723103,1.39999958140805,4.76645073120207
-0.00132715752018684,0.145241680375346,34976.8893267766,-0.139547532251094,0.00340222510953063,1.39999932136816,4.75157963471385
-0.0331098678156531,0.140824009452772,34977.2124006672,-0.133411973777408,-0.041226586479694,1.40000000495059,4.762502061307
-0.0618477554905879,0.126508949632041,34977.5354746348,-0.113424760877104,-0.0816012194684885,1.40000016621788,4.79808298953733
-0.084553821999899,0.103776547815456,34977.8585486766,-0.0816541530016785,-0.113538281492987,1.40000045287908,4.85464053581894
-0.0988683219063114,0.0749776734684737,34978.1816227444,-0.0413881366995985,-0.133735319294126,1.40000038115187,4.9263214771944
-0.103300578530849,0.0430901349303196,34978.5046968251,0.00320724606026961,-0.140103626803774,1.40000063127223,5.00570948998526
-0.0973813655476146,0.011410920009638,34978.8277708985,0.047517678661579,-0.131985071100863,1.40000039188482,5.08459023889738
-0.0814457815590894,-0.0171188417503688,34979.1550995343,0.0874260725091876,-0.109848715635249,1.39999950648825,5.15563454629342
-0.0571835744737606,-0.0390451106368399,34979.4824281231,0.118098290499354,-0.0760549350298047,1.40000018382812,5.21023675583693
-0.0271606505849734,-0.0520409167520982,34979.8097567371,0.136276727298546,-0.0341935107050583,1.39999997419399,5.24259772874085
0.00544529076406284,-0.0547280957570499,34980.1370853535,0.140030341535581,0.0112904670450753,1.39999972213923,5.24927985493015
0.0371827313632803,-0.0468235063916517,34980.4644139104,0.128960775512994,0.055566775721687,1.39999947609229,5.22957398417392
0.0646926431378909,-0.0291687330665232,34980.7917423883,0.104243854046717,0.0939334311106724,1.39999926841003,5.18557330167992
0.0850648004280215,-0.00364058664590046,34981.1190708161,0.0685040445027675,0.12231637543255,1.39999912479426,5.12194984378753
0.0961467178947007,0.0270481065830565,34981.4463992283,0.0255362176613617,0.137701799454753,1.39999905426916,5.04545918094809
0.0967723690185954,0.0596364858349587,34981.773727641,-0.0200969857333174,0.138455956962276,1.39999905333072,4.96422365586488
0.0868861362331499,0.0906619216368396,34982.1010560622,-0.0635497430339925,0.12449870739647,1.39999913606819,4.8868697272988
0.0657279658022683,0.118544832039778,34982.4534196678,-0.102615291532592,0.0947545621475119,1.39999935290321,4.81732584019757
0.0362413537512997,0.13737164177364,34982.8057833187,-0.129016318274656,0.0533496257108318,1.39999949357881,4.77032713945816
0.00206714716863545,0.144822755139818,34983.1581470326,-0.139505773689158,0.00537669705250614,1.39999982286456,4.75165397266195
-0.0325786153667196,0.139979104214873,34983.5105108369,-0.132794376677229,-0.0432666635096425,1.40000024831094,4.76360149814226
-0.0634244411542669,0.123434206194896,34983.8628747503,-0.109707508822128,-0.0866036031511662,1.40000067170291,4.80470038433078
-0.0866666350029544,0.0972190061400313,34984.2152387514,-0.0730827369279806,-0.119310387393285,1.40000088168002,4.86989923855412
-0.0994350869366444,0.0645516487382919,34984.5676027974,-0.0274205355607881,-0.137368122829561,1.40000100579797,4.95118638538089
-0.100991826409116,0.0363138826339113,34984.8509724889,0.0120588818818238,-0.139700907350062,1.39999944806012,5.02146703559498
-0.0946003404460947,0.00874270665102082,34985.1343420579,0.0506087939855514,-0.130906745598493,1.39999994354979,5.09009299473645
-0.0807604905091384,-0.0159729040353248,34985.4177116073,0.0851637202716084,-0.111686195669097,1.39999978501284,5.15160714172238
-0.0605661140950342,-0.0358657794051934,34985.7010812055,0.112969144470922,-0.0835671895189845,1.39999993048472,5.20110592916135
-0.0356196976185814,-0.0493490599988737,34985.9844508187,0.131804700504286,-0.0487943345035572,1.39999972933612,5.23463669559409
-0.00790378964744435,-0.0553480316056527,34986.2678204025,0.140165723053148,-0.010142848612504,1.39999972721112,5.24952085902033
0.0203784849435041,-0.0533874859047995,34986.5511899465,0.137385827482203,0.0293041356536734,1.39999956841429,5.24457213178702
0.0481716527259115,-0.042975496838042,34986.8481000623,0.122773491045663,0.0680635784730238,1.39999954810502,5.21855947576443
0.0716972029499104,-0.0249195565120764,34987.1450101653,0.0974598617315631,0.100853503887747,1.39999935676327,5.17349654316014
0.088904911545728,-0.000802850881227734,34987.4419202478,0.0636607095036223,0.124803374050885,1.39999927238979,5.11332781349948
0.0982977218614144,0.0272610173852499,34987.7388303093,0.0243337137333336,0.137816752555705,1.39999923214173,5.04331850199634
0.0990629047174284,0.0568129985878143,34988.0357403644,-0.0170796323729968,0.138755012297269,1.39999925242004,4.96959510179357
0.0911428013068102,0.0852638745733023,34988.3326504265,-0.0569554997043911,0.127536431492108,1.39999927677859,4.89860869760018
0.0752396013632501,0.110120870172906,34988.6295605039,-0.091804431829288,0.10514285668667,1.39999936441766,4.8365711659531
0.0480072653027016,0.131960714162357,34988.9814746882,-0.122446267455538,0.0668640412288662,1.39999933433955,4.78202304262538
0.014900761217272,0.14302463163875,34989.3333889163,-0.138013197801154,0.0203573987352081,1.39999976257541,4.75431103324435
-0.0129640236508113,0.143174483326864,34989.613813711,-0.138292332942275,-0.0187833400507299,1.39999932416332,4.75381412117
-0.0397828278998298,0.135581833577027,34989.8942385155,-0.127733245268078,-0.0564622069863093,1.3999998289575,4.77261124624128
-0.0634613810074692,0.120835275701453,34990.1746633493,-0.107158665036144,-0.0897485273103407,1.39999983753666,4.80923779673899
-0.0821448739505695,0.100081688338027,34990.4550882242,-0.0781723759153013,-0.116043026158541,1.40000005885689,4.86083874170399
-0.0943632765481455,0.0749386783895998,34990.7355130946,-0.0430402169530299,-0.13328948319861,1.39999973532303,4.9233804694
-0.0991520685555531,0.047368001712627,34991.0159379624,-0.00450817746535151,-0.14013670178627,1.40000008875392,4.99197461198596
-0.0961300743182532,0.0195209965443376,34991.2963628335,0.0344129946550879,-0.136051422641392,1.39999992522005,5.06126148248487
-0.0836501038587052,-0.00951552968157528,34991.6127595086,0.0749959863661259,-0.118744938299776,1.39999949719328,5.13350669859604
-0.0627613024620943,-0.0332634253623873,34991.9291561907,0.108181826643274,-0.0896659124650691,1.40000011024279,5.1925836197783
-0.0355285627463958,-0.0493671445100569,34992.2455529108,0.13067321952138,-0.0517038212789036,1.39999999293533,5.23262245059417
-0.0046462909559822,-0.0562313525280297,34992.5619496292,0.140235465695939,-0.00862803845290964,1.39999977614896,5.24964501379769
0.0268297245158536,-0.0531793588935307,34992.8783462934,0.135919866176507,0.0352849244194688,1.39999956219097,5.24196245007369
0.0557851339402884,-0.0405190208792475,34993.1947428935,0.118155707664534,0.0756758865932793,1.39999938326911,5.21033896898909
0.0793556022172854,-0.0195114690730822,34993.5111394543,0.0887063964840791,0.108535275179479,1.39999924597947,5.15791375929272
0.0952110855924705,0.00775380106376251,34993.8275360304,0.0504949377122802,0.130601002940079,1.39999947903472,5.08989030955427
0.101787353335753,0.0385658849390356,34994.143932604,0.00731426716119792,0.139682395398427,1.39999912140209,5.01302074562462
0.0984414960845694,0.0698615427435409,34994.4603291504,-0.0365481253000436,0.134877925624574,1.39999915659919,4.9349375908617
0.0855156343001064,0.0985295242958895,34994.776725684,-0.076738956574923,0.116664580533897,1.39999922318752,4.86339049271242
0.0609627719866762,0.124251167933023,34995.1350883655,-0.112823125202276,0.0821590820058902,1.39999933291151,4.79915401208928
0.028929931081074,0.139680358599823,34995.4934511083,-0.134512160866625,0.0371792051759703,1.39999961041412,4.76054352521412
0.000245485092288181,0.143237152711338,34995.7842915749,-0.139572546515283,-0.00309163698337467,1.39999932290755,4.75153510470643
-0.028256940065641,0.138395240823093,34996.0751320634,-0.132877290461659,-0.0431108994156728,1.39999987736447,4.76345389630163
-0.0541853337606543,0.125557101115058,34996.3659725994,-0.114987359962699,-0.0795307740775044,1.39999995541148,4.79530127473824
-0.0753576161137424,0.105795207085018,34996.65681318,-0.0874023239985514,-0.109294390661563,1.40000008956985,4.84440773043904
-0.0899851843794765,0.0807643374163696,34996.9476537556,-0.0524401545900967,-0.12989940485011,1.3999998637261,4.90664684535235
-0.0968295005784984,0.0525632448916293,34997.2384943276,-0.0130385834976769,-0.13961122907232,1.40000016298631,4.97678891469411
-0.0953088938951126,0.0235573351410501,34997.5293349064,0.0274924973392292,-0.137615296599953,1.40000004907881,5.04894171986754
-0.085269332710328,-0.00433686293380892,34997.8260030291,0.0664700797941528,-0.123697153839763,1.39999949638747,5.11832901117414
-0.067524964304846,-0.0281055461183805,34998.1226711351,0.0996769656521463,-0.0989924233838917,1.39999999009549,5.17744339737493
-0.0436181104621302,-0.0456763521292731,34998.4193392606,0.124211338764482,-0.0656593737025183,1.39999988803142,5.22111911010388
-0.015629583403547,-0.0555182283356791,34998.7160073929,0.137928819296765,-0.026608931713166,1.39999976097541,5.24553875744313
0.0140027615123794,-0.056775385273515,34999.0126754967,0.139631195733591,0.014746453150742,1.39999961792064,5.24856930172772
0.0426973287746675,-0.0493422441239418,34999.3093435586,0.129169983141413,0.0547929290876,1.3999994931325,5.22994641236835
0.067954628178296,-0.0338726132546445,34999.6060115904,0.107459043323483,0.0900317737018998,1.3999993816913,5.19129693205671
0.0887019596690487,-0.0099459653379744,34999.923683534,0.0739040896850722,0.118954022468379,1.39999949413621,5.13156292095994
0.0920369718256089,-0.00415522774949703,34999.9905075204,0.0657847437442487,0.123597702719735,1.39999948714368,5.11710898650502
