xt,yt,i
-0.101265375213256,-0.000666235668997109,3
-0.101227115022924,-0.000626058119736311,3
-0.101178011847556,-0.000589654447079958,3
-0.101120003592194,-0.000568987618443206,3
-0.101059428151506,-0.000568945899098124,3
-0.101000827794687,-0.000587675335024039,3
-0.100947791262535,-0.000622870531085199,3
-0.100905681294988,-0.000672407768531617,3
-0.100879019277687,-0.000734258232277317,3
-0.100872361593365,-0.000801635181175125,3
-0.100886252691005,-0.000868328966613902,3
-0.100919393080061,-0.000928430069595181,3
-0.100968965221979,-0.000976378807564537,3
-0.101030475038362,-0.00100754060415398,3
-0.10109811773901,-0.0010191143266833,3
-0.10117220290529,-0.001012597125814,3
-0.101229421452458,-0.000988705455897777,3
-0.101268363359354,-0.000947493739706351,3
-0.101293430870864,-0.000892120875250469,3
-0.10130247660228,-0.000836018675806648,3
-0.101298575009643,-0.000786447280227413,3
-0.101283567552406,-0.000744347096643512,3
-0.101258777994272,-0.00071066004854174,3
-0.101228056857044,-0.000686959012889985,3
-0.101195318695639,-0.000673349963054258,3
-0.101164744064666,-0.000668801788123043,3
-0.101138204941403,-0.000671182357971867,3
-0.101116606407301,-0.000678251632110528,3
-0.101100176755327,-0.000687590645833487,3
-0.101088283055115,-0.000696961026927276,3
-0.101079573914614,-0.000704850128894957,3
-0.101062730416481,-0.000718450454094098,3
-0.101039671812947,-0.000739604585961541,3
-0.101026563347904,-0.000749739582105367,3
-0.101013495767717,-0.000755487622438145,3
-0.100999703968649,-0.00076658595700814,3
-0.100988852449198,-0.000786959140169713,3
-0.100982917163913,-0.000814229611103445,3
-0.100982591571134,-0.000845828868672452,3
-0.100990230779545,-0.00088013787367576,3
-0.10100882584017,-0.000915472729768031,3
-0.101039652446788,-0.000947233407103697,3
-0.101081616356622,-0.000971204930403015,3
-0.101132055300171,-0.000983775960792098,3
-0.101187365591583,-0.000981998433327015,3
-0.101243015899761,-0.000963894371152046,3
-0.101293764995848,-0.000929086214940943,3
-0.101333449675879,-0.00087310742427394,3
-0.101344244997259,-0.000811060088466299,3
-0.101339910558017,-0.000749660068296871,3
-0.101318726367323,-0.000684247615156043,3
-0.101280882232571,-0.000628434490600009,3
-0.101231501490396,-0.000589084004942494,3
-0.101174311449669,-0.00056653199528043,3
-0.101112553699594,-0.000560909200935544,3
-0.101051905203747,-0.000572562255756325,3
-0.100996976251634,-0.000601073787504791,3
-0.100954131694519,-0.000642757990294722,3
-0.100925988575007,-0.000693289528446793,3
-0.100913836786245,-0.000748065226550815,3
-0.100917712711705,-0.00080216728165877,3
-0.100936153153022,-0.000850974913514484,3
-0.100966484090242,-0.000890839964424961,3
-0.101006699283503,-0.000930738122638802,3
-0.101046812108599,-0.000961524183430436,3
-0.101085526642251,-0.000966013467890926,3
-0.101122466152722,-0.000954676980584747,3
-0.101154440288311,-0.000937693485340438,3
-0.101182340842607,-0.000919556709544904,3
-0.101205297829208,-0.000899405273566661,3
-0.101221878642882,-0.000877240942067,3
-0.101233164651814,-0.000854418613306582,3
-0.101241017091144,-0.000831314554242332,3
-0.101246402243234,-0.000808090513278112,3
-0.101249227361396,-0.000784378395595531,3
-0.101249110472879,-0.000760024972520871,3
-0.101245596704036,-0.00073473507793548,3
-0.10123781112753,-0.000708319376866065,3
-0.101224564700952,-0.000681322729464924,3
-0.101191251407699,-0.000656339938880271,3
-0.101141759327478,-0.000646485733745022,3
-0.101102400343313,-0.000638464667775201,3
-0.101060263500896,-0.000633216439557709,3
-0.101016797573644,-0.000640797303492507,3
-0.100977675001538,-0.000664412024176164,3
-0.100946200425802,-0.000700535684667006,3
-0.100923996849884,-0.000745537548153647,3
-0.100914109889841,-0.000796592058555545,3
-0.100919433821507,-0.000851142406757092,3
-0.100941239419147,-0.000903085479074361,3
-0.100977969847718,-0.000947556186745073,3
-0.101026644839694,-0.000980558664982378,3
-0.101083441003776,-0.00099893273367424,3
-0.10114375458303,-0.00100063794762471,3
-0.101202535066051,-0.000985197538193643,3
-0.101257126371587,-0.000951641619470381,3
-0.101289098940801,-0.000909134340223775,3
-0.101306097832819,-0.000859847146197855,3
-0.101309579965186,-0.000801787533804665,3
-0.101298274847581,-0.000747548037987052,3
-0.101275847474175,-0.000703806817715126,3
-0.10124482927867,-0.000670875729113764,3
-0.101206998542071,-0.00064875856265539,3
-0.101166250945665,-0.000638231846036771,3
-0.101126175891138,-0.000639291922890368,3
-0.101091620622756,-0.000650196511865514,3
-0.101064472677631,-0.000668010784448544,3
-0.101045335461718,-0.000689826970212276,3
-0.101034085766339,-0.000712756701914789,3
-0.101029745334035,-0.000734119579156894,3
-0.101030490919933,-0.000752012363245236,3
-0.101026974181315,-0.000775046412245746,3
-0.101018297805816,-0.000802659060255905,3
-0.101017219194579,-0.000815965730718539,3
-0.101016603492975,-0.000823598198803389,3
-0.101016217677101,-0.000835170935825677,3
-0.101019834864589,-0.000853713725451087,3
-0.101028826595312,-0.000876017026813294,3
-0.101043141230522,-0.000899196985406522,3
-0.101064420739686,-0.000921348857461823,3
-0.10109464702259,-0.000940167742513327,3
-0.101133055705642,-0.000951503445048518,3
-0.101177047186587,-0.000952372576591282,3
-0.101223133163194,-0.000940800067113418,3
-0.101267307894647,-0.000915633603689737,3
-0.101305113042312,-0.000876999322315067,3
-0.101332214494185,-0.000826697861889589,3
-0.101337600439746,-0.000761083580946439,3
-0.101311915528246,-0.000701132064508746,3
-0.101280087759816,-0.000649927427065073,3
-0.101234934468333,-0.000601483021974658,3
-0.101178240904666,-0.00056827285668036,3
-0.101116279340709,-0.000555692508900779,3
-0.101053633408399,-0.000562403857442745,3
-0.100994037741988,-0.0005866149156004,3
-0.100943093546589,-0.0006267008821761,3
-0.100905323270288,-0.000681033358622303,3
-0.100886014282754,-0.00074344767158202,3
-0.100886282509968,-0.000808040205998756,3
-0.100905469929175,-0.000869100333811153,3
-0.100941461065332,-0.000921143316160037,3
-0.100990495029376,-0.000959452620240626,3
-0.101047485445821,-0.000980970898781519,3
-0.101112010330028,-0.000989842894155199,3
-0.101164351589439,-0.000983761510548305,3
-0.101203233396949,-0.000957577956673068,3
-0.101231749818477,-0.000917048233479621,3
-0.10124769855292,-0.000874788132303191,3
-0.101253909490392,-0.00083726959673118,3
-0.10125177258451,-0.00080469714440233,3
-0.101241964607212,-0.000777379604881548,3
-0.10122753288353,-0.000756409494050671,3
-0.101211829181633,-0.000741544331590849,3
-0.10119767008209,-0.000731585468427401,3
-0.101185873845791,-0.000724645409181386,3
-0.101176377913132,-0.000718981531438043,3
-0.101168583036103,-0.000712896022092255,3
-0.10116123105209,-0.000705072182595093,3
-0.101152608215808,-0.000695066515457053,3
-0.101129728116645,-0.000687430697675802,3
-0.101094353281299,-0.000690049455956649,3
-0.1010675314133,-0.000688499771257511,3
-0.101038250253958,-0.000686245892269489,3
-0.101006754258251,-0.000693526094145809,3
-0.100977813287207,-0.000714496045551939,3
-0.100954533619677,-0.000746724635360359,3
-0.100938684882203,-0.000787305938238144,3
-0.100933568074185,-0.000834025309273411,3
-0.10094278736468,-0.000884723530926147,3
-0.100968445558813,-0.000933551808324364,3
-0.101009705557562,-0.000975170097553185,3
-0.101063855917701,-0.0010048340587011,3
-0.101126955108531,-0.00101853545000529,3
-0.101193879474015,-0.00101337406619718,3
-0.101258589010714,-0.000988244315647938,3
-0.101317578477205,-0.000938981715699852,3
-0.101348465808284,-0.000877697412008112,3
-0.101359528292186,-0.000812793784438034,3
-0.101352310515421,-0.000740530005631339,3
-0.101326283623405,-0.000675004475148386,3
-0.101285999958739,-0.00062369169808537,3
-0.101234793951768,-0.000587633720301045,3
-0.101175703463514,-0.000567720534139183,3
-0.101114384626344,-0.00056506690482562,3
-0.101055467356227,-0.000579668601538262,3
-0.101005618660466,-0.000608899052331073,3
-0.100967919719942,-0.000649026923019595,3
-0.100944230337791,-0.000695908578925826,3
-0.1009352264696,-0.000744939872253012,3
-0.100940117543195,-0.000791665223114808,3
-0.10095690218206,-0.000832458376846923,3
-0.100981473607148,-0.000877497668669285,3
-0.101007968914819,-0.000917333606512381,3
-0.101037907682445,-0.000931462246949291,3
-0.101068309129267,-0.000931343501301207,3
-0.101096274327212,-0.000926681281069389,3
-0.101122904724034,-0.00092146788262442,3
-0.10114742938599,-0.000914299280212423,3
-0.101168398468208,-0.000904604687813082,3
-0.101186764891192,-0.000893151700885195,3
-0.101204371021492,-0.000879922755276596,3
-0.101221675247763,-0.000864248131546258,3
-0.101238044798859,-0.000845294091356648,3
-0.101252445711712,-0.000822548140083621,3
-0.101263669877516,-0.000795489896603853,3
-0.101270022454911,-0.00076388205279955,3
-0.10126948144193,-0.000728423964330045,3
-0.101248713040322,-0.000689181103198017,3
-0.101207233804985,-0.00066169990038209,3
-0.101170485285279,-0.000638088083958811,3
-0.101127199506879,-0.000616847410638444,3
-0.10107874503641,-0.000608940290889155,3
-0.101030931739397,-0.000618473936595171,3
-0.100987446158102,-0.000642793761824217,3
-0.100950528249,-0.000679046565256473,3
-0.100924032844576,-0.000725032018999865,3
-0.100911399042662,-0.00077875782650761,3
-0.100915422779391,-0.000834353197485989,3
-0.10093570263193,-0.000886787576940447,3
-0.100970338390406,-0.000931619716635183,3
-0.101016452096452,-0.000964993978045418,3
-0.101070181498071,-0.000983946042517926,3
-0.101126945122702,-0.00098690184274336,3
-0.101185489008378,-0.000975603189592465,3
-0.101228044587917,-0.000953153177609082,3
-0.101257580722288,-0.000916963443168016,3
-0.101276395537861,-0.000868561748685472,3
-0.101282267208147,-0.000819983331803775,3
-0.101277805441018,-0.000777607685591764,3
-0.101264445656598,-0.000741718149754371,3
-0.101242904861821,-0.00071256177425588,3
-0.101216126853771,-0.000691407882575847,3
-0.101187154388556,-0.000678615765273373,3
-0.101159848460813,-0.000673554610397385,3
-0.101135741696645,-0.000674332250952349,3
-0.101115367674189,-0.000679112503992718,3
-0.101101931967239,-0.000683955079088162,3
