freqs,specs
0,1.94099824850565e-07
0.00359045799882233,9.26573013635363e-08
0.00718091599764466,2.95713677072333e-08
0.010771373996467,2.33141414011371e-08
0.0143618319952893,3.31411495430751e-08
0.0179522899941117,1.61667494459631e-08
0.021542747992934,5.07533265791011e-09
0.0251332059917563,2.2384985435066e-08
0.0287236639905786,3.00002605737228e-08
0.032314121989401,2.00268904063457e-08
0.0359045799882233,1.37150093314552e-08
0.0394950379870456,5.86373569361106e-09
0.043085495985868,2.44224782129476e-08
0.0466759539846903,1.84584990142901e-08
0.0502664119835126,4.22973601092487e-09
0.053856869982335,1.5688163327366e-08
0.0574473279811573,1.30180147103881e-08
0.0610377859799796,6.32111041125513e-09
0.0646282439788019,8.88328271976484e-09
0.0682187019776243,1.0101432636743e-08
0.0718091599764466,1.98007626341091e-08
0.0753996179752689,1.76313388298888e-08
0.0789900759740913,1.10427170273365e-08
0.0825805339729136,1.45042591904158e-08
0.0861709919717359,2.08551622850216e-09
0.0897614499705583,1.12533880000223e-08
0.0933519079693806,1.03065982717538e-08
0.0969423659682029,1.07662018764193e-08
0.100532823967025,1.19149733743031e-08
0.104123281965848,7.71815534679834e-09
0.10771373996467,1.10336852708639e-08
0.111304197963492,7.38428598305331e-09
0.114894655962315,9.93258181902702e-09
0.118485113961137,2.01526874518822e-08
0.122075571959959,1.09172544310025e-08
0.125666029958782,7.95130727158634e-09
0.129256487957604,8.84566287363433e-09
0.132846945956426,7.2079710756606e-09
0.136437403955249,3.46892667337623e-09
0.140027861954071,1.37496094492173e-08
0.143618319952893,1.44132954288835e-08
0.147208777951716,6.49950375118e-09
0.150799235950538,9.19363637333094e-09
0.15438969394936,5.52079918263344e-09
0.157980151948183,1.49010010652203e-09
0.161570609947005,1.09103972917019e-08
0.165161067945827,1.04187264574861e-08
0.16875152594465,8.42966677826775e-09
0.172341983943472,1.45549024072691e-08
0.175932441942294,1.06753030738598e-08
0.179522899941117,9.57305674474325e-09
0.183113357939939,6.6306692815036e-09
0.186703815938761,8.79953337675595e-09
0.190294273937583,3.6535123229745e-09
0.193884731936406,9.34268371346368e-09
0.197475189935228,5.91206133556952e-09
0.20106564793405,5.3323187728322e-09
0.204656105932873,4.90709968466082e-09
0.208246563931695,5.99605012511933e-09
0.211837021930517,8.91126133713759e-09
0.21542747992934,7.42353044584228e-09
0.219017937928162,2.66576740275678e-09
0.222608395926984,1.15137737533788e-08
0.226198853925807,1.95284594438369e-08
0.229789311924629,6.10495031358945e-09
0.233379769923451,9.73598607546529e-09
0.236970227922274,2.90659146500723e-10
0.240560685921096,3.57365640905638e-09
0.244151143919918,6.22380796744606e-09
0.247741601918741,1.37546609539197e-08
0.251332059917563,9.67025034973305e-09
0.254922517916385,3.98010647291315e-09
0.258512975915208,6.69934754274796e-09
0.26210343391403,1.49673763726186e-09
0.265693891912852,1.21745285589065e-08
0.269284349911675,7.93527241410688e-09
0.272874807910497,9.99991386526157e-09
0.276465265909319,8.2306468847464e-10
0.280055723908142,8.1547314752586e-09
0.283646181906964,1.24790543257106e-08
0.287236639905786,1.40632564293595e-08
0.290827097904609,9.20597077821103e-09
0.294417555903431,3.70784688371962e-09
0.298008013902253,4.514779944989e-09
0.301598471901076,2.93037490636563e-09
0.305188929899898,5.44763441026797e-09
0.30877938789872,1.35595345955026e-08
0.312369845897543,8.80822111531885e-09
0.315960303896365,4.55793265968468e-09
0.319550761895187,4.65451248828412e-09
0.32314121989401,9.08714954702818e-09
0.326731677892832,5.50637904412201e-09
0.330322135891654,5.42454186095347e-09
0.333912593890477,1.72318703837987e-08
0.337503051889299,2.96663985534973e-09
0.341093509888121,3.37099933720732e-09
0.344683967886944,1.6055623497729e-08
0.348274425885766,8.80481489262965e-09
0.351864883884588,3.30735691601405e-09
0.355455341883411,1.18724039502215e-08
0.359045799882233,6.61383802075273e-09
0.362636257881055,2.52306304202221e-09
0.366226715879878,9.31892108056739e-09
0.3698171738787,7.26625933323389e-09
0.373407631877522,1.4454713665563e-09
0.376998089876345,2.96731048823064e-09
0.380588547875167,6.4838705711587e-09
0.384179005873989,1.09810356156638e-08
0.387769463872812,6.66804474796769e-09
0.391359921871634,9.18583779992517e-09
0.394950379870456,1.73384113147604e-08
0.398540837869279,2.8195517619031e-09
0.402131295868101,2.01983151264374e-08
0.405721753866923,7.97684455403546e-09
0.409312211865746,1.18361723622942e-08
0.412902669864568,4.59206539995042e-09
0.41649312786339,1.0612135489093e-08
0.420083585862213,3.70588174729015e-09
0.423674043861035,5.51535119139817e-09
0.427264501859857,9.1620474185395e-09
0.43085495985868,1.2020207055692e-09
0.434445417857502,1.09120521476473e-08
0.438035875856324,1.99118916208785e-08
0.441626333855147,1.61132474414058e-08
0.445216791853969,2.08362977222657e-09
0.448807249852791,2.1216588370665e-09
0.452397707851614,1.15848305574223e-08
0.455988165850436,1.24151058636686e-08
0.459578623849258,1.61568661781723e-08
0.463169081848081,1.8427803061502e-08
0.466759539846903,1.85960962757618e-08
0.470349997845725,1.31443560329833e-08
0.473940455844548,1.93857162581863e-08
0.47753091384337,1.96059532711939e-08
0.481121371842192,1.38984015114022e-08
0.484711829841015,1.93203355480194e-08
0.488302287839837,2.25820682523173e-08
0.491892745838659,4.04885285721223e-09
0.495483203837482,7.58265661390206e-09
0.499073661836304,1.84197404235855e-08
0.502664119835126,2.0773391461863e-08
0.506254577833949,1.35125303966853e-08
0.509845035832771,2.37969282321651e-08
0.513435493831593,2.723169924703e-08
0.517025951830416,1.24491227332026e-08
0.520616409829238,2.52606025735303e-08
0.52420686782806,2.17518457467473e-08
0.527797325826883,1.09326721574899e-08
0.531387783825705,1.20561390598036e-08
0.534978241824527,2.00142110388249e-08
0.53856869982335,1.1252341100836e-08
0.542159157822172,1.71185749910189e-08
0.545749615820994,1.59863408184546e-09
0.549340073819817,1.7500522622847e-08
0.552930531818639,2.22940917050053e-08
0.556520989817461,4.55305471034333e-09
0.560111447816284,4.56243500828271e-09
0.563701905815106,1.9938531702503e-08
0.567292363813928,1.79703549912365e-08
0.57088282181275,1.43588818419107e-08
0.574473279811573,1.17927057035289e-08
0.578063737810395,1.18068534499788e-08
0.581654195809218,5.27268645121095e-09
0.58524465380804,1.8192950347721e-08
0.588835111806862,1.31515780273769e-08
0.592425569805685,6.65053869723549e-09
0.596016027804507,4.67124095567173e-09
0.599606485803329,3.66740255350916e-09
0.603196943802151,1.93632123513413e-09
0.606787401800974,8.72980385116576e-09
0.610377859799796,2.80753877046489e-09
0.613968317798618,6.42142337095852e-09
0.617558775797441,2.37342743012771e-09
0.621149233796263,6.31883951895546e-09
0.624739691795085,8.57932472315046e-09
0.628330149793908,1.74753945371005e-08
0.63192060779273,1.10806800311968e-08
0.635511065791552,4.57157028972197e-09
0.639101523790375,2.87237962935888e-09
0.642691981789197,6.92347207873458e-09
0.646282439788019,3.52235526388266e-09
0.649872897786842,1.90059180443143e-08
0.653463355785664,1.15944826091529e-08
0.657053813784486,1.49781540671027e-08
0.660644271783309,1.19226675075804e-08
0.664234729782131,1.42743770278419e-08
0.667825187780953,9.06426114529531e-09
0.671415645779776,3.28300341449431e-09
0.675006103778598,3.4105499471619e-09
0.67859656177742,9.43550972836034e-09
0.682187019776243,5.69881849973248e-09
0.685777477775065,1.24191654153076e-08
0.689367935773887,1.15803613176943e-08
0.69295839377271,1.44656999246792e-08
0.696548851771532,1.18426435099891e-08
0.700139309770354,1.48077460372191e-08
0.703729767769177,2.38582209979115e-09
0.707320225767999,8.39618910066009e-09
0.710910683766821,1.41641963371358e-08
0.714501141765644,8.6116894924703e-11
0.718091599764466,6.67818961036033e-09
0.721682057763288,5.67378004807677e-09
0.725272515762111,3.81553089948315e-09
0.728862973760933,7.22488800267347e-09
0.732453431759755,1.25553160580825e-08
0.736043889758578,1.47968872036676e-09
0.7396343477574,6.37992238089351e-09
0.743224805756222,1.41444118054579e-08
0.746815263755045,1.31080846908423e-08
0.750405721753867,4.45738740414176e-09
0.753996179752689,9.69664219842755e-09
0.757586637751512,7.49087497994175e-09
0.761177095750334,1.03088341188817e-08
0.764767553749156,7.25666856664914e-09
0.768358011747979,2.03169956289192e-09
0.771948469746801,2.02659450213899e-09
0.775538927745623,7.419431241848e-09
0.779129385744446,1.13388149102329e-08
0.782719843743268,2.04943590586769e-08
0.78631030174209,1.70757822414189e-08
0.789900759740913,5.82974627479414e-09
0.793491217739735,8.44569480858501e-09
0.797081675738557,1.090032321938e-08
0.80067213373738,2.06284096283868e-08
0.804262591736202,8.53378080353373e-09
0.807853049735024,4.91925338819255e-09
0.811443507733847,1.52250998081687e-08
0.815033965732669,1.19326870866843e-08
0.818624423731491,1.78088835490086e-08
0.822214881730314,3.67218245389729e-09
0.825805339729136,2.51569371716226e-08
0.829395797727958,2.10290526146144e-08
0.832986255726781,1.4807702706633e-09
0.836576713725603,1.61891605522353e-08
0.840167171724425,5.10692897850813e-09
0.843757629723248,1.58993547415999e-09
0.84734808772207,3.56788704995074e-09
0.850938545720892,1.31203177946057e-08
0.854529003719715,6.99206267137708e-09
0.858119461718537,5.10444849753705e-09
0.861709919717359,8.03582950548968e-09
0.865300377716182,1.57655569272576e-08
0.868890835715004,1.11005752370621e-08
0.872481293713826,2.57837356318181e-08
0.876071751712649,1.08845286912609e-08
0.879662209711471,1.81378986303884e-08
0.883252667710293,1.29849088260842e-08
0.886843125709115,7.50904376341102e-09
0.890433583707938,1.47678352266359e-08
0.89402404170676,6.08545231073165e-09
0.897614499705583,8.79546095552633e-09
0.901204957704405,7.11576172947405e-09
0.904795415703227,3.31983140792631e-09
0.90838587370205,1.11771104048188e-08
0.911976331700872,7.67195627371858e-09
0.915566789699694,7.41998861593772e-09
0.919157247698516,9.24220357906785e-09
0.922747705697339,6.3485117803656e-09
0.926338163696161,1.21852891804095e-08
0.929928621694984,1.22572523292361e-08
0.933519079693806,1.88156635797762e-08
0.937109537692628,2.07873314867914e-08
0.940699995691451,1.94060632533506e-08
0.944290453690273,2.41249515355505e-08
0.947880911689095,3.31093060278816e-08
0.951471369687917,1.90504120920162e-08
0.95506182768674,1.01779030027317e-08
0.958652285685562,2.00533262445466e-08
0.962242743684384,3.08882356637683e-08
0.965833201683207,1.93976445587654e-08
0.969423659682029,2.27720523196967e-08
0.973014117680852,2.61526767513513e-08
0.976604575679674,5.67741589346523e-08
0.980195033678496,5.25468355981369e-08
0.983785491677318,3.42924675026025e-08
0.987375949676141,4.18748664417839e-08
0.990966407674963,4.91782759875644e-08
0.994556865673785,6.69395266190703e-08
0.998147323672608,2.27039624296917e-07
1.00173778167143,2.35565813296688e-07
1.00532823967025,7.45617104005327e-08
1.00891869766907,5.79065795395776e-08
1.0125091556679,3.94042388743556e-08
1.01609961366672,3.27855065746316e-08
1.01969007166554,5.42643874550822e-08
1.02328052966436,5.30937950062125e-08
1.02687098766319,1.79040749168752e-08
1.03046144566201,1.55828366560713e-08
1.03405190366083,1.80261986900771e-08
1.03764236165965,2.36152537155007e-08
1.04123281965848,2.2687690314295e-08
1.0448232776573,1.59625599303026e-08
1.04841373565612,2.02087483459227e-08
1.05200419365494,3.60305587743738e-08
1.05559465165377,2.26966100646729e-08
1.05918510965259,1.43326537546143e-08
1.06277556765141,1.85510146473365e-08
1.06636602565023,1.85133498326844e-08
1.06995648364905,1.27161725875121e-08
1.07354694164788,1.0610094136e-08
1.0771373996467,5.25926665752937e-09
1.08072785764552,1.61577411571188e-08
1.08431831564434,1.03526320615502e-08
1.08790877364317,4.6976180976383e-09
1.09149923164199,1.56261880163644e-08
1.09508968964081,5.8051627864504e-09
1.09868014763963,3.78998800727084e-09
1.10227060563846,5.21297440141178e-09
1.10586106363728,1.09580953338912e-08
1.1094515216361,1.38410854240623e-08
1.11304197963492,1.91772688215859e-09
1.11663243763374,1.55854084564414e-08
1.12022289563257,2.2749265136533e-08
1.12381335363139,1.0534222963712e-08
1.12740381163021,2.78291112274723e-08
1.13099426962903,1.80401175708619e-08
1.13458472762786,1.16481058852604e-08
1.13817518562668,1.23303232368366e-08
1.1417656436255,5.76055948706893e-09
1.14535610162432,6.74345015460394e-09
1.14894655962315,1.35561709692921e-08
1.15253701762197,6.80149441548309e-09
1.15612747562079,4.18473462824266e-09
1.15971793361961,2.40803535202933e-09
1.16330839161844,1.12574853233246e-08
1.16689884961726,1.89147076425403e-09
1.17048930761608,1.68791920287823e-08
1.1740797656149,2.65528472651123e-08
1.17767022361372,4.14300685976768e-09
1.18126068161255,1.59612118921479e-08
1.18485113961137,1.21397429579101e-08
1.18844159761019,1.53102421782408e-08
1.19203205560901,4.66267794810757e-09
1.19562251360784,8.42452040308983e-09
1.19921297160666,1.48033751709213e-08
1.20280342960548,8.73183025078868e-09
1.2063938876043,7.993226442666e-09
1.20998434560313,8.09653189139762e-09
1.21357480360195,1.72374289790878e-08
1.21716526160077,1.408102667344e-08
1.22075571959959,8.26120880613579e-09
1.22434617759841,4.24283529500848e-09
1.22793663559724,9.46484017579307e-09
1.23152709359606,1.23430260894736e-08
1.23511755159488,5.90444621508463e-09
1.2387080095937,9.95194008612019e-09
1.24229846759253,1.08015220805677e-08
1.24588892559135,7.76855768045107e-09
1.24947938359017,5.6881503666014e-09
1.25306984158899,3.73237758080256e-09
1.25666029958782,9.30253423449913e-09
1.26025075758664,4.40471977329937e-09
1.26384121558546,4.64133789442266e-09
1.26743167358428,1.22665570318334e-08
1.2710221315831,4.44357313762953e-09
1.27461258958193,9.05604963029893e-09
1.27820304758075,3.46534899901394e-09
1.28179350557957,5.11691032090792e-09
1.28538396357839,6.07677003013139e-09
1.28897442157722,7.67690161856215e-09
1.29256487957604,1.20501043190658e-08
1.29615533757486,8.02442281341434e-09
1.29974579557368,9.72279878678161e-09
1.30333625357251,1.16553911700257e-08
1.30692671157133,1.15122858243878e-08
1.31051716957015,1.11069315396357e-08
1.31410762756897,3.03516956123923e-09
1.3176980855678,5.14974876503674e-09
1.32128854356662,7.35429100624025e-09
1.32487900156544,2.21229254388954e-09
1.32846945956426,4.67319529281471e-10
1.33205991756308,9.7350181757222e-09
1.33565037556191,1.67606639883467e-08
1.33924083356073,3.69328874118758e-09
1.34283129155955,1.26616923364909e-08
1.34642174955837,1.26594083415207e-08
1.3500122075572,1.23453679528475e-08
1.35360266555602,3.58849894973398e-09
1.35719312355484,5.83833157520486e-09
1.36078358155366,5.09787133996903e-09
1.36437403955249,1.45514032290216e-09
1.36796449755131,7.10628249044983e-09
1.37155495555013,1.34174103243784e-08
1.37514541354895,7.81195823242039e-09
1.37873587154777,5.66413265357531e-09
1.3823263295466,1.53527293973494e-09
1.38591678754542,7.33770526949391e-09
1.38950724554424,2.51898435815422e-09
1.39309770354306,7.37183450933678e-09
1.39668816154189,2.04269616175136e-09
1.40027861954071,4.12641395095791e-09
1.40386907753953,8.90343292570734e-09
1.40745953553835,1.09289520914197e-08
1.41104999353718,1.1439603692629e-08
1.414640451536,2.00482454882132e-08
1.41823090953482,2.25683465559286e-09
1.42182136753364,2.3669463260595e-08
1.42541182553247,1.42935564917255e-08
1.42900228353129,7.49858100325224e-09
1.43259274153011,1.35302054162611e-08
1.43618319952893,1.7244622975637e-08
1.43977365752775,1.21344847104486e-08
1.44336411552658,9.89659692734464e-09
1.4469545735254,1.88586127602808e-08
1.45054503152422,1.74946212788456e-08
1.45413548952304,3.2049664018385e-09
1.45772594752187,2.0213606380575e-08
1.46131640552069,1.24952142795392e-08
1.46490686351951,2.56123374056617e-08
1.46849732151833,1.4409815665726e-08
1.47208777951716,1.11570915903408e-08
1.47567823751598,1.8682097445848e-08
1.4792686955148,2.25285139520007e-08
1.48285915351362,1.82164064007122e-08
1.48644961151244,3.1458688719339e-08
1.49004006951127,3.01757482177742e-08
1.49363052751009,1.20978742432209e-08
1.49722098550891,1.92852164560497e-08
1.50081144350773,2.162772705733e-08
1.50440190150656,7.58427012314831e-09
1.50799235950538,8.16886423656744e-09
1.5115828175042,2.43812315014537e-08
1.51517327550302,2.65749422670615e-08
1.51876373350185,2.19508151828227e-08
1.52235419150067,1.73794118349511e-08
1.52594464949949,2.62974943931215e-08
1.52953510749831,1.63658197730635e-08
1.53312556549713,1.8995027327759e-08
1.53671602349596,2.05411711897212e-08
1.54030648149478,1.19747315464046e-08
1.5438969394936,1.45868180036931e-08
1.54748739749242,1.49767677145659e-08
1.55107785549125,3.46140834487102e-09
1.55466831349007,9.71847933760237e-09
1.55825877148889,2.40361412646937e-08
1.56184922948771,1.88781434074362e-08
1.56543968748654,9.12585681554552e-09
1.56903014548536,3.49399944546012e-09
1.57262060348418,2.89269374324215e-09
1.576211061483,3.97185658131304e-09
1.57980151948183,1.50241841035085e-09
1.58339197748065,2.7267397118505e-09
1.58698243547947,6.13626131115344e-09
1.59057289347829,9.65686366753844e-09
1.59416335147711,8.02524457617349e-09
1.59775380947594,1.41862205118513e-08
1.60134426747476,4.5691717427017e-09
1.60493472547358,1.10130781146808e-08
1.6085251834724,1.11587022531596e-08
1.61211564147123,1.06074513676718e-08
1.61570609947005,7.86204169136011e-09
1.61929655746887,2.44479518675883e-09
1.62288701546769,1.41840019023424e-08
1.62647747346652,7.92153972865758e-09
1.63006793146534,8.91386480211508e-09
1.63365838946416,1.60649751423872e-08
1.63724884746298,9.87636399657826e-09
1.6408393054618,5.57185898300352e-09
1.64442976346063,1.26870860281089e-08
1.64802022145945,2.40929905559125e-09
1.65161067945827,1.02360522392759e-08
1.65520113745709,1.64723067868855e-08
1.65879159545592,3.7488388149081e-09
1.66238205345474,3.89113508128474e-09
1.66597251145356,1.06371317171445e-08
1.66956296945238,4.87841910571778e-09
1.67315342745121,8.81021004183296e-09
1.67674388545003,1.12934514968436e-08
1.68033434344885,3.76037890275443e-09
1.68392480144767,9.34642347108927e-09
1.6875152594465,9.83878453908563e-09
1.69110571744532,1.08848425982561e-08
1.69469617544414,2.14863561930132e-09
1.69828663344296,4.09701127127367e-09
1.70187709144178,5.92841108185488e-09
1.70546754944061,4.34772395581108e-09
1.70905800743943,4.46058449237838e-09
1.71264846543825,1.3069255950155e-08
1.71623892343707,6.33349416941353e-09
1.7198293814359,5.66289727247486e-09
1.72341983943472,3.97279522321038e-09
1.72701029743354,8.33054141964233e-09
1.73060075543236,1.25520584119006e-08
1.73419121343119,8.0307587439256e-09
1.73778167143001,5.97241497636969e-09
1.74137212942883,2.51827624232983e-09
1.74496258742765,8.93981399740525e-09
1.74855304542647,7.25327412050324e-09
1.7521435034253,8.04457718778057e-09
1.75573396142412,9.38604542142946e-09
1.75932441942294,3.89442482618788e-09
1.76291487742176,8.04270805335315e-09
1.76650533542059,9.35190934111217e-09
1.77009579341941,8.72443953101012e-09
1.77368625141823,2.06407873771037e-08
1.77727670941705,1.32512724582919e-08
1.78086716741588,1.67653076527614e-09
1.7844576254147,4.91241444977198e-09
1.78804808341352,5.53879630731543e-09
1.79163854141234,7.43188693320187e-09
1.79522899941117,6.88307809471065e-09
1.79881945740999,2.59714070108736e-09
1.80240991540881,5.96512913298197e-09
1.80600037340763,1.33807877758946e-08
1.80959083140645,2.37238154613276e-09
1.81318128940528,7.2477951816489e-09
1.8167717474041,8.92890024818757e-09
1.82036220540292,5.64463305431371e-09
1.82395266340174,1.43391923902258e-08
1.82754312140057,1.2519721692677e-08
1.83113357939939,4.44450500475328e-09
1.83472403739821,9.52152705010695e-09
1.83831449539703,6.91903758772184e-09
1.84190495339586,1.63997263320992e-08
1.84549541139468,1.09739478880033e-08
1.8490858693935,1.58339999613863e-08
1.85267632739232,9.52929992341088e-09
1.85626678539114,1.09072895066446e-08
1.85985724338997,1.53753819886502e-08
1.86344770138879,1.37477346509563e-09
1.86703815938761,3.73706420014363e-09
1.87062861738643,5.74151810169241e-09
1.87421907538526,1.21364108596411e-08
1.87780953338408,1.44327437849914e-08
1.8813999913829,1.55003585543545e-08
1.88499044938172,1.5793188168824e-08
1.88858090738055,4.70386339393129e-09
1.89217136537937,1.09166228963668e-08
1.89576182337819,9.88444275109762e-11
1.89935228137701,5.88841977836656e-09
1.90294273937583,5.10450047035261e-09
1.90653319737466,6.34955409691599e-09
1.91012365537348,1.71355744197596e-08
1.9137141133723,5.57233011548866e-09
1.91730457137112,1.51355737726067e-08
1.92089502936995,1.51129666927731e-08
1.92448548736877,2.47048650047317e-08
1.92807594536759,1.16685742892382e-08
1.93166640336641,1.00410283813065e-08
1.93525686136524,8.39601642581518e-09
1.93884731936406,5.28954808943106e-09
1.94243777736288,1.2000571097048e-08
1.9460282353617,7.5764408389496e-09
1.94961869336053,8.66489662085437e-09
1.95320915135935,1.02180177298651e-08
1.95679960935817,1.1094595935144e-08
1.96039006735699,1.70829102949006e-08
1.96398052535581,2.23938100614155e-08
1.96757098335464,2.8066826269676e-08
1.97116144135346,2.29436886765529e-08
1.97475189935228,2.10515643080154e-08
1.9783423573511,1.01341567238631e-08
1.98193281534993,1.94601329274479e-08
1.98552327334875,2.18901338603871e-08
1.98911373134757,1.20297818775487e-08
1.99270418934639,1.43924851666156e-08
1.99629464734522,4.31619281472201e-08
1.99988510534404,2.06649712605449e-07
2.00347556334286,4.45473698495083e-08
2.00706602134168,2.6676349285003e-08
2.01065647934051,3.10541723330652e-08
2.01424693733933,2.57343848638983e-08
2.01783739533815,8.01082229671086e-09
2.02142785333697,5.95155386316493e-09
2.02501831133579,1.33509903344759e-08
2.02860876933462,1.91195127723031e-08
2.03219922733344,1.00964494525767e-08
2.03578968533226,8.19540747437757e-09
2.03938014333108,1.66205693874839e-08
2.04297060132991,2.70790580574712e-08
2.04656105932873,1.52668968989884e-08
2.05015151732755,9.86697586860251e-09
2.05374197532637,9.79965789174373e-09
2.05733243332519,1.03713516113754e-08
2.06092289132402,1.14383412924226e-08
2.06451334932284,1.32717840182252e-08
2.06810380732166,1.18261642987681e-08
2.07169426532048,1.25984676158961e-08
2.07528472331931,1.86461771494944e-09
2.07887518131813,4.31666573089235e-09
2.08246563931695,8.37113486569236e-09
2.08605609731577,5.27487424802632e-09
2.0896465553146,8.56790990030093e-09
2.09323701331342,5.89726870985493e-09
2.09682747131224,2.86842588516489e-09
2.10041792931106,4.28866247666374e-09
2.10400838730989,8.27675513095321e-09
2.10759884530871,1.3908858555498e-08
2.11118930330753,8.41507377768402e-09
2.11477976130635,1.50307839917856e-08
2.11837021930517,1.69931482785069e-08
2.121960677304,3.76091051329023e-09
2.12555113530282,8.19472075404782e-09
2.12914159330164,5.31768657421213e-09
2.13273205130046,6.73354367062569e-09
2.13632250929929,4.93675211871804e-09
2.13991296729811,1.96608160155372e-09
2.14350342529693,8.82075576550372e-09
2.14709388329575,5.14317548599139e-09
2.15068434129458,1.04147993474236e-08
2.1542747992934,7.89046971479405e-09
2.15786525729222,1.27308832507917e-08
2.16145571529104,3.87113481372053e-09
2.16504617328986,9.31332551175361e-09
2.16863663128869,1.14444031248503e-08
2.17222708928751,1.45726353572683e-08
2.17581754728633,5.36852679692376e-09
2.17940800528515,7.75547206621591e-09
2.18299846328398,1.03817630990318e-08
2.1865889212828,4.57875867299017e-09
2.19017937928162,3.97454462324656e-09
2.19376983728044,4.35430679576831e-09
2.19736029527927,7.8449665148266e-09
2.20095075327809,5.35600610654815e-09
2.20454121127691,3.12204331355279e-09
2.20813166927573,1.124635840886e-09
2.21172212727456,8.41151682118265e-09
2.21531258527338,7.99031462439416e-09
2.2189030432722,3.11732759880583e-09
2.22249350127102,2.93894765132311e-09
2.22608395926984,2.40938308389792e-09
2.22967441726867,2.38596161488952e-09
2.23326487526749,4.235734294049e-09
2.23685533326631,7.69039973105363e-09
2.24044579126513,9.50303431991762e-10
2.24403624926396,4.78813753609269e-09
2.24762670726278,3.96680733105039e-09
2.2512171652616,7.54286862649022e-09
2.25480762326042,5.7644346671145e-10
2.25839808125925,5.92853200759159e-09
2.26198853925807,3.31385545400107e-09
2.26557899725689,7.68963503279704e-09
2.26916945525571,2.36515602643429e-09
2.27275991325454,4.13188007591732e-10
2.27635037125336,6.08487518534078e-09
2.27994082925218,2.38760446185014e-09
2.283531287251,8.48138483779713e-09
2.28712174524982,9.21645736224774e-09
2.29071220324865,4.22442702512268e-09
2.29430266124747,8.21827392630239e-09
2.29789311924629,3.18630394097364e-09
2.30148357724511,2.32480489212853e-09
2.30507403524394,5.98663242521126e-09
2.30866449324276,8.63851424110219e-09
2.31225495124158,2.15861923935318e-09
2.3158454092404,1.13712383331395e-09
2.31943586723923,3.78126951108095e-09
2.32302632523805,1.03404144767827e-09
2.32661678323687,3.06201177250226e-09
2.33020724123569,7.77531228872952e-09
2.33379769923451,7.53508010025685e-09
2.33738815723334,3.29308784707593e-09
2.34097861523216,2.78843040853612e-09
2.34456907323098,7.24533214371797e-09
2.3481595312298,4.60085743608915e-09
2.35174998922863,3.76192958210927e-09
2.35534044722745,5.03484234539517e-09
2.35893090522627,5.78011470227876e-09
2.36252136322509,3.97366217716341e-09
2.36611182122392,3.54645772088494e-09
2.36970227922274,3.19091200287553e-09
2.37329273722156,3.05812981365943e-09
2.37688319522038,4.29224151006403e-09
2.38047365321921,7.99416771224842e-09
2.38406411121803,3.06809167498726e-09
2.38765456921685,3.3285644058429e-09
2.39124502721567,6.16397705483004e-09
2.39483548521449,8.76868563428775e-09
2.39842594321332,4.43918370410489e-09
2.40201640121214,8.55122791149226e-09
2.40560685921096,4.69940721766551e-09
2.40919731720978,1.03951868496112e-08
2.41278777520861,2.13020831402607e-09
2.41637823320743,1.08654017650794e-08
2.41996869120625,4.46488249865836e-09
2.42355914920507,4.9258303810688e-09
2.4271496072039,6.92052589811463e-09
2.43074006520272,7.57780689439611e-09
2.43433052320154,5.9287589402559e-09
2.43792098120036,4.94615206188662e-09
2.44151143919918,4.80816695324063e-09
2.44510189719801,5.71175221467981e-09
2.44869235519683,3.12952378474918e-09
2.45228281319565,1.79008550875256e-09
2.45587327119447,3.18827882326918e-09
2.4594637291933,1.31427262681262e-08
2.46305418719212,5.21565259738251e-09
2.46664464519094,6.03903320413676e-09
2.47023510318976,1.1590640034837e-08
2.47382556118859,1.61505966394798e-09
2.47741601918741,5.20548241533468e-09
2.48100647718623,7.3461472672855e-09
2.48459693518505,5.89166831926046e-09
2.48818739318387,1.03165556392955e-08
2.4917778511827,7.91610521135931e-09
2.49536830918152,1.04716627651888e-08
2.49895876718034,6.35603762810679e-09
2.50254922517916,2.46202075168546e-09
2.50613968317799,6.01285277249044e-09
2.50973014117681,3.28064802858553e-09
2.51332059917563,1.14777453725036e-08
2.51691105717445,6.05454733484903e-09
2.52050151517328,5.30123792820028e-09
2.5240919731721,5.68351278544508e-09
2.52768243117092,6.87083120366648e-09
2.53127288916974,4.19752978684338e-09
2.53486334716857,6.19715152071776e-09
2.53845380516739,1.08397639613281e-08
2.54204426316621,6.37235230423475e-09
2.54563472116503,4.54802846564079e-09
2.54922517916385,7.43987836278402e-09
2.55281563716268,3.1074858581363e-09
2.5564060951615,9.1029077143799e-09
2.55999655316032,4.48830452920302e-09
2.56358701115914,1.01171329704775e-08
2.56717746915797,1.17144571502725e-08
2.57076792715679,7.05649006788821e-09
2.57435838515561,2.38939647208904e-09
2.57794884315443,2.55358784890996e-09
2.58153930115326,6.28645826382292e-09
2.58512975915208,4.30190833205987e-09
2.5887202171509,7.28198826552422e-10
2.59231067514972,3.57265430593081e-09
2.59590113314854,3.01186908215535e-09
2.59949159114737,6.06585317195898e-09
2.60308204914619,5.53324669682291e-09
2.60667250714501,6.10590061527408e-09
2.61026296514383,1.42104290079609e-09
2.61385342314266,4.13038715296421e-09
2.61744388114148,1.3772068463007e-10
2.6210343391403,5.98229715510835e-09
2.62462479713912,1.09362043250497e-08
2.62821525513795,8.7597073934197e-09
2.63180571313677,1.14978234573351e-08
2.63539617113559,5.74216924056414e-09
2.63898662913441,1.17331234902189e-09
2.64257708713324,5.46362133603166e-09
2.64616754513206,8.36639171590567e-09
2.64975800313088,1.34353761435736e-08
2.6533484611297,4.05273738077769e-09
2.65693891912852,1.19691242163525e-09
2.66052937712735,5.37427625437644e-09
2.66411983512617,2.86004747526122e-09
2.66771029312499,3.79617256787122e-09
2.67130075112381,1.45175923515912e-09
2.67489120912264,6.41952629252411e-09
2.67848166712146,7.10792339756022e-09
2.68207212512028,3.71749155831739e-09
2.6856625831191,8.7765872039991e-09
2.68925304111792,5.63483986835112e-09
2.69284349911675,3.4595663547823e-09
2.69643395711557,6.96778598988383e-09
2.70002441511439,1.09828549013404e-08
2.70361487311321,4.98801597103115e-09
2.70720533111204,1.26853493695972e-09
2.71079578911086,1.07112566808969e-08
2.71438624710968,5.59386600830617e-09
2.7179767051085,4.36509986517451e-09
2.72156716310733,6.09635268065829e-09
2.72515762110615,5.21273877834739e-09
2.72874807910497,5.53483333556868e-09
2.73233853710379,1.45830297419464e-09
2.73592899510262,1.12074475577289e-09
2.73951945310144,7.16858817588687e-09
2.74310991110026,9.37721721129942e-09
2.74670036909908,9.62458762438409e-09
2.7502908270979,8.88802814895322e-09
2.75388128509673,6.65019819828822e-09
2.75747174309555,6.6194066778469e-09
2.76106220109437,5.52869743946698e-09
2.76465265909319,7.25037211724591e-09
2.76824311709202,8.86616301520399e-09
2.77183357509084,7.73346656785975e-09
2.77542403308966,4.70597872336411e-09
2.77901449108848,1.73982604240678e-09
2.78260494908731,5.0361509041007e-09
2.78619540708613,8.84392091901293e-09
2.78978586508495,3.82098688093695e-09
2.79337632308377,2.32577338885702e-09
2.7969667810826,1.8692398131737e-09
2.80055723908142,5.30876462296396e-09
2.80414769708024,5.35538096529017e-09
2.80773815507906,6.88003793839564e-09
2.81132861307788,5.77352159805966e-09
2.81491907107671,3.95053877043618e-09
2.81850952907553,3.95868436675148e-09
2.82209998707435,4.5995899632153e-09
2.82569044507317,3.63457225875312e-09
2.829280903072,2.65762260906929e-09
2.83287136107082,1.44072798617322e-09
2.83646181906964,1.75212162272883e-09
2.84005227706846,7.62593685266539e-09
2.84364273506729,4.10742052368691e-09
2.84723319306611,6.22279906217376e-09
2.85082365106493,4.56284957897078e-09
2.85441410906375,7.34686564740762e-10
2.85800456706257,1.84762448634897e-09
2.8615950250614,1.87507007330406e-09
2.86518548306022,3.82750373881968e-09
2.86877594105904,5.93077811660727e-09
2.87236639905786,2.10244073812969e-09
2.87595685705669,6.35940509308241e-09
2.87954731505551,6.011513705595e-09
2.88313777305433,4.50909636034868e-09
2.88672823105315,1.08255801602307e-08
2.89031868905198,4.79798756330285e-09
2.8939091470508,1.203196738138e-08
2.89749960504962,1.24351133967815e-08
2.90109006304844,4.33829018393952e-09
2.90468052104727,3.43506550739246e-09
2.90827097904609,3.92933084906828e-09
2.91186143704491,5.32936103670346e-09
2.91545189504373,7.64785388085899e-09
2.91904235304255,4.16284258393574e-09
2.92263281104138,9.90535061090086e-09
2.9262232690402,1.479852613582e-08
2.92981372703902,5.25487740641752e-09
2.93340418503784,6.69178979117001e-09
2.93699464303667,4.8230619776512e-09
2.94058510103549,1.38850321518797e-08
2.94417555903431,5.79780669251709e-09
2.94776601703313,6.98580996612625e-09
2.95135647503196,3.05650054645681e-09
2.95494693303078,8.23817786685768e-09
2.9585373910296,5.24458120702295e-09
2.96212784902842,6.98916218433278e-09
2.96571830702724,6.728965529522e-09
2.96930876502607,3.76660742185231e-09
2.97289922302489,8.63509738665753e-09
2.97648968102371,4.9181098912988e-09
2.98008013902253,3.2497779732337e-09
2.98367059702136,1.28374407317473e-08
2.98726105502018,1.16586846575302e-09
2.990851513019,1.48419759793901e-08
2.99444197101782,1.02897986783472e-09
2.99803242901665,6.03876851747133e-09
3.00162288701547,7.30925898065932e-09
3.00521334501429,1.6060945422207e-08
3.00880380301311,7.48445064823998e-09
3.01239426101194,8.64523602247936e-09
3.01598471901076,8.81393712132406e-09
3.01957517700958,8.72009535786099e-09
3.0231656350084,1.61687611924353e-09
3.02675609300722,8.27748269676132e-09
3.03034655100605,1.76233954453689e-09
3.03393700900487,7.93895080885379e-09
3.03752746700369,9.98462721604344e-09
3.04111792500251,1.33137838510368e-08
3.04470838300134,6.99362661823689e-09
3.04829884100016,2.40699412661663e-09
3.05188929899898,7.16427326409885e-09
3.0554797569978,8.3700920118127e-10
3.05907021499663,5.879799163322e-09
3.06266067299545,4.9772214046648e-09
3.06625113099427,5.29493733345634e-09
3.06984158899309,8.20053097734946e-09
3.07343204699191,9.11437900379456e-09
3.07702250499074,3.452312301422e-09
3.08061296298956,3.14288339028282e-09
3.08420342098838,6.75927633979054e-09
3.0877938789872,5.18965758417397e-09
3.09138433698603,4.48232395278222e-09
3.09497479498485,6.88023884299259e-09
3.09856525298367,1.96895873251886e-09
3.10215571098249,1.16283623862413e-08
3.10574616898132,7.61000687210523e-09
3.10933662698014,9.49868100188358e-09
3.11292708497896,5.47627875875415e-09
3.11651754297778,3.98699304344789e-09
3.1201080009766,4.10523985516963e-09
3.12369845897543,4.66799076228893e-09
3.12728891697425,4.78067244547941e-09
3.13087937497307,2.97173597078203e-09
3.13446983297189,9.33187299736839e-09
3.13806029097072,9.08280133970528e-09
3.14165074896954,3.32171744058828e-09
3.14524120696836,4.81834532939783e-09
3.14883166496718,1.11630227264289e-08
3.15242212296601,6.70186320412328e-09
3.15601258096483,1.88466600353673e-09
3.15960303896365,1.20399612538822e-08
3.16319349696247,7.43028584287473e-09
3.1667839549613,2.15940707017308e-09
3.17037441296012,6.41766435926462e-09
3.17396487095894,6.42048755978301e-09
3.17755532895776,5.29794891948578e-09
3.18114578695658,2.92468752078449e-09
3.18473624495541,5.59792531046336e-09
3.18832670295423,8.59096743577735e-09
3.19191716095305,1.75794486345273e-09
3.19550761895187,9.87612274944493e-09
3.1990980769507,4.45397679297331e-09
3.20268853494952,3.42899817416902e-09
3.20627899294834,5.14704095709557e-09
3.20986945094716,3.91917426470237e-09
3.21345990894599,5.39610208079361e-09
3.21705036694481,5.49488933453321e-09
3.22064082494363,6.13272616553473e-09
3.22423128294245,2.56669079921859e-09
3.22782174094128,7.68789409082995e-09
3.2314121989401,7.35086698846805e-09
3.23500265693892,4.54763219563041e-09
3.23859311493774,1.13465516976952e-09
3.24218357293656,3.21479105319878e-09
3.24577403093539,4.07205404540859e-09
3.24936448893421,4.31488308166261e-09
3.25295494693303,1.24853524761417e-09
3.25654540493185,1.83807667103416e-09
3.26013586293068,2.97204667871249e-09
3.2637263209295,3.94752662102783e-09
3.26731677892832,3.0729169725842e-09
3.27090723692714,3.00410189880551e-09
3.27449769492596,2.12367967235842e-09
3.27808815292479,5.78720646694129e-09
3.28167861092361,3.30006347326095e-09
3.28526906892243,3.34720040203961e-09
3.28885952692125,2.33245642456807e-09
3.29244998492008,2.06162192319051e-09
3.2960404429189,6.70771943364982e-09
3.29963090091772,7.14472035387516e-10
3.30322135891654,5.69164208488596e-09
3.30681181691537,3.17416053162705e-09
3.31040227491419,7.85414545681371e-09
3.31399273291301,4.60108980513562e-09
3.31758319091183,5.74541743063003e-10
3.32117364891066,3.88302545363217e-09
3.32476410690948,1.82599775087929e-09
3.3283545649083,3.93617577805777e-09
3.33194502290712,2.14917805690107e-09
3.33553548090594,9.14848708080095e-10
3.33912593890477,3.92319758310658e-09
3.34271639690359,2.29990667156882e-09
3.34630685490241,3.4596812410623e-09
3.34989731290123,5.26436496535646e-09
3.35348777090006,3.77430103351967e-09
3.35707822889888,6.07212244009224e-09
3.3606686868977,1.154888156493e-09
3.36425914489652,3.50338219063487e-09
3.36784960289535,7.11387439470563e-09
3.37144006089417,6.77456809144817e-09
3.37503051889299,2.9796384548584e-09
3.37862097689181,1.7421663839596e-09
3.38221143489063,3.82439281701293e-09
3.38580189288946,4.76080027035243e-09
3.38939235088828,5.797971628526e-09
3.3929828088871,6.44564248184303e-09
3.39657326688592,6.13937561604398e-09
3.40016372488475,4.66782491873295e-09
3.40375418288357,5.65766858332688e-09
3.40734464088239,5.28303943271634e-09
3.41093509888121,1.63048525990468e-09
3.41452555688004,7.01636505316423e-09
3.41811601487886,5.26740784093345e-09
3.42170647287768,1.1277558747368e-08
3.4252969308765,3.49742417725739e-09
3.42888738887533,2.22391446794388e-09
3.43247784687415,3.34737731479599e-09
3.43606830487297,5.01930540686456e-09
3.43965876287179,1.06137369871149e-08
3.44324922087061,1.39917796198774e-09
3.44683967886944,2.19223738736919e-09
3.45043013686826,2.53687666871918e-09
3.45402059486708,1.8049920168591e-09
3.4576110528659,8.64458630830478e-09
3.46120151086473,6.30552601546952e-09
3.46479196886355,1.3096868815143e-08
3.46838242686237,5.43245865935431e-09
3.47197288486119,6.27290540543799e-09
3.47556334286002,2.43947971295504e-09
3.47915380085884,7.59083272812125e-09
3.48274425885766,8.49887808622374e-09
3.48633471685648,8.75260664795868e-09
3.48992517485531,1.28892902317817e-08
3.49351563285413,5.61652876053466e-09
3.49710609085295,8.75317224605734e-09
3.50069654885177,6.1173826505567e-09
3.50428700685059,1.00006741200839e-08
3.50787746484942,3.17463315173408e-09
3.51146792284824,1.01706573506776e-08
3.51505838084706,5.95336950908888e-09
3.51864883884588,7.32834141343878e-09
3.52223929684471,4.23250987593491e-09
3.52582975484353,6.19025406196043e-09
3.52942021284235,3.84772611049625e-09
3.53301067084117,8.56798506644202e-09
3.53660112884,8.27119152306982e-09
3.54019158683882,1.78309727631777e-09
3.54378204483764,2.64675326483333e-09
3.54737250283646,4.61274846273459e-09
3.55096296083528,1.80673802271623e-09
3.55455341883411,4.53253055878681e-09
3.55814387683293,5.90137382546346e-09
3.56173433483175,8.0168516613834e-09
3.56532479283057,6.45066689326352e-09
3.5689152508294,5.79298192381349e-09
3.57250570882822,4.77647636015862e-09
3.57609616682704,8.96039678551998e-09
3.57968662482586,3.22521695024041e-09
3.58327708282469,7.87042104925226e-09
3.58686754082351,2.19161130374371e-09
3.59045799882233,3.39006785102449e-09
3.59404845682115,6.83610895940651e-10
3.59763891481997,6.26301609388878e-09
3.6012293728188,5.07292364692131e-09
3.60481983081762,2.50432396172821e-09
3.60841028881644,3.10961582062203e-09
3.61200074681526,6.30934556264124e-09
3.61559120481409,5.48188886278608e-09
3.61918166281291,3.99752046080264e-09
3.62277212081173,5.86953723494386e-09
3.62636257881055,2.95097716489377e-09
3.62995303680938,6.6272048608811e-09
3.6335434948082,5.78218201517076e-09
3.63713395280702,3.52968879513427e-09
3.64072441080584,4.32562254832137e-09
3.64431486880467,6.69507451297612e-09
3.64790532680349,2.06804416699739e-09
3.65149578480231,2.46081565726778e-09
3.65508624280113,5.39685661358004e-09
3.65867670079995,1.98288957284673e-09
3.66226715879878,1.42853854046898e-09
3.6658576167976,2.36822436058398e-09
3.66944807479642,5.41422093143571e-09
3.67303853279524,3.32499863449937e-09
3.67662899079407,3.09854070902516e-09
3.68021944879289,7.57516139143692e-09
3.68380990679171,3.08917047535489e-09
3.68740036479053,5.31509388981758e-09
3.69099082278936,7.1851313321061e-09
3.69458128078818,8.64073121661864e-10
3.698171738787,5.61490470449423e-09
3.70176219678582,3.18433020583644e-09
3.70535265478464,3.99072275461973e-09
3.70894311278347,3.61235284492517e-09
3.71253357078229,2.40590853828644e-09
3.71612402878111,4.08458841648281e-09
3.71971448677993,2.55105591687778e-09
3.72330494477876,4.21368617268623e-09
3.72689540277758,5.51399621597199e-09
3.7304858607764,3.33998010822635e-09
3.73407631877522,1.37983671117256e-09
3.73766677677405,5.03535056851825e-09
3.74125723477287,2.27291499087911e-09
3.74484769277169,1.90188297891134e-09
3.74843815077051,1.66297185994662e-09
3.75202860876934,5.00482305270767e-09
3.75561906676816,7.16227553906165e-09
3.75920952476698,3.18426455042821e-09
3.7627999827658,7.41919540223715e-10
3.76639044076462,7.44043244941578e-09
3.76998089876345,2.00875937143872e-09
3.77357135676227,7.73155973786947e-09
3.77716181476109,2.51589328652608e-09
3.78075227275991,2.24319953918216e-09
3.78434273075874,3.58747507037842e-09
3.78793318875756,2.36099141806825e-09
3.79152364675638,5.0166530895664e-09
3.7951141047552,3.16005269172694e-09
3.79870456275403,4.04011316479796e-09
3.80229502075285,2.28141617375136e-09
3.80588547875167,3.55650923965175e-09
3.80947593675049,7.10479785946767e-09
3.81306639474931,3.88472203332223e-09
3.81665685274814,1.97809864698604e-09
3.82024731074696,4.4189820141395e-09
3.82383776874578,4.26626295423973e-09
3.8274282267446,2.04162307914371e-09
3.83101868474343,2.64835920062109e-09
3.83460914274225,5.74411189762018e-09
3.83819960074107,6.53742646229076e-09
3.84179005873989,9.34146235384981e-10
3.84538051673872,4.98468587367659e-09
3.84897097473754,1.01080398782956e-08
3.85256143273636,1.88852365515839e-09
3.85615189073518,3.25665678853407e-09
3.85974234873401,2.02919434312722e-09
3.86333280673283,2.6106261647303e-09
3.86692326473165,5.98910351815268e-09
3.87051372273047,2.47918271244381e-09
3.87410418072929,5.11892351821871e-09
3.87769463872812,1.76334328380806e-09
3.88128509672694,8.41982460224977e-09
3.88487555472576,1.14601359310858e-08
3.88846601272458,3.43131701077681e-09
3.89205647072341,1.15750319093544e-08
3.89564692872223,1.09390343426706e-08
3.89923738672105,4.7541490961569e-09
3.90282784471987,8.07700993802358e-09
3.9064183027187,7.49808705093771e-09
3.91000876071752,1.68822739010645e-09
3.91359921871634,6.62725922870362e-09
3.91718967671516,2.16938040698795e-09
3.92078013471399,3.03762696062225e-09
3.92437059271281,3.63842307559072e-09
3.92796105071163,5.83351706102406e-09
3.93155150871045,2.02893215662768e-09
3.93514196670927,4.87274561659309e-09
3.9387324247081,2.51630652627669e-09
3.94232288270692,5.55295490097849e-09
3.94591334070574,6.93941907166347e-09
3.94950379870456,7.19450925636803e-09
3.95309425670339,7.68597549910192e-09
3.95668471470221,6.53193394173304e-09
3.96027517270103,5.53870826689477e-09
3.96386563069985,5.1401225641943e-09
3.96745608869867,6.99825076099531e-09
3.9710465466975,3.81324229395515e-09
3.97463700469632,1.06222268643721e-08
3.97822746269514,3.36801855791146e-09
3.98181792069396,9.26174076137955e-09
3.98540837869279,5.48569267764618e-09
3.98899883669161,6.33346389202493e-09
3.99258929469043,2.50074134436233e-09
3.99617975268925,4.77551487810684e-09
3.99977021068808,1.57043700389358e-08
4.0033606686869,1.04485573496244e-08
4.00695112668572,6.53299067902834e-09
4.01054158468454,3.82650631056682e-09
4.01413204268337,1.43293009708504e-08
4.01772250068219,3.08293676951841e-09
4.02131295868101,3.19953333040891e-09
4.02490341667983,3.13222853862144e-09
4.02849387467865,7.62301280061755e-09
4.03208433267748,1.44796189742535e-08
4.0356747906763,9.53454203929706e-09
4.03926524867512,3.11712546054315e-09
4.04285570667394,5.78258124613655e-09
4.04644616467277,2.19422095057256e-09
4.05003662267159,2.91047493276078e-09
4.05362708067041,5.07720510037208e-09
4.05721753866923,6.0885180087211e-09
4.06080799666806,2.28533413471467e-09
4.06439845466688,5.62043599680768e-09
4.0679889126657,8.04859921884987e-09
4.07157937066452,6.35498524220267e-09
4.07516982866334,8.32411310557102e-09
4.07876028666217,1.57538805384321e-09
4.08235074466099,9.13420517473155e-09
4.08594120265981,2.59442425579585e-09
4.08953166065863,6.92209110698624e-09
4.09312211865746,6.32300062056719e-09
4.09671257665628,2.48107694156199e-09
4.1003030346551,2.51943412101422e-09
4.10389349265392,6.3809098580699e-09
4.10748395065275,1.82483264058396e-09
4.11107440865157,1.74273377510246e-09
4.11466486665039,4.67182410024401e-09
4.11825532464921,2.80852247152683e-09
4.12184578264803,2.10848471886729e-09
4.12543624064686,4.50527555977201e-09
4.12902669864568,4.22187124883836e-09
4.1326171566445,1.48374822160598e-09
4.13620761464332,5.22340145627072e-09
4.13979807264215,4.68932262518894e-09
4.14338853064097,4.22950026568713e-09
4.14697898863979,4.81069216253666e-09
4.15056944663861,5.26994542865082e-09
4.15415990463744,5.0170511979975e-09
4.15775036263626,7.94885143821621e-09
4.16134082063508,3.44554949730794e-09
4.1649312786339,4.36398713838449e-09
4.16852173663272,2.49262452126917e-09
4.17211219463155,4.82812344954124e-09
4.17570265263037,3.39582493791606e-09
4.17929311062919,3.25757350679003e-09
4.18288356862801,4.4835446688941e-09
4.18647402662684,3.00625792205464e-09
4.19006448462566,5.27240766719043e-09
4.19365494262448,5.75340380108557e-09
4.1972454006233,3.36755712368192e-09
4.20083585862213,4.83934947932256e-09
4.20442631662095,2.70212002465272e-09
4.20801677461977,2.50604411326064e-09
4.21160723261859,1.85659212825719e-09
4.21519769061742,5.53788975850062e-10
4.21878814861624,2.29903912488647e-09
4.22237860661506,6.44115961579857e-09
4.22596906461388,5.68705659802068e-09
4.22955952261271,1.38221166514004e-09
4.23314998061153,7.00893547942116e-10
4.23674043861035,8.70912951695459e-09
4.24033089660917,3.59953533271762e-09
4.24392135460799,5.84920398862401e-09
4.24751181260682,3.83387215129363e-09
4.25110227060564,5.66588170348074e-09
4.25469272860446,6.69920577863117e-09
4.25828318660328,3.22664872567148e-09
4.26187364460211,2.00775208774251e-09
4.26546410260093,5.22798062093604e-09
4.26905456059975,4.13499320949318e-09
4.27264501859857,2.85109036737867e-09
4.2762354765974,3.80362370122745e-09
4.27982593459622,3.74703249519122e-09
4.28341639259504,2.64411878287682e-10
4.28700685059386,4.84205913537154e-09
4.29059730859268,1.97846544021192e-09
4.29418776659151,2.81864617432352e-09
4.29777822459033,3.64065338550974e-09
4.30136868258915,2.84665580800658e-09
4.30495914058797,1.03650131564395e-09
4.3085495985868,2.3167971316265e-09
4.31214005658562,3.63732181521963e-09
4.31573051458444,1.15635694601518e-09
4.31932097258326,5.4904276466275e-09
4.32291143058209,8.74188795212214e-10
4.32650188858091,4.82636136828542e-09
4.33009234657973,1.78424565847275e-09
4.33368280457855,4.9556126647589e-09
4.33727326257737,2.22743966959644e-09
4.3408637205762,5.49129142234478e-09
4.34445417857502,4.87697177082911e-09
4.34804463657384,2.24945332113492e-09
4.35163509457266,3.78734136982478e-09
4.35522555257149,1.75936546891547e-09
4.35881601057031,4.39041283166265e-09
4.36240646856913,3.46633451933995e-09
4.36599692656795,5.06845855496343e-09
4.36958738456678,8.25403761845244e-10
4.3731778425656,4.92456225978811e-09
4.37676830056442,1.29706787352241e-09
4.38035875856324,1.11640984464893e-09
4.38394921656207,2.30009985373373e-09
4.38753967456089,6.98012835072521e-09
4.39113013255971,9.41041670478731e-09
4.39472059055853,2.20582126322462e-09
4.39831104855736,4.39932557281955e-09
4.40190150655618,5.98712239989595e-09
4.405491964555,3.60788772457102e-09
4.40908242255382,1.8230916272194e-09
4.41267288055264,2.35025477320952e-09
4.41626333855147,5.0133433248437e-09
4.41985379655029,3.55922497037628e-09
4.42344425454911,4.03367007372566e-09
4.42703471254793,9.23450082949937e-09
4.43062517054676,2.24679056161759e-09
4.43421562854558,6.14698754550251e-09
4.4378060865444,5.81838238389724e-09
4.44139654454322,2.85378635643141e-09
4.44498700254205,2.53879979580189e-09
4.44857746054087,3.22620251043053e-09
4.45216791853969,1.37878334668336e-09
4.45575837653851,5.31400452613759e-09
4.45934883453733,7.74660112614173e-09
4.46293929253616,2.3151397581664e-09
4.46652975053498,5.87436431581404e-09
4.4701202085338,2.03316587944651e-09
4.47371066653262,5.31469175081837e-09
4.47730112453145,2.4603305474835e-09
4.48089158253027,4.65802600241705e-09
4.48448204052909,4.06728632361622e-09
4.48807249852791,3.92856714256575e-09
4.49166295652673,1.50167176972401e-09
4.49525341452556,3.62247175121979e-09
4.49884387252438,6.15760178134678e-09
4.5024343305232,5.01087029553014e-09
4.50602478852202,1.1836637601442e-08
4.50961524652085,4.52248819066531e-09
4.51320570451967,1.11379426158422e-08
4.51679616251849,2.65145965191707e-09
4.52038662051731,7.33099466662334e-09
4.52397707851614,4.23604426263829e-09
4.52756753651496,1.4029770001574e-09
4.53115799451378,3.6642101629169e-09
4.5347484525126,6.81939154482451e-09
4.53833891051143,1.45735531738945e-09
4.54192936851025,7.3973921581368e-09
4.54551982650907,2.84135680924593e-09
4.54911028450789,8.7687783528329e-09
4.55270074250671,5.71183038150478e-09
4.55629120050554,5.89219932263058e-09
4.55988165850436,3.99052191406621e-09
4.56347211650318,5.02771985860924e-09
4.567062574502,7.80902926840322e-09
4.57065303250083,4.55713198383058e-09
4.57424349049965,3.00196153052772e-09
4.57783394849847,1.62851437163192e-09
4.58142440649729,5.33705380571378e-09
4.58501486449612,3.93857156872501e-09
4.58860532249494,2.80933470652262e-09
4.59219578049376,1.21058851902466e-09
4.59578623849258,7.84841019588645e-09
4.59937669649141,2.27837123406091e-09
4.60296715449023,1.86427318972162e-09
4.60655761248905,5.33979498839745e-09
4.61014807048787,4.19238550650067e-09
4.61373852848669,4.4670454567709e-09
4.61732898648552,4.21882819912522e-09
4.62091944448434,9.46864456126857e-10
4.62450990248316,4.64153468096769e-09
4.62810036048198,3.69286808283018e-09
4.63169081848081,5.10497742081599e-09
4.63528127647963,3.26373211824606e-09
4.63887173447845,2.97494183803011e-09
4.64246219247727,7.67528614653336e-10
4.6460526504761,2.15239830101402e-09
4.64964310847492,3.80457208867684e-09
4.65323356647374,2.16129367267505e-09
4.65682402447256,4.92125996178237e-09
4.66041448247138,1.86955438126061e-09
4.66400494047021,4.49589007017482e-09
4.66759539846903,3.05011205410598e-09
4.67118585646785,1.77621149963004e-09
4.67477631446667,3.54231749254985e-09
4.6783667724655,5.10927891430978e-09
4.68195723046432,6.72523017000367e-09
4.68554768846314,4.36057042803651e-09
4.68913814646196,3.59809614967102e-09
4.69272860446079,1.25940728397628e-09
4.69631906245961,1.98018624750634e-09
4.69990952045843,2.94710972777935e-09
4.70349997845725,1.87147866491654e-09
4.70709043645607,5.60531129140143e-09
4.7106808944549,3.09769836824049e-09
4.71427135245372,4.55777056092302e-09
4.71786181045254,7.88921407388824e-09
4.72145226845136,2.08735936683375e-09
4.72504272645019,2.96414084081529e-09
4.72863318444901,5.1855071566606e-09
4.73222364244783,1.55914232563143e-09
4.73581410044665,2.58402448105636e-09
4.73940455844548,1.37052628733567e-09
4.7429950164443,1.95443999823941e-09
4.74658547444312,3.20914726655207e-09
4.75017593244194,6.19606342672963e-09
4.75376639044077,5.72910479218721e-10
4.75735684843959,3.88110213216238e-09
4.76094730643841,6.31141210320601e-09
4.76453776443723,3.04874834954223e-09
4.76812822243606,5.35490613641389e-09
4.77171868043488,2.35849824111086e-09
4.7753091384337,5.86665140281296e-09
4.77889959643252,7.27177481537789e-09
4.78249005443134,4.62536587173628e-09
4.78608051243017,4.72766384288119e-09
4.78967097042899,6.35940970718692e-09
4.79326142842781,3.74489710779185e-09
4.79685188642663,5.16065636966893e-10
4.80044234442546,6.51843204302033e-09
4.80403280242428,5.60208584857906e-09
4.8076232604231,6.04350850466501e-09
4.81121371842192,6.11194172838172e-09
4.81480417642075,1.63573190918718e-09
4.81839463441957,1.31165025157714e-08
4.82198509241839,6.40498430783754e-09
4.82557555041721,2.4179596327823e-09
4.82916600841603,6.40960113215879e-09
4.83275646641486,6.38602741507746e-09
4.83634692441368,5.00613219825412e-09
4.8399373824125,1.96471408808529e-09
4.84352784041132,4.82639779420129e-09
4.84711829841015,4.12994265991934e-09
4.85070875640897,5.96675779344423e-09
4.85429921440779,6.06487175737653e-09
4.85788967240661,8.77867274967111e-09
4.86148013040544,3.05766598965083e-09
4.86507058840426,3.76233370087087e-09
4.86866104640308,6.13455424120805e-09
4.8722515044019,3.37214050022526e-09
4.87584196240072,5.05610638572276e-09
4.87943242039955,1.45483460425005e-08
4.88302287839837,7.06479780580541e-09
4.88661333639719,4.75092781434745e-09
4.89020379439601,9.39950353673252e-09
4.89379425239484,1.90341151293975e-09
4.89738471039366,2.69745029242089e-09
4.90097516839248,1.41834041424493e-09
4.9045656263913,3.23775339533555e-09
4.90815608439013,7.20760245342166e-09
4.91174654238895,1.36491654900006e-08
4.91533700038777,6.57311161655553e-10
4.91892745838659,3.72867136663761e-09
4.92251791638541,9.60705086903871e-09
4.92610837438424,3.94392980876028e-09
4.92969883238306,3.20586421609018e-09
4.93328929038188,1.7624581248541e-09
4.9368797483807,1.10239500092989e-08
4.94047020637953,6.20145041098449e-09
4.94406066437835,6.23825067014156e-09
4.94765112237717,8.6502244851375e-09
4.95124158037599,8.22041875549506e-09
4.95483203837482,5.61260169437899e-09
4.95842249637364,3.42300678739818e-09
4.96201295437246,4.72637640444591e-09
4.96560341237128,2.70424902204332e-09
4.96919387037011,4.15214970108808e-09
4.97278432836893,6.65032073035463e-09
4.97637478636775,2.08938226350177e-09
4.97996524436657,4.15864751232965e-09
4.98355570236539,1.11702248424516e-08
4.98714616036422,4.90301980008835e-09
4.99073661836304,1.39108349187639e-08
4.99432707636186,6.19950861033259e-09
4.99791753436068,6.40356163233462e-09
