freqs,specs
0,6.44034678493396e-08
0.00359045799882233,9.09305641555411e-10
0.00718091599764466,9.06268124825057e-10
0.010771373996467,9.0799442806721e-10
0.0143618319952893,9.03673519704023e-10
0.0179522899941117,9.03650394882784e-10
0.021542747992934,9.01563090390326e-10
0.0251332059917563,8.97866686460035e-10
0.0287236639905786,8.91972860895637e-10
0.032314121989401,8.80795049391135e-10
0.0359045799882233,8.53002012785924e-10
0.0394950379870456,7.55634954529925e-10
0.043085495985868,1.11412348843892e-09
0.0466759539846903,9.91592716019584e-10
0.0502664119835126,9.64987717668289e-10
0.053856869982335,9.53564653746768e-10
0.0574473279811573,9.47453588207878e-10
0.0610377859799796,9.43537611639751e-10
0.0646282439788019,9.41241240222052e-10
0.0682187019776243,9.3884426881577e-10
0.0718091599764466,9.37658332191371e-10
0.0753996179752689,9.34825240124857e-10
0.0789900759740913,9.28129433397393e-10
0.0825805339729136,9.78448237619936e-10
0.0861709919717359,9.50778592768681e-10
0.0897614499705583,9.37838113773434e-10
0.0933519079693806,9.41293033571502e-10
0.0969423659682029,9.40405123745964e-10
0.100532823967025,9.40844072121548e-10
0.104123281965848,9.41579658780262e-10
0.10771373996467,9.41359001465436e-10
0.111304197963492,9.42614259434865e-10
0.114894655962315,9.43228240994043e-10
0.118485113961137,9.44622427252271e-10
0.122075571959959,9.56143448686494e-10
0.125666029958782,9.427808355163e-10
0.129256487957604,9.47252123338227e-10
0.132846945956426,9.45790805045517e-10
0.136437403955249,9.46274922456128e-10
0.140027861954071,9.47642592977227e-10
0.143618319952893,9.48659944804904e-10
0.147208777951716,9.49795790597057e-10
0.150799235950538,9.51367847583207e-10
0.15438969394936,9.52803419197639e-10
0.157980151948183,9.54133976151612e-10
0.161570609947005,9.58723859928536e-10
0.165161067945827,9.53379628203007e-10
0.16875152594465,9.69568384881686e-10
0.172341983943472,9.46314145117e-10
0.175932441942294,9.51582262377633e-10
0.179522899941117,9.55586592105066e-10
0.183113357939939,9.57137592053046e-10
0.186703815938761,9.58594698639814e-10
0.190294273937583,9.59890596037008e-10
0.193884731936406,9.60755889829554e-10
0.197475189935228,9.61867627448964e-10
0.20106564793405,9.62286694535975e-10
0.204656105932873,9.80464447111241e-10
0.208246563931695,9.68778385977081e-10
0.211837021930517,9.65505684129418e-10
0.21542747992934,9.65750034521887e-10
0.219017937928162,9.75582451706116e-10
0.222608395926984,9.73592411532906e-10
0.226198853925807,9.74433148690277e-10
0.229789311924629,9.75517828068248e-10
0.233379769923451,9.76708861935155e-10
0.236970227922274,9.78499708774595e-10
0.240560685921096,9.81327895579083e-10
0.244151143919918,9.99708238342305e-10
0.247741601918741,9.69643965592645e-10
0.251332059917563,9.6677441488229e-10
0.254922517916385,9.7844521804487e-10
0.258512975915208,9.78781374831979e-10
0.26210343391403,9.78253244027129e-10
0.265693891912852,9.76904270023092e-10
0.269284349911675,9.74824918882424e-10
0.272874807910497,9.72317200344519e-10
0.276465265909319,9.67278330968198e-10
0.280055723908142,9.58488656815365e-10
0.283646181906964,9.41237792830999e-10
0.287236639905786,9.01237204723627e-10
0.290827097904609,6.77901154290654e-10
0.294417555903431,1.28962466969473e-09
0.298008013902253,1.10242561660827e-09
0.301598471901076,1.06443676305178e-09
0.305188929899898,1.04504644503613e-09
0.30877938789872,1.03189778614568e-09
0.312369845897543,1.02080536809602e-09
0.315960303896365,1.00754868426551e-09
0.319550761895187,9.91156730759525e-10
0.32314121989401,9.62672789325204e-10
0.326731677892832,9.13340222217913e-10
0.330322135891654,8.23198231694204e-10
0.333912593890477,4.2546177608691e-09
0.337503051889299,1.44794156664615e-09
0.341093509888121,1.26897146682665e-09
0.344683967886944,1.21133739440072e-09
0.348274425885766,1.18510716805539e-09
0.351864883884588,1.16791883144835e-09
0.355455341883411,1.15813911028081e-09
0.359045799882233,1.15068662041392e-09
0.362636257881055,1.14402681143408e-09
0.366226715879878,1.1334275656344e-09
0.3698171738787,1.12617894984803e-09
0.373407631877522,9.85087339697437e-10
0.376998089876345,1.21121320800442e-09
0.380588547875167,1.18217019973566e-09
0.384179005873989,1.17682239413294e-09
0.387769463872812,1.17618727608014e-09
0.391359921871634,1.17606843293468e-09
0.394950379870456,1.17831699929376e-09
0.398540837869279,1.18007848196448e-09
0.402131295868101,1.18286899152227e-09
0.405721753866923,1.18683650345197e-09
0.409312211865746,1.19172101381483e-09
0.412902669864568,1.20061109749013e-09
0.41649312786339,1.18405362558859e-09
0.420083585862213,1.19646836398292e-09
0.423674043861035,1.20278879504638e-09
0.427264501859857,1.20641487388062e-09
0.43085495985868,1.21379343340638e-09
0.434445417857502,1.21879554423874e-09
0.438035875856324,1.22380360649229e-09
0.441626333855147,1.22831956821606e-09
0.445216791853969,1.23447222278534e-09
0.448807249852791,1.23577944497182e-09
0.452397707851614,1.24705055193422e-09
0.455988165850436,1.24921837897365e-09
0.459578623849258,1.25842214893442e-09
0.463169081848081,1.26373718338182e-09
0.466759539846903,1.27059049095875e-09
0.470349997845725,1.27766649562901e-09
0.473940455844548,1.28497411780384e-09
0.47753091384337,1.29010217461671e-09
0.481121371842192,1.297444779647e-09
0.484711829841015,1.30452315103166e-09
0.488302287839837,1.31159326234901e-09
0.491892745838659,1.31935403173663e-09
0.495483203837482,1.32495490227375e-09
0.499073661836304,1.33246459987818e-09
0.502664119835126,1.30453642463907e-09
0.506254577833949,1.36352322500577e-09
0.509845035832771,1.36720299501843e-09
0.513435493831593,1.37532107579637e-09
0.517025951830416,1.38359459067078e-09
0.520616409829238,1.39307719218344e-09
0.52420686782806,1.40129645251548e-09
0.527797325826883,1.41273963186684e-09
0.531387783825705,1.42267802156941e-09
0.534978241824527,1.43162164055046e-09
0.53856869982335,1.45565286024844e-09
0.542159157822172,1.4626929518695e-09
0.545749615820994,1.46616537663697e-09
0.549340073819817,1.48306690415573e-09
0.552930531818639,1.49247298953198e-09
0.556520989817461,1.50674017070553e-09
0.560111447816284,1.52100371911421e-09
0.563701905815106,1.53568412677191e-09
0.567292363813928,1.55073299211639e-09
0.57088282181275,1.5656943187176e-09
0.574473279811573,1.5838926576615e-09
0.578063737810395,1.59301469566943e-09
0.581654195809218,1.62450873863628e-09
0.58524465380804,1.58190769464393e-09
0.588835111806862,1.65545354916622e-09
0.592425569805685,1.67933204632241e-09
0.596016027804507,1.70364744265293e-09
0.599606485803329,1.72872299139521e-09
0.603196943802151,1.7574700052203e-09
0.606787401800974,1.78739170656598e-09
0.610377859799796,1.82136025407781e-09
0.613968317798618,1.86245853210861e-09
0.617558775797441,1.90936257541213e-09
0.621149233796263,1.97571778060923e-09
0.624739691795085,2.21973393590529e-09
0.628330149793908,1.9085329139934e-09
0.63192060779273,2.03526225260624e-09
0.635511065791552,2.12877607096952e-09
0.639101523790375,2.22869211470656e-09
0.642691981789197,2.34944169318516e-09
0.646282439788019,2.50544965064214e-09
0.649872897786842,2.7213656710436e-09
0.653463355785664,3.04471503697155e-09
0.657053813784486,3.60153430812198e-09
0.660644271783309,4.80345357907491e-09
0.664234729782131,9.51103501235781e-09
0.667825187780953,1.48665713798211e-08
0.671415645779776,2.36663833477055e-09
0.675006103778598,6.30824478823345e-10
0.67859656177742,1.81909744319367e-10
0.682187019776243,5.08314517037411e-10
0.685777477775065,7.48957147623088e-10
0.689367935773887,9.2273716301645e-10
0.69295839377271,1.05438577885998e-09
0.696548851771532,1.16094461362138e-09
0.700139309770354,1.24995812894869e-09
0.703729767769177,1.33473252711945e-09
0.707320225767999,1.82334479146348e-09
0.710910683766821,1.41424669148064e-09
0.714501141765644,1.47880980614459e-09
0.718091599764466,1.53053231116409e-09
0.721682057763288,1.57877357622902e-09
0.725272515762111,1.62291772380166e-09
0.728862973760933,1.66549384241486e-09
0.732453431759755,1.70590110911653e-09
0.736043889758578,1.74555217791557e-09
0.7396343477574,1.78643276253479e-09
0.743224805756222,1.82988812260722e-09
0.746815263755045,1.89965179383916e-09
0.750405721753867,1.85256963475916e-09
0.753996179752689,1.90582093217974e-09
0.757586637751512,1.95799245523882e-09
0.761177095750334,1.99521905142971e-09
0.764767553749156,2.03398921939477e-09
0.768358011747979,2.07221455381594e-09
0.771948469746801,2.11072575465911e-09
0.775538927745623,2.14935493959212e-09
0.779129385744446,2.18927451691416e-09
0.782719843743268,2.2341127213638e-09
0.78631030174209,2.26945376809692e-09
0.789900759740913,2.32279632553923e-09
0.793491217739735,2.35758527585267e-09
0.797081675738557,2.40546513031173e-09
0.80067213373738,2.44882294955949e-09
0.804262591736202,2.49568817540982e-09
0.807853049735024,2.54297457567353e-09
0.811443507733847,2.59355124443071e-09
0.815033965732669,2.64490619875762e-09
0.818624423731491,2.6986349365214e-09
0.822214881730314,2.75360051906956e-09
0.825805339729136,2.80912403294321e-09
0.829395797727958,2.85424550753436e-09
0.832986255726781,2.93754506790872e-09
0.836576713725603,2.99039604674372e-09
0.840167171724425,3.06659522086613e-09
0.843757629723248,3.13739746481937e-09
0.84734808772207,3.20978207416568e-09
0.850938545720892,3.28609294133934e-09
0.854529003719715,3.36641105985597e-09
0.858119461718537,3.45168210296751e-09
0.861709919717359,3.53857668890304e-09
0.865300377716182,3.6319531215476e-09
0.868890835715004,3.729524725248e-09
0.872481293713826,3.83281184947547e-09
0.876071751712649,3.93958106814323e-09
0.879662209711471,4.06041562938648e-09
0.883252667710293,4.18068577276499e-09
0.886843125709115,4.31229258994464e-09
0.890433583707938,4.45004251679494e-09
0.89402404170676,4.59927041290473e-09
0.897614499705583,4.75751614074682e-09
0.901204957704405,4.92748419490787e-09
0.904795415703227,5.11044993314574e-09
0.90838587370205,5.30785783765639e-09
0.911976331700872,5.51129896780068e-09
0.915566789699694,5.75506244313825e-09
0.919157247698516,5.97676654954911e-09
0.922747705697339,6.26963995327958e-09
0.926338163696161,6.57183272133288e-09
0.929928621694984,6.90448173159814e-09
0.933519079693806,7.27296107348745e-09
0.937109537692628,7.6828876341591e-09
0.940699995691451,8.14153444217906e-09
0.944290453690273,8.65898392294019e-09
0.947880911689095,9.24997622567223e-09
0.951471369687917,9.92582227004304e-09
0.95506182768674,1.07093596893078e-08
0.958652285685562,1.16190334047619e-08
0.962242743684384,1.27299301635118e-08
0.965833201683207,1.40443860165585e-08
0.969423659682029,1.56908321724906e-08
0.973014117680852,1.7763362216663e-08
0.976604575679674,2.04723460021e-08
0.980195033678496,2.41629871679759e-08
0.983785491677318,2.9488741460475e-08
0.987375949676141,3.78405031453452e-08
0.990966407674963,5.28378618846156e-08
0.994556865673785,8.76089895261978e-08
0.998147323672608,2.57174602827324e-07
1.00173778167143,2.73932728003824e-07
1.00532823967025,8.92604873075006e-08
1.00891869766907,5.32766382024485e-08
1.0125091556679,3.79474234207888e-08
1.01609961366672,2.94565185697568e-08
1.01969007166554,2.40600634416099e-08
1.02328052966436,2.03263428094285e-08
1.02687098766319,1.75882688078549e-08
1.03046144566201,1.54906081659516e-08
1.03405190366083,1.38255770423386e-08
1.03764236165965,1.24337936749103e-08
1.04123281965848,1.23300137728669e-08
1.0448232776573,1.06010342227187e-08
1.04841373565612,9.77219282604981e-09
1.05200419365494,9.0787007363377e-09
1.05559465165377,8.47875571205533e-09
1.05918510965259,7.95468609656636e-09
1.06277556765141,7.49231378231436e-09
1.06636602565023,7.07881721281586e-09
1.06995648364905,6.7084220479231e-09
1.07354694164788,6.37410328834604e-09
1.0771373996467,6.0688595922701e-09
1.08072785764552,5.77187751339757e-09
1.08431831564434,5.55705523939653e-09
1.08790877364317,5.30313918541301e-09
1.09149923164199,5.10928405510895e-09
1.09508968964081,4.91151473654311e-09
1.09868014763963,4.72785074897336e-09
1.10227060563846,4.55847795769651e-09
1.10586106363728,4.39956255048696e-09
1.1094515216361,4.25168548173378e-09
1.11304197963492,4.11209814142925e-09
1.11663243763374,3.99176601930131e-09
1.12022289563257,3.86225678268365e-09
1.12381335363139,3.75410736605029e-09
1.12740381163021,3.64594415120448e-09
1.13099426962903,3.53369381043521e-09
1.13458472762786,3.43954542741499e-09
1.13817518562668,3.34858581755945e-09
1.1417656436255,3.26179471446769e-09
1.14535610162432,3.17919612953296e-09
1.14894655962315,3.10052541255416e-09
1.15253701762197,3.02564594353111e-09
1.15612747562079,2.95406935788852e-09
1.15971793361961,2.88679730833287e-09
1.16330839161844,2.80762187460834e-09
1.16689884961726,2.76275309834066e-09
1.17048930761608,2.67617888586467e-09
1.1740797656149,2.63896436740257e-09
1.17767022361372,2.58486695003143e-09
1.18126068161255,2.53312770159567e-09
1.18485113961137,2.48299921025398e-09
1.18844159761019,2.43415604046493e-09
1.19203205560901,2.3878130608278e-09
1.19562251360784,2.34295523824144e-09
1.19921297160666,2.30105649418313e-09
1.20280342960548,2.25790976467601e-09
1.2063938876043,2.219802039524e-09
1.20998434560313,2.17910592936823e-09
1.21357480360195,2.14444498539211e-09
1.21716526160077,2.10935383945346e-09
1.22075571959959,2.07394501879465e-09
1.22434617759841,2.03997368119116e-09
1.22793663559724,2.00811772362255e-09
1.23152709359606,1.97756760519152e-09
1.23511755159488,1.94834540799239e-09
1.2387080095937,1.91889802474558e-09
1.24229846759253,1.89593892713161e-09
1.24588892559135,1.86034124392561e-09
1.24947938359017,1.86434412128606e-09
1.25306984158899,1.75036771130778e-09
1.25666029958782,1.76412547330286e-09
1.26025075758664,1.7466008192007e-09
1.26384121558546,1.72532771008992e-09
1.26743167358428,1.70564799151116e-09
1.2710221315831,1.68511141994858e-09
1.27461258958193,1.66516291114933e-09
1.27820304758075,1.64563316657253e-09
1.28179350557957,1.62646758328386e-09
1.28538396357839,1.60934051184644e-09
1.28897442157722,1.58935440586055e-09
1.29256487957604,1.72786210874508e-09
1.29615533757486,1.56559754960071e-09
1.29974579557368,1.54740664116518e-09
1.30333625357251,1.5374011692506e-09
1.30692671157133,1.52853201084399e-09
1.31051716957015,1.52192534231856e-09
1.31410762756897,1.51926512359035e-09
1.3176980855678,1.52553556456859e-09
1.32128854356662,1.54032905262103e-09
1.32487900156544,1.58949329817463e-09
1.32846945956426,1.73428703040039e-09
1.33205991756308,2.7632423261087e-09
1.33565037556191,5.62160030857241e-10
1.33924083356073,1.01715463755636e-09
1.34283129155955,1.11931266761859e-09
1.34642174955837,1.16008124747832e-09
1.3500122075572,1.17629267593317e-09
1.35360266555602,1.18419149151521e-09
1.35719312355484,1.18709006229817e-09
1.36078358155366,1.18897713596395e-09
1.36437403955249,1.19170761951533e-09
1.36796449755131,1.20057270648821e-09
1.37155495555013,1.25965178118997e-09
1.37514541354895,9.25448164305395e-10
1.37873587154777,1.07732862651135e-09
1.3823263295466,1.09545575186002e-09
1.38591678754542,1.09644256471524e-09
1.38950724554424,1.09294819028805e-09
1.39309770354306,1.08802642635711e-09
1.39668816154189,1.08130838013524e-09
1.40027861954071,1.0748024464747e-09
1.40386907753953,1.06722399952903e-09
1.40745953553835,1.05933884084759e-09
1.41104999353718,1.05195580514535e-09
1.414640451536,1.03073919723513e-09
1.41823090953482,1.04010607760982e-09
1.42182136753364,1.03358834990442e-09
1.42541182553247,1.02399845600729e-09
1.42900228353129,1.01872630175559e-09
1.43259274153011,1.00998427134031e-09
1.43618319952893,1.00343898061281e-09
1.43977365752775,9.96223827103258e-10
1.44336411552658,9.87949037526051e-10
1.4469545735254,9.8048926164631e-10
1.45054503152422,9.81333656386861e-10
1.45413548952304,9.7282231868012e-10
1.45772594752187,9.63601777422564e-10
1.46131640552069,9.64418156911986e-10
1.46490686351951,9.46708296944835e-10
1.46849732151833,9.4306370869829e-10
1.47208777951716,9.37533298808749e-10
1.47567823751598,9.3233061520701e-10
1.4792686955148,9.26293104963642e-10
1.48285915351362,9.20816001079923e-10
1.48644961151244,9.16106174432524e-10
1.49004006951127,9.10591121319152e-10
1.49363052751009,9.0625561601875e-10
1.49722098550891,8.87887167295163e-10
1.50081144350773,8.86817146957457e-10
1.50440190150656,9.14818490567243e-10
1.50799235950538,8.93569446113334e-10
1.5115828175042,8.89120573690483e-10
1.51517327550302,8.83948143881562e-10
1.51876373350185,8.79456004432066e-10
1.52235419150067,8.75769155690495e-10
1.52594464949949,8.7370772842823e-10
1.52953510749831,8.70450603325696e-10
1.53312556549713,8.67294786753547e-10
1.53671602349596,8.71395370787511e-10
1.54030648149478,8.58471813077325e-10
1.5438969394936,8.55032643173942e-10
1.54748739749242,8.5687510125692e-10
1.55107785549125,8.51395748510237e-10
1.55466831349007,8.53307272945276e-10
1.55825877148889,8.52497459643138e-10
1.56184922948771,8.52159733881962e-10
1.56543968748654,8.51850635512088e-10
1.56903014548536,8.51351712199081e-10
1.57262060348418,8.49939886134688e-10
1.576211061483,8.44099395330937e-10
1.57980151948183,8.74947209385971e-10
1.58339197748065,8.58983983392609e-10
1.58698243547947,8.75324210933678e-10
1.59057289347829,8.74513506062833e-10
1.59416335147711,8.78534675138132e-10
1.59775380947594,8.83599497392094e-10
1.60134426747476,8.92368439598107e-10
1.60493472547358,9.01735772193059e-10
1.6085251834724,9.12662052576102e-10
1.61211564147123,9.26324628493676e-10
1.61570609947005,9.44801350779681e-10
1.61929655746887,9.6949779908878e-10
1.62288701546769,1.01280108926907e-09
1.62647747346652,8.36468261894225e-10
1.63006793146534,1.00489662866891e-09
1.63365838946416,1.05303969285441e-09
1.63724884746298,1.1105326807658e-09
1.6408393054618,1.1794507205285e-09
1.64442976346063,1.26988289209474e-09
1.64802022145945,1.39421738462701e-09
1.65161067945827,1.5804330047455e-09
1.65520113745709,1.88570315849622e-09
1.65879159545592,2.46860447962135e-09
1.66238205345474,4.04080934731144e-09
1.66597251145356,2.18895409076222e-08
1.66956296945238,4.50976784936199e-09
1.67315342745121,1.69449691996858e-09
1.67674388545003,8.82351599039534e-10
1.68033434344885,5.00319496542027e-10
1.68392480144767,2.77615140323091e-10
1.6875152594465,1.36927118309352e-10
1.69110571744532,6.22127460892859e-11
1.69469617544414,9.31031442729359e-11
1.69828663344296,1.59346307690416e-10
1.70187709144178,2.42531535138176e-10
1.70546754944061,4.8111569072876e-10
1.70905800743943,2.525531854257e-10
1.71264846543825,1.02526335236608e-10
1.71623892343707,1.6362345471877e-10
1.7198293814359,2.00353148420165e-10
1.72341983943472,2.25815649583315e-10
1.72701029743354,2.44783859684377e-10
1.73060075543236,2.60810138947335e-10
1.73419121343119,2.72138594974881e-10
1.73778167143001,2.85197810334604e-10
1.74137212942883,2.94461092382425e-10
1.74496258742765,3.01756833571948e-10
1.74855304542647,2.96691476152788e-10
1.7521435034253,3.12610158957513e-10
1.75573396142412,3.20965557384344e-10
1.75932441942294,3.24597223212057e-10
1.76291487742176,3.2491929945996e-10
1.76650533542059,3.29763473627065e-10
1.77009579341941,3.32720795086618e-10
1.77368625141823,3.3570685880657e-10
1.77727670941705,3.38026227269508e-10
1.78086716741588,3.4340607860266e-10
1.7844576254147,3.34989957309681e-10
1.78804808341352,3.36467590024719e-10
1.79163854141234,3.45411047019409e-10
1.79522899941117,3.5056210091498e-10
1.79881945740999,3.44225449910229e-10
1.80240991540881,3.45203994852844e-10
1.80600037340763,3.45990958264692e-10
1.80959083140645,3.4792130384104e-10
1.81318128940528,3.48179912201115e-10
1.8167717474041,3.48719233385562e-10
1.82036220540292,3.49590016620805e-10
1.82395266340174,3.50592554715448e-10
1.82754312140057,3.54733934539099e-10
1.83113357939939,3.45317548802503e-10
1.83472403739821,3.71965471075616e-10
1.83831449539703,3.1066266729649e-10
1.84190495339586,3.31777879843201e-10
1.84549541139468,3.36502049774068e-10
1.8490858693935,3.37760540741801e-10
1.85267632739232,3.38118105159783e-10
1.85626678539114,3.38596856342728e-10
1.85985724338997,3.38435818218465e-10
1.86344770138879,3.38473093133454e-10
1.86703815938761,3.38570636876815e-10
1.87062861738643,3.48842198512177e-10
1.87421907538526,3.36575621482907e-10
1.87780953338408,3.33652654498556e-10
1.8813999913829,3.35556474701005e-10
1.88499044938172,3.3833884710435e-10
1.88858090738055,3.36312064405904e-10
1.89217136537937,3.3726892196401e-10
1.89576182337819,3.3712328785037e-10
1.89935228137701,3.36986932757126e-10
1.90294273937583,3.37634006784051e-10
1.90653319737466,3.35722716244446e-10
1.91012365537348,3.38045607288498e-10
1.9137141133723,3.28036233445517e-10
1.91730457137112,2.97089910899613e-10
1.92089502936995,3.77884872280934e-10
1.92448548736877,3.64544871603748e-10
1.92807594536759,3.64742475897873e-10
1.93166640336641,3.68278271145956e-10
1.93525686136524,3.73576653593216e-10
1.93884731936406,3.80668451938741e-10
1.94243777736288,3.89786524147627e-10
1.9460282353617,4.01798862718949e-10
1.94961869336053,4.13925958746301e-10
1.95320915135935,4.28137880412262e-10
1.95679960935817,4.30761493725378e-10
1.96039006735699,5.79769771988778e-10
1.96398052535581,5.53954483224264e-10
1.96757098335464,6.01383904802767e-10
1.97116144135346,6.61111558332586e-10
1.97475189935228,7.46391259440422e-10
1.9783423573511,8.65128110761086e-10
1.98193281534993,1.03581443096094e-09
1.98552327334875,1.29720562489618e-09
1.98911373134757,1.74243244196257e-09
1.99270418934639,2.62971620845429e-09
1.99629464734522,5.26740198866639e-09
1.99988510534404,1.73501797492609e-07
2.00347556334286,5.85062630027095e-09
2.00706602134168,2.94560345126218e-09
2.01065647934051,2.00594992250218e-09
2.01424693733933,1.54397573572863e-09
2.01783739533815,1.26870125620121e-09
2.02142785333697,1.08820504291748e-09
2.02501831133579,9.6199061076873e-10
2.02860876933462,8.69327125864805e-10
2.03219922733344,8.03003566656209e-10
2.03578968533226,7.7072048907553e-10
2.03938014333108,1.04149478901764e-09
2.04297060132991,8.26826850031862e-10
2.04656105932873,6.40535758514619e-10
2.05015151732755,5.97362976955858e-10
2.05374197532637,5.68022855486426e-10
2.05733243332519,5.46066158054775e-10
2.06092289132402,5.27563271213902e-10
2.06451334932284,5.11226545006891e-10
2.06810380732166,4.97962665706042e-10
2.07169426532048,4.83982848430826e-10
2.07528472331931,4.73078293502902e-10
2.07887518131813,4.6455500514943e-10
2.08246563931695,4.39194002219683e-10
2.08605609731577,4.40845540076352e-10
2.0896465553146,4.33303537608374e-10
2.09323701331342,4.25479992072717e-10
2.09682747131224,4.20628365215269e-10
2.10041792931106,4.14636453918875e-10
2.10400838730989,4.07433609828475e-10
2.10759884530871,4.01683921688716e-10
2.11118930330753,3.96429631921261e-10
2.11477976130635,3.89518796291358e-10
2.11837021930517,3.86379834849732e-10
2.121960677304,3.64938423490002e-10
2.12555113530282,3.83818845051079e-10
2.12914159330164,3.7310443477931e-10
2.13273205130046,3.73079990457949e-10
2.13632250929929,3.69310351872198e-10
2.13991296729811,3.65665168539019e-10
2.14350342529693,3.62508799670371e-10
2.14709388329575,3.5914200698525e-10
2.15068434129458,3.56157319415425e-10
2.1542747992934,3.53115340515697e-10
2.15786525729222,3.49795664326684e-10
2.16145571529104,3.47049046695321e-10
2.16504617328986,3.47278628334072e-10
2.16863663128869,3.49617769615873e-10
2.17222708928751,3.3489095136058e-10
2.17581754728633,3.35920643399564e-10
2.17940800528515,3.32348583367891e-10
2.18299846328398,3.30299492997597e-10
2.1865889212828,3.27955233015172e-10
2.19017937928162,3.24485647204963e-10
2.19376983728044,3.23712653245187e-10
2.19736029527927,3.18326099630223e-10
2.20095075327809,3.18551599796089e-10
2.20454121127691,3.25780179985292e-10
2.20813166927573,3.13773592721107e-10
2.21172212727456,3.20463367512333e-10
2.21531258527338,3.12692553576905e-10
2.2189030432722,3.10218364770881e-10
2.22249350127102,3.07662203446519e-10
2.22608395926984,3.05275580258442e-10
2.22967441726867,3.03274901241444e-10
2.23326487526749,3.00937855850196e-10
2.23685533326631,2.99169179185378e-10
2.24044579126513,2.97431668737883e-10
2.24403624926396,3.04744127447933e-10
2.24762670726278,2.85959082048443e-10
2.2512171652616,2.95540132499272e-10
2.25480762326042,2.82144277737397e-10
2.25839808125925,2.7969272081788e-10
2.26198853925807,2.77193408514745e-10
2.26557899725689,2.73876684867575e-10
2.26916945525571,2.70609092001167e-10
2.27275991325454,2.6591618030245e-10
2.27635037125336,2.62571040176954e-10
2.27994082925218,2.58212897343245e-10
2.283531287251,2.51155573204753e-10
2.28712174524982,2.44188711599099e-10
2.29071220324865,2.23567095970187e-10
2.29430266124747,2.75436693647417e-10
2.29789311924629,2.46897248915565e-10
2.30148357724511,2.26088690755491e-10
2.30507403524394,2.14492472869413e-10
2.30866449324276,1.9780344397539e-10
2.31225495124158,1.77589387623952e-10
2.3158454092404,1.50215605375212e-10
2.31943586723923,1.11232654801081e-10
2.32302632523805,4.74497515324561e-11
2.32661678323687,1.19488177210003e-10
2.33020724123569,6.01728888084431e-10
2.33379769923451,6.38564526542561e-09
2.33738815723334,1.0015527702478e-09
2.34097861523216,6.71506055220117e-10
2.34456907323098,5.547693957501e-10
2.3481595312298,4.9316751322976e-10
2.35174998922863,4.56849649979305e-10
2.35534044722745,4.32095024113109e-10
2.35893090522627,4.14806874804744e-10
2.36252136322509,4.02091728477975e-10
2.36611182122392,3.94683234505288e-10
2.36970227922274,3.94419770772322e-10
2.37329273722156,5.31527885817994e-10
2.37688319522038,3.54984596944985e-10
2.38047365321921,3.55586042839952e-10
2.38406411121803,3.4815679562073e-10
2.38765456921685,3.46864946341694e-10
2.39124502721567,3.43348817509514e-10
2.39483548521449,3.41547859820603e-10
2.39842594321332,3.3853167007517e-10
2.40201640121214,3.37922348034499e-10
2.40560685921096,3.35669054361191e-10
2.40919731720978,3.34998152222001e-10
2.41278777520861,3.37119690359112e-10
2.41637823320743,3.19748607981038e-10
2.41996869120625,3.25612296281425e-10
2.42355914920507,3.26204527732444e-10
2.4271496072039,3.25621958167271e-10
2.43074006520272,3.24989327079563e-10
2.43433052320154,3.24822966760379e-10
2.43792098120036,3.24083808384215e-10
2.44151143919918,3.23619986452983e-10
2.44510189719801,3.23638593955787e-10
2.44869235519683,3.2622271012887e-10
2.45228281319565,3.22158394225143e-10
2.45587327119447,3.56385002508745e-10
2.4594637291933,3.23618020090319e-10
2.46305418719212,3.16738757735893e-10
2.46664464519094,3.21574244594223e-10
2.47023510318976,3.22530951277235e-10
2.47382556118859,3.22869258632195e-10
2.47741601918741,3.23171439376231e-10
2.48100647718623,3.23554965833176e-10
2.48459693518505,3.24188353484817e-10
2.48818739318387,3.24809377760263e-10
2.4917778511827,3.25291261435356e-10
2.49536830918152,3.26147994316155e-10
2.49895876718034,3.22366788449018e-10
2.50254922517916,2.91867525517845e-10
2.50613968317799,3.4247628802427e-10
2.50973014117681,3.40519801963467e-10
2.51332059917563,3.38380627968423e-10
2.51691105717445,3.39393783295123e-10
2.52050151517328,3.41146387578554e-10
2.5240919731721,3.43078411575035e-10
2.52768243117092,3.45130131384141e-10
2.53127288916974,3.51755334140884e-10
2.53486334716857,3.51594166211801e-10
2.53845380516739,3.52141959723596e-10
2.54204426316621,3.58500948807408e-10
2.54563472116503,3.55788574799252e-10
2.54922517916385,3.62149635862233e-10
2.55281563716268,3.67209529991072e-10
2.5564060951615,3.70689758859885e-10
2.55999655316032,3.76666025089919e-10
2.56358701115914,3.82221324232605e-10
2.56717746915797,3.88021254743206e-10
2.57076792715679,3.94664900139802e-10
2.57435838515561,4.00423232131954e-10
2.57794884315443,3.96069449781368e-10
2.58153930115326,4.21406656846798e-10
2.58512975915208,3.92545663498034e-10
2.5887202171509,4.36672241828305e-10
2.59231067514972,4.49265001047192e-10
2.59590113314854,4.61972106990398e-10
2.59949159114737,4.75725537617953e-10
2.60308204914619,4.92102044668684e-10
2.60667250714501,5.10541682930784e-10
2.61026296514383,5.30683151786519e-10
2.61385342314266,5.54080719134383e-10
2.61744388114148,5.79782662856157e-10
2.6210343391403,6.11165891844796e-10
2.62462479713912,6.29748956866955e-10
2.62821525513795,7.17938446143564e-10
2.63180571313677,7.61668751019087e-10
2.63539617113559,8.30359096107846e-10
2.63898662913441,9.16926643546371e-10
2.64257708713324,1.02953244212906e-09
2.64616754513206,1.18349852543757e-09
2.64975800313088,1.4038017847298e-09
2.6533484611297,1.74321875368095e-09
2.65693891912852,2.33995643755222e-09
2.66052937712735,3.62820070279743e-09
2.66411983512617,8.58011407133001e-09
2.66771029312499,2.05130156153552e-08
2.67130075112381,4.53417896814163e-09
2.67489120912264,2.5079934475893e-09
2.67848166712146,1.71416364028503e-09
2.68207212512028,1.29217961838744e-09
2.6856625831191,1.03003963841972e-09
2.68925304111792,8.5231409814897e-10
2.69284349911675,7.2308044270154e-10
2.69643395711557,6.24907523954303e-10
2.70002441511439,5.46873828191327e-10
2.70361487311321,4.78064342365098e-10
2.70720533111204,1.06826568875158e-09
2.71079578911086,4.59096974000139e-10
2.71438624710968,3.96621413183901e-10
2.7179767051085,3.6335123572358e-10
2.72156716310733,3.35282471622604e-10
2.72515762110615,3.13274779780098e-10
2.72874807910497,2.94087996600801e-10
2.73233853710379,2.77874202657051e-10
2.73592899510262,2.64316207268272e-10
2.73951945310144,2.50449683146033e-10
2.74310991110026,2.36821068613385e-10
2.74670036909908,2.18027473697292e-10
2.7502908270979,2.36635106066976e-10
2.75388128509673,2.172103148422e-10
2.75747174309555,2.1520544463998e-10
2.76106220109437,2.0439203231557e-10
2.76465265909319,2.0286476660399e-10
2.76824311709202,1.97418348125211e-10
2.77183357509084,1.93148635969771e-10
2.77542403308966,1.88962737888537e-10
2.77901449108848,1.85631969716339e-10
2.78260494908731,1.812343161365e-10
2.78619540708613,1.80396500453739e-10
2.78978586508495,1.80868809810887e-10
2.79337632308377,1.78073575659186e-10
2.7969667810826,1.68493806650549e-10
2.80055723908142,1.70583285426145e-10
2.80414769708024,1.69305205095742e-10
2.80773815507906,1.68951698456779e-10
2.81132861307788,1.65826930487405e-10
2.81491907107671,1.65632674067625e-10
2.81850952907553,1.64127348177856e-10
2.82209998707435,1.6272641045236e-10
2.82569044507317,1.61407657208936e-10
2.829280903072,1.48780618746791e-10
2.83287136107082,1.65867376412691e-10
2.83646181906964,1.38076662690363e-10
2.84005227706846,1.64952743523736e-10
2.84364273506729,1.64871657699138e-10
2.84723319306611,1.63371726226249e-10
2.85082365106493,1.63143244046807e-10
2.85441410906375,1.63125581293842e-10
2.85800456706257,1.62230917792986e-10
2.8615950250614,1.63663711497752e-10
2.86518548306022,1.63653267553858e-10
2.86877594105904,1.67554080153304e-10
2.87236639905786,1.54913541820448e-10
2.87595685705669,1.60561269618405e-10
2.87954731505551,1.62446597976317e-10
2.88313777305433,1.65040154308779e-10
2.88672823105315,1.62448309900022e-10
2.89031868905198,1.64386940984769e-10
2.8939091470508,1.64628525086403e-10
2.89749960504962,1.65212189283178e-10
2.90109006304844,1.66587459413446e-10
2.90468052104727,1.68167363550607e-10
2.90827097904609,1.68299878717577e-10
2.91186143704491,1.68410740921907e-10
2.91545189504373,1.70506168188358e-10
2.91904235304255,2.00338089235121e-10
2.92263281104138,1.78011224463588e-10
2.9262232690402,1.79077709523033e-10
2.92981372703902,1.81214911124291e-10
2.93340418503784,1.84034169548521e-10
2.93699464303667,1.87688990782754e-10
2.94058510103549,1.9178487610326e-10
2.94417555903431,1.97526312323752e-10
2.94776601703313,2.03475761625338e-10
2.95135647503196,2.13592494670417e-10
2.95494693303078,2.30061993153612e-10
2.9585373910296,3.77114360474831e-10
2.96212784902842,1.91900087540032e-10
2.96571830702724,2.33159321880839e-10
2.96930876502607,2.42695816562254e-10
2.97289922302489,2.65128766820289e-10
2.97648968102371,2.94323765394942e-10
2.98008013902253,3.33297462278807e-10
2.98367059702136,3.91198192740711e-10
2.98726105502018,4.82796677575919e-10
2.990851513019,6.51279992479394e-10
2.99444197101782,1.03523993236328e-09
2.99803242901665,2.87319897366121e-09
3.00162288701547,3.43181010862279e-09
3.00521334501429,1.06429539794437e-09
3.00880380301311,6.32329140679224e-10
3.01239426101194,4.5619583895005e-10
3.01598471901076,3.62361670305076e-10
3.01957517700958,3.04985961226996e-10
3.0231656350084,2.69782253492268e-10
3.02675609300722,2.46196316853783e-10
3.03034655100605,2.32506114498038e-10
3.03393700900487,2.28114585946877e-10
3.03752746700369,2.47533252605901e-10
3.04111792500251,5.42938724449146e-10
3.04470838300134,1.2845033872815e-10
3.04829884100016,1.43283504873609e-10
3.05188929899898,1.49961923749666e-10
3.0554797569978,1.50435509655271e-10
3.05907021499663,1.5078743592571e-10
3.06266067299545,1.50862315301082e-10
3.06625113099427,1.49704162235466e-10
3.06984158899309,1.52704264335347e-10
3.07343204699191,1.51019605329935e-10
3.07702250499074,1.52129663494811e-10
3.08061296298956,1.54946735362382e-10
3.08420342098838,1.49305689010815e-10
3.0877938789872,1.53247925586032e-10
3.09138433698603,1.50205212488146e-10
3.09497479498485,1.49814147899689e-10
3.09856525298367,1.51407966795187e-10
3.10215571098249,1.51512288506649e-10
3.10574616898132,1.5263648965489e-10
3.10933662698014,1.53677314108968e-10
3.11292708497896,1.55447731852111e-10
3.11651754297778,1.48423900133707e-10
3.1201080009766,1.5924996368243e-10
3.12369845897543,1.39271349062629e-10
3.12728891697425,1.48005099940038e-10
3.13087937497307,1.58672664099541e-10
3.13446983297189,1.57337148887398e-10
3.13806029097072,1.58244789539853e-10
3.14165074896954,1.58512957666147e-10
3.14524120696836,1.61384700962125e-10
3.14883166496718,1.61495623041359e-10
3.15242212296601,1.63818192147759e-10
3.15601258096483,1.6498239891033e-10
3.15960303896365,1.66500753009151e-10
3.16319349696247,1.60604693780767e-10
3.1667839549613,1.74248478671921e-10
3.17037441296012,1.3109127966938e-10
3.17396487095894,1.68047582322339e-10
3.17755532895776,1.70249071607437e-10
3.18114578695658,1.73670906921904e-10
3.18473624495541,1.7611518804459e-10
3.18832670295423,1.78854393309066e-10
3.19191716095305,1.79828798584917e-10
3.19550761895187,1.83289752921092e-10
3.1990980769507,1.85793008547743e-10
3.20268853494952,1.88216383675424e-10
3.20627899294834,1.9359032887058e-10
3.20986945094716,2.01050344027094e-10
3.21345990894599,1.96038658453187e-10
3.21705036694481,1.99091665632145e-10
3.22064082494363,2.05056176671693e-10
3.22423128294245,2.07964465352078e-10
3.22782174094128,2.13697134593723e-10
3.2314121989401,2.18056228175638e-10
3.23500265693892,2.23257046797139e-10
3.23859311493774,2.28290829370593e-10
3.24218357293656,2.34870113282893e-10
3.24577403093539,2.35679579128872e-10
3.24936448893421,2.42027664174323e-10
3.25295494693303,2.69565593072748e-10
3.25654540493185,2.68980137552601e-10
3.26013586293068,2.77338631992973e-10
3.2637263209295,2.87607698836977e-10
3.26731677892832,2.98942786466709e-10
3.27090723692714,3.1313689420003e-10
3.27449769492596,3.25979930438523e-10
3.27808815292479,3.44079297486049e-10
3.28167861092361,3.62745061346959e-10
3.28526906892243,3.85464897197995e-10
3.28885952692125,4.11554003139489e-10
3.29244998492008,4.24054899029426e-10
3.2960404429189,4.80999011743599e-10
3.29963090091772,5.22535866581982e-10
3.30322135891654,5.81956341486893e-10
3.30681181691537,6.53802866502901e-10
3.31040227491419,7.48985854135136e-10
3.31399273291301,8.79635003410622e-10
3.31758319091183,1.07066127717629e-09
3.32117364891066,1.37412797036742e-09
3.32476410690948,1.93697566226845e-09
3.3283545649083,3.30161342662584e-09
3.33194502290712,1.17837638071148e-08
3.33553548090594,7.37583527504318e-09
3.33912593890477,2.79176104112793e-09
3.34271639690359,1.71871071923988e-09
3.34630685490241,1.24079218933884e-09
3.34989731290123,9.72656797080341e-10
3.35348777090006,8.01195014983789e-10
3.35707822889888,6.85353282768313e-10
3.3606686868977,6.03644269735626e-10
3.36425914489652,5.48678749288048e-10
3.36784960289535,5.22051010470994e-10
3.37144006089417,5.77385406282893e-10
3.37503051889299,2.16513381455786e-10
3.37862097689181,2.36002658941036e-10
3.38221143489063,2.5680312507302e-10
3.38580189288946,2.53415060288393e-10
3.38939235088828,2.45348008199028e-10
3.3929828088871,2.35086976291652e-10
3.39657326688592,2.25613535421132e-10
3.40016372488475,2.15432848895498e-10
3.40375418288357,2.09505318823427e-10
3.40734464088239,2.00862280723649e-10
3.41093509888121,1.93687894387756e-10
3.41452555688004,1.83435050711277e-10
3.41811601487886,1.83251209201283e-10
3.42170647287768,1.74647085284691e-10
3.4252969308765,1.73338221780174e-10
3.42888738887533,1.70031430101402e-10
3.43247784687415,1.66206882954993e-10
3.43606830487297,1.63367902576311e-10
3.43965876287179,1.60885520958166e-10
3.44324922087061,1.59163003990082e-10
3.44683967886944,1.58061788633524e-10
3.45043013686826,1.61144900739504e-10
3.45402059486708,1.74686514305288e-10
3.4576110528659,1.25434770844412e-10
3.46120151086473,1.37066884200631e-10
3.46479196886355,1.44917001655772e-10
3.46838242686237,1.44443856887278e-10
3.47197288486119,1.44659504585973e-10
3.47556334286002,1.44984974938991e-10
3.47915380085884,1.44809607301111e-10
3.48274425885766,1.45620982342659e-10
3.48633471685648,1.46001411007004e-10
3.48992517485531,1.47039302489752e-10
3.49351563285413,1.48373105028019e-10
3.49710609085295,1.22842835391273e-10
3.50069654885177,1.38710045494042e-10
3.50428700685059,1.76557741642581e-10
3.50787746484942,1.57428779863124e-10
3.51146792284824,1.59487633361788e-10
3.51505838084706,1.59685140996513e-10
3.51864883884588,1.61392666883135e-10
3.52223929684471,1.63301887742613e-10
3.52582975484353,1.66637441761985e-10
3.52942021284235,1.70875125649986e-10
3.53301067084117,1.69638194751035e-10
3.53660112884,1.77178777242794e-10
3.54019158683882,1.75521869093973e-10
3.54378204483764,1.82202030768223e-10
3.54737250283646,1.83821979690046e-10
3.55096296083528,1.88799334791024e-10
3.55455341883411,1.92884416807108e-10
3.55814387683293,1.98705844177534e-10
3.56173433483175,2.03316440708561e-10
3.56532479283057,2.09325814011939e-10
3.5689152508294,2.14832334119069e-10
3.57250570882822,2.19084119985283e-10
3.57609616682704,2.20900012233669e-10
3.57968662482586,2.55944059427398e-10
3.58327708282469,2.42787366040871e-10
3.58686754082351,2.77727570034156e-10
3.59045799882233,2.79322423927916e-10
3.59404845682115,2.89244692223071e-10
3.59763891481997,3.01741356306791e-10
3.6012293728188,3.17010519446442e-10
3.60481983081762,3.34345108719213e-10
3.60841028881644,3.51756679987295e-10
3.61200074681526,3.74099975273652e-10
3.61559120481409,3.99340690648239e-10
3.61918166281291,4.29848941108317e-10
3.62277212081173,4.64819674124736e-10
3.62636257881055,4.69682285217728e-10
3.62995303680938,5.39124833391304e-10
3.6335434948082,6.1373776872999e-10
3.63713395280702,6.78544207276161e-10
3.64072441080584,7.71739707303394e-10
3.64431486880467,8.93283783119268e-10
3.64790532680349,1.06193295409011e-09
3.65149578480231,1.31094138915053e-09
3.65508624280113,1.7180650848601e-09
3.65867670079995,2.48844025587698e-09
3.66226715879878,4.50759653265363e-09
3.6658576167976,2.45326556602393e-08
3.66944807479642,7.12673131539347e-09
3.67303853279524,3.11357408636964e-09
3.67662899079407,1.99295774118442e-09
3.68021944879289,1.46750250134414e-09
3.68380990679171,1.16327382039009e-09
3.68740036479053,9.66627264218162e-10
3.69099082278936,8.29524850253002e-10
3.69458128078818,7.31018528430184e-10
3.698171738787,6.62047138633444e-10
3.70176219678582,6.2490993352053e-10
3.70535265478464,6.98732843381235e-10
3.70894311278347,3.44305388337881e-10
3.71253357078229,3.67043805743797e-10
3.71612402878111,3.4871229418988e-10
3.71971448677993,3.35366202441458e-10
3.72330494477876,3.19864506587039e-10
3.72689540277758,3.03411716284439e-10
3.7304858607764,2.87571420146242e-10
3.73407631877522,2.74217393181578e-10
3.73766677677405,2.59679131890559e-10
3.74125723477287,2.48566876652048e-10
3.74484769277169,2.36953322089479e-10
3.74843815077051,2.24935339247562e-10
3.75202860876934,2.18390407597625e-10
3.75561906676816,2.02779590529471e-10
3.75920952476698,1.99162149083173e-10
3.7627999827658,1.93416224656524e-10
3.76639044076462,1.86312478135308e-10
3.76998089876345,1.80392104599024e-10
3.77357135676227,1.74920141932477e-10
3.77716181476109,1.70536679729126e-10
3.78075227275991,1.67536081105467e-10
3.78434273075874,1.65089198652779e-10
3.78793318875756,1.92341649186291e-10
3.79152364675638,1.23107466379115e-10
3.7951141047552,1.35440140948056e-10
3.79870456275403,1.3047826709434e-10
3.80229502075285,1.28548580674753e-10
3.80588547875167,1.25397761450561e-10
3.80947593675049,1.22317367795873e-10
3.81306639474931,1.18592040754161e-10
3.81665685274814,1.15295705411901e-10
3.82024731074696,1.11778867737745e-10
3.82383776874578,1.07749785430699e-10
3.8274282267446,1.01971354489711e-10
3.83101868474343,1.06092329386293e-10
3.83460914274225,8.16324741494949e-11
3.83819960074107,1.3764717578054e-10
3.84179005873989,1.10841570445046e-10
3.84538051673872,1.05272967830225e-10
3.84897097473754,1.00999259923707e-10
3.85256143273636,9.81524931141329e-11
3.85615189073518,9.6012745046247e-11
3.85974234873401,9.27199993647658e-11
3.86333280673283,9.42118902840698e-11
3.86692326473165,8.63105491221057e-11
3.87051372273047,8.79242307279217e-11
3.87410418072929,8.28527583482853e-11
3.87769463872812,8.11134854942747e-11
3.88128509672694,7.96208769433231e-11
3.88487555472576,7.82030389101498e-11
3.88846601272458,7.55856661918247e-11
3.89205647072341,7.53317826280964e-11
3.89564692872223,7.30131378991192e-11
3.89923738672105,7.13867716551852e-11
3.90282784471987,6.97320912206674e-11
3.9064183027187,6.9628681161754e-11
3.91000876071752,6.38168330594123e-11
3.91359921871634,7.83399224066647e-11
3.91718967671516,9.93521428500788e-11
3.92078013471399,4.87059850693736e-11
3.92437059271281,5.42934835144504e-11
3.92796105071163,5.5028342594297e-11
3.93155150871045,5.45016681709846e-11
3.93514196670927,5.255945566279e-11
3.9387324247081,5.20080817939766e-11
3.94232288270692,4.90195182369328e-11
3.94591334070574,4.74068944468517e-11
3.94950379870456,4.26922981476372e-11
3.95309425670339,4.01106039771473e-11
3.95668471470221,1.55396054275272e-11
3.96027517270103,1.3938174520972e-10
3.96386563069985,7.19339211628898e-11
3.96745608869867,6.77931102710141e-11
3.9710465466975,6.49949921546336e-11
3.97463700469632,6.82321827685145e-11
3.97822746269514,7.44237213244749e-11
3.98181792069396,8.5713575727279e-11
3.98540837869279,1.06396807581303e-10
3.98899883669161,1.4564339184142e-10
3.99258929469043,2.25498865342355e-10
3.99617975268925,4.68635832960337e-10
3.99977021068808,8.44815331981266e-09
4.0033606686869,6.22927538277842e-10
4.00695112668572,3.29985018868692e-10
4.01054158468454,2.38581373362184e-10
4.01413204268337,1.97400320356243e-10
4.01772250068219,1.75814417831691e-10
4.02131295868101,1.64178568025498e-10
4.02490341667983,1.62958723442248e-10
4.02849387467865,1.71052267360648e-10
4.03208433267748,1.96376040468559e-10
4.0356747906763,2.69399414656234e-10
4.03926524867512,7.06179292166868e-10
4.04285570667394,4.39578274161113e-10
4.04644616467277,1.22486493636227e-10
4.05003662267159,6.12852144623e-11
4.05362708067041,3.83650046826911e-11
4.05721753866923,2.91155386273768e-11
4.06080799666806,2.61540399992566e-11
4.06439845466688,2.56828078489981e-11
4.0679889126657,2.35748987723626e-11
4.07157937066452,2.69285442167916e-11
4.07516982866334,2.55202869450138e-11
4.07876028666217,2.58693479013573e-11
4.08235074466099,3.3416666944123e-11
4.08594120265981,2.72739001821889e-11
4.08953166065863,3.08450641281817e-11
4.09312211865746,3.01510684205339e-11
4.09671257665628,2.54503295664026e-11
4.1003030346551,2.62236550745365e-11
4.10389349265392,2.55262890114012e-11
4.10748395065275,2.49406825999947e-11
4.11107440865157,2.52520237540914e-11
4.11466486665039,2.56557774175416e-11
4.11825532464921,2.16016056065383e-11
4.12184578264803,3.06930252855042e-11
4.12543624064686,3.00671008093356e-11
4.12902669864568,2.08046667230795e-11
4.1326171566445,2.5844284160211e-11
4.13620761464332,2.50581968955116e-11
4.13979807264215,2.46599248641612e-11
4.14338853064097,2.41790560327586e-11
4.14697898863979,2.44580419844277e-11
4.15056944663861,2.4538492088263e-11
4.15415990463744,2.45362227728994e-11
4.15775036263626,2.56317835911403e-11
4.16134082063508,2.9222660926804e-11
4.1649312786339,2.58098899593707e-11
4.16852173663272,3.644356516474e-11
4.17211219463155,1.25399039826253e-11
4.17570265263037,1.90091399143859e-11
4.17929311062919,1.8955802958119e-11
4.18288356862801,2.01098653995632e-11
4.18647402662684,2.07313701573271e-11
4.19006448462566,2.13742733487031e-11
4.19365494262448,2.13206769294148e-11
4.1972454006233,2.30177453856395e-11
4.20083585862213,2.18299165269439e-11
4.20442631662095,2.50518605575569e-11
4.20801677461977,2.38631264464406e-11
4.21160723261859,1.83838696831022e-11
4.21519769061742,2.18376576356634e-11
4.21878814861624,2.45933208834562e-11
4.22237860661506,2.41976557522183e-11
4.22596906461388,2.51057745601761e-11
4.22955952261271,2.54148181496849e-11
4.23314998061153,2.60686067109382e-11
4.23674043861035,2.68861433396867e-11
4.24033089660917,2.7979681248492e-11
4.24392135460799,3.12481853152472e-11
4.24751181260682,3.32391112939055e-11
4.25110227060564,1.01472089432989e-10
4.25469272860446,1.62915874178096e-11
4.25828318660328,2.02655102462854e-11
4.26187364460211,2.19032470518553e-11
4.26546410260093,2.31780946402614e-11
4.26905456059975,2.28645169919008e-11
4.27264501859857,2.28487161685735e-11
4.2762354765974,2.10655489700575e-11
4.27982593459622,1.98627463535136e-11
4.28341639259504,1.68631783541728e-11
4.28700685059386,7.69015037417542e-12
4.29059730859268,3.83385895800866e-11
4.29418776659151,9.50850796624958e-11
4.29777822459033,4.32559788630501e-11
4.30136868258915,4.07511539983734e-11
4.30495914058797,3.29483800691951e-11
4.3085495985868,2.65298682919667e-11
4.31214005658562,2.0778637200939e-11
4.31573051458444,1.69563266142322e-11
4.31932097258326,1.96210586817972e-11
4.32291143058209,4.11363515953999e-11
4.32650188858091,9.88018942501234e-11
4.33009234657973,2.64400066754274e-10
4.33368280457855,3.14214473605093e-09
4.33727326257737,3.45028021237083e-10
4.3408637205762,2.16333142932111e-10
4.34445417857502,1.71650006784499e-10
4.34804463657384,1.48455358826436e-10
4.35163509457266,1.36195371635539e-10
4.35522555257149,1.27878746474651e-10
4.35881601057031,1.22486341883527e-10
4.36240646856913,1.16766865374687e-10
4.36599692656795,1.15284984988907e-10
4.36958738456678,1.24131518334234e-10
4.3731778425656,3.91071807932915e-10
4.37676830056442,2.34199743894687e-10
4.38035875856324,1.59321623689594e-10
4.38394921656207,1.43895731796032e-10
4.38753967456089,1.3854654209552e-10
4.39113013255971,1.36214688757999e-10
4.39472059055853,1.3604555864261e-10
4.39831104855736,1.36017757653688e-10
4.40190150655618,1.35704532164595e-10
4.405491964555,1.38330018927858e-10
4.40908242255382,1.38613067505925e-10
4.41267288055264,1.43788732327614e-10
4.41626333855147,1.34309989779405e-10
4.41985379655029,1.41110225591513e-10
4.42344425454911,1.47489593935491e-10
4.42703471254793,1.48958779133646e-10
4.43062517054676,1.52368537390576e-10
4.43421562854558,1.5566030614716e-10
4.4378060865444,1.58008585258084e-10
4.44139654454322,1.61249590502456e-10
4.44498700254205,1.6466109412062e-10
4.44857746054087,1.68437715224946e-10
4.45216791853969,1.72296368956295e-10
4.45575837653851,1.91371206686299e-10
4.45934883453733,1.79996740844008e-10
4.46293929253616,1.78121177361997e-10
4.46652975053498,1.87139628230316e-10
4.4701202085338,1.92086212650436e-10
4.47371066653262,1.9728942163275e-10
4.47730112453145,2.00953252323463e-10
4.48089158253027,2.07180977339947e-10
4.48448204052909,2.10969372905956e-10
4.48807249852791,2.16850897323227e-10
4.49166295652673,2.21303912515374e-10
4.49525341452556,2.19072257108778e-10
4.49884387252438,2.49143449063051e-10
4.5024343305232,2.6650033711536e-10
4.50602478852202,2.4590733446044e-10
4.50961524652085,2.59673547129629e-10
4.51320570451967,2.64241343981676e-10
4.51679616251849,2.72608304866699e-10
4.52038662051731,2.81258218433478e-10
4.52397707851614,2.90794560033707e-10
4.52756753651496,2.99723106196131e-10
4.53115799451378,3.08672165605201e-10
4.5347484525126,3.20642150489422e-10
4.53833891051143,3.33484526822578e-10
4.54192936851025,3.47877575464143e-10
4.54551982650907,3.45577136124635e-10
4.54911028450789,3.65790667544747e-10
4.55270074250671,3.78991655099676e-10
4.55629120050554,3.95679564120253e-10
4.55988165850436,4.1016415883916e-10
4.56347211650318,4.2768258238202e-10
4.567062574502,4.45713777320148e-10
4.57065303250083,4.64964732873181e-10
4.57424349049965,4.87012496759365e-10
4.57783394849847,5.10372297226712e-10
4.58142440649729,5.33060848669481e-10
4.58501486449612,6.76063792886906e-10
4.58860532249494,5.91397530243926e-10
4.59219578049376,6.23055581358119e-10
4.59578623849258,6.58406008192607e-10
4.59937669649141,6.97862720564436e-10
4.60296715449023,7.41107230038418e-10
4.60655761248905,7.91862035205827e-10
4.61014807048787,8.4630407109654e-10
4.61373852848669,9.1070732275419e-10
4.61732898648552,9.83763876038341e-10
4.62091944448434,1.07112582222383e-09
4.62450990248316,1.20236393460007e-09
4.62810036048198,1.24385427009992e-09
4.63169081848081,1.40331632351743e-09
4.63528127647963,1.5696644361192e-09
4.63887173447845,1.78678248614135e-09
4.64246219247727,2.06435390108683e-09
4.6460526504761,2.43851955246856e-09
4.64964310847492,2.97069816732015e-09
4.65323356647374,3.78696652345596e-09
4.65682402447256,5.19721142434294e-09
4.66041448247138,8.23275882986089e-09
4.66400494047021,1.94458505551518e-08
4.66759539846903,5.59096585927434e-08
4.67118585646785,1.15702769248655e-08
4.67477631446667,6.48309510022436e-09
4.6783667724655,4.5197500191952e-09
4.68195723046432,3.47658784115673e-09
4.68554768846314,2.83192184652769e-09
4.68913814646196,2.39213471219605e-09
4.69272860446079,2.07467692846869e-09
4.69631906245961,1.83581755955579e-09
4.69990952045843,1.64923434247083e-09
4.70349997845725,1.50358811615837e-09
4.70709043645607,1.52528169881325e-09
4.7106808944549,1.24040434604776e-09
4.71427135245372,1.15480128489684e-09
4.71786181045254,1.087117426338e-09
4.72145226845136,1.0231337776732e-09
4.72504272645019,9.65135554192788e-10
4.72863318444901,9.14201399371135e-10
4.73222364244783,8.69249011329557e-10
4.73581410044665,8.26772268508583e-10
4.73940455844548,7.91906998943848e-10
4.7429950164443,7.56107511532996e-10
4.74658547444312,7.26587931379907e-10
4.75017593244194,7.0057480918613e-10
4.75376639044077,6.7532948694159e-10
4.75735684843959,6.51264788276065e-10
4.76094730643841,6.33071432308281e-10
4.76453776443723,6.08601073090743e-10
4.76812822243606,5.90963020596468e-10
4.77171868043488,5.74081882335116e-10
4.7753091384337,5.58216931124522e-10
4.77889959643252,5.43625017087286e-10
4.78249005443134,5.31903582875307e-10
4.78608051243017,5.21699334380982e-10
4.78967097042899,4.48893947639735e-10
4.79326142842781,4.82439566158502e-10
4.79685188642663,4.75632465610464e-10
4.80044234442546,4.65247298986913e-10
4.80403280242428,4.55871785198873e-10
4.8076232604231,4.46803081509685e-10
4.81121371842192,4.37870670645199e-10
4.81480417642075,4.29901081144105e-10
4.81839463441957,4.21364739259679e-10
4.82198509241839,4.14334093066009e-10
4.82557555041721,4.08041561515179e-10
4.82916600841603,4.0988142794546e-10
4.83275646641486,3.89887262484731e-10
4.83634692441368,4.08614446714803e-10
4.8399373824125,3.75678552845825e-10
4.84352784041132,3.70470768250364e-10
4.84711829841015,3.6567049894812e-10
4.85070875640897,3.60227273021923e-10
4.85429921440779,3.54980506754144e-10
4.85788967240661,3.49252116453064e-10
4.86148013040544,3.43996329586613e-10
4.86507058840426,3.39323269154199e-10
4.86866104640308,3.30943442250051e-10
4.8722515044019,3.3999514869459e-10
4.87584196240072,3.25819729287848e-10
4.87943242039955,3.30676213596412e-10
4.88302287839837,3.23683813084436e-10
4.88661333639719,3.18657724956134e-10
4.89020379439601,3.16125440774251e-10
4.89379425239484,3.10283376866734e-10
4.89738471039366,3.07441524016819e-10
4.90097516839248,3.04353522583053e-10
4.9045656263913,3.02548000854664e-10
4.90815608439013,2.98710986123442e-10
4.91174654238895,3.08643954267918e-10
4.91533700038777,3.02241746538525e-10
4.91892745838659,2.29404968384805e-10
4.92251791638541,2.72507997404019e-10
4.92610837438424,2.7372836007455e-10
4.92969883238306,2.72323452162884e-10
4.93328929038188,2.69950822348094e-10
4.9368797483807,2.67265131139767e-10
4.94047020637953,2.65192891053743e-10
4.94406066437835,2.61336113403186e-10
4.94765112237717,2.59840506313772e-10
4.95124158037599,2.55026859067062e-10
4.95483203837482,2.51889330418027e-10
4.95842249637364,2.22328402207281e-10
4.96201295437246,2.60331902203984e-10
4.96560341237128,2.50239514438457e-10
4.96919387037011,2.51144018625456e-10
4.97278432836893,2.50722368565127e-10
4.97637478636775,2.51513073114491e-10
4.97996524436657,2.56381065570704e-10
4.98355570236539,2.69535362298826e-10
4.98714616036422,3.00589838947012e-10
4.99073661836304,3.75705517143034e-10
4.99432707636186,5.81820634568102e-10
4.99791753436068,1.65930315823416e-09
