freqs,specs
0,1.76977895687353e-07
0.00359045799882233,9.83646324474901e-08
0.00718091599764466,1.03742063615249e-07
0.010771373996467,5.76102449283493e-08
0.0143618319952893,8.28826021345828e-09
0.0179522899941117,4.25909047735829e-08
0.021542747992934,2.4128612479301e-08
0.0251332059917563,1.49516954200422e-08
0.0287236639905786,2.55719316460541e-08
0.032314121989401,8.8269075090334e-09
0.0359045799882233,1.10627897119955e-08
0.0394950379870456,4.00543344222665e-08
0.043085495985868,7.35919415355877e-09
0.0466759539846903,8.25511402766354e-09
0.0502664119835126,6.66475331072445e-09
0.053856869982335,1.48298055159925e-08
0.0574473279811573,2.14516281749494e-08
0.0610377859799796,1.93768407835504e-08
0.0646282439788019,4.84173725021305e-09
0.0682187019776243,8.44854421918855e-09
0.0718091599764466,1.13503207449596e-08
0.0753996179752689,1.88411058139277e-08
0.0789900759740913,5.45376772865167e-09
0.0825805339729136,1.10408512968362e-08
0.0861709919717359,1.60966720728722e-08
0.0897614499705583,3.8030654541835e-09
0.0933519079693806,1.48355412980066e-08
0.0969423659682029,1.04970722406765e-08
0.100532823967025,1.21509149277265e-08
0.104123281965848,5.54949668709429e-09
0.10771373996467,3.37822376687842e-09
0.111304197963492,1.43166233036846e-08
0.114894655962315,1.17430126576124e-08
0.118485113961137,1.13612486102847e-08
0.122075571959959,5.03245239673158e-09
0.125666029958782,8.64376782344362e-09
0.129256487957604,1.47755540611959e-08
0.132846945956426,6.17675938542392e-09
0.136437403955249,7.68682117413963e-09
0.140027861954071,7.94631288392183e-09
0.143618319952893,9.65851682362606e-09
0.147208777951716,8.44933680503444e-09
0.150799235950538,6.97382924545743e-09
0.15438969394936,7.84552573707807e-09
0.157980151948183,6.72564066015978e-09
0.161570609947005,9.4881585351158e-09
0.165161067945827,9.03773873665457e-09
0.16875152594465,1.81012673435807e-08
0.172341983943472,8.81008673728082e-09
0.175932441942294,5.96235781608608e-09
0.179522899941117,9.56381661956271e-09
0.183113357939939,1.40271357042343e-08
0.186703815938761,6.72358022643181e-09
0.190294273937583,1.08513482993954e-08
0.193884731936406,1.09922903061035e-08
0.197475189935228,1.55540425712768e-08
0.20106564793405,6.04387756212617e-09
0.204656105932873,5.20511736248503e-09
0.208246563931695,1.53529314268977e-08
0.211837021930517,7.79203946032687e-09
0.21542747992934,4.93949551502798e-09
0.219017937928162,1.35112520807842e-08
0.222608395926984,1.44572507368593e-08
0.226198853925807,1.19070932344032e-08
0.229789311924629,1.5954027069158e-08
0.233379769923451,2.3858228737649e-09
0.236970227922274,1.04305408582984e-08
0.240560685921096,1.05296396309123e-08
0.244151143919918,8.14404581019487e-09
0.247741601918741,7.19192798123748e-09
0.251332059917563,2.25356592414724e-08
0.254922517916385,1.38018591684226e-08
0.258512975915208,1.01051659778087e-08
0.26210343391403,1.27932452173458e-08
0.265693891912852,1.00793348634526e-08
0.269284349911675,2.37468256283409e-08
0.272874807910497,9.77788751570911e-09
0.276465265909319,5.75359221885241e-09
0.280055723908142,5.52588571672162e-09
0.283646181906964,4.8333609199277e-09
0.287236639905786,5.08855062894363e-09
0.290827097904609,1.15082782554762e-08
0.294417555903431,3.66532831356155e-09
0.298008013902253,6.7367573006416e-09
0.301598471901076,7.22513866743072e-09
0.305188929899898,8.52879759449951e-09
0.30877938789872,1.20924247853741e-08
0.312369845897543,3.56397245382839e-09
0.315960303896365,1.04109477654546e-08
0.319550761895187,4.61938873484109e-09
0.32314121989401,2.90119532454938e-09
0.326731677892832,1.58427037020805e-08
0.330322135891654,1.01098340313981e-08
0.333912593890477,2.62892166131219e-09
0.337503051889299,1.64792177015774e-08
0.341093509888121,1.03316916790726e-08
0.344683967886944,3.89156671311394e-09
0.348274425885766,1.0748827633737e-08
0.351864883884588,1.22410756303937e-08
0.355455341883411,2.27153852876295e-09
0.359045799882233,1.40070590504779e-08
0.362636257881055,1.34921623814532e-08
0.366226715879878,8.72369869775681e-09
0.3698171738787,5.51880189507128e-09
0.373407631877522,6.47693992649092e-09
0.376998089876345,9.3136142255586e-09
0.380588547875167,9.96508393106956e-09
0.384179005873989,2.11687572026574e-09
0.387769463872812,5.22001944631217e-09
0.391359921871634,8.96156602815805e-09
0.394950379870456,5.27922523405497e-09
0.398540837869279,1.17039436657272e-08
0.402131295868101,1.53241506218134e-08
0.405721753866923,9.59794566935664e-09
0.409312211865746,1.07341462718768e-08
0.412902669864568,1.68782320110644e-08
0.41649312786339,1.02091117480445e-08
0.420083585862213,3.65164493284017e-09
0.423674043861035,1.65033739684394e-08
0.427264501859857,9.0502026103248e-09
0.43085495985868,1.02289589400181e-08
0.434445417857502,1.30628913243342e-08
0.438035875856324,1.17448020330052e-08
0.441626333855147,1.33322924425799e-08
0.445216791853969,1.67117886216748e-08
0.448807249852791,5.41027457825117e-09
0.452397707851614,8.31727098388391e-10
0.455988165850436,7.11772725919894e-09
0.459578623849258,1.74824523551021e-08
0.463169081848081,1.94876601692705e-08
0.466759539846903,7.36912164376958e-09
0.470349997845725,8.61801993576476e-09
0.473940455844548,1.30072656549114e-08
0.47753091384337,1.313361312396e-08
0.481121371842192,1.59894717480735e-08
0.484711829841015,8.06197456954651e-09
0.488302287839837,5.14970964616227e-09
0.491892745838659,1.1933663464275e-08
0.495483203837482,1.53936724815124e-08
0.499073661836304,6.0201984633557e-09
0.502664119835126,1.72552863716012e-08
0.506254577833949,1.42381289344265e-08
0.509845035832771,2.5560049606431e-08
0.513435493831593,1.13269520227805e-08
0.517025951830416,1.18061024357243e-08
0.520616409829238,7.15597253907125e-09
0.52420686782806,1.06882992225638e-08
0.527797325826883,1.26244214584483e-08
0.531387783825705,7.95908458990764e-09
0.534978241824527,1.99532270706666e-08
0.53856869982335,8.90669051358051e-09
0.542159157822172,1.12047174504543e-08
0.545749615820994,1.17425874789831e-08
0.549340073819817,5.31803762174085e-09
0.552930531818639,9.88714615237416e-09
0.556520989817461,1.19623157477039e-08
0.560111447816284,1.4964762184193e-08
0.563701905815106,1.45531116382742e-08
0.567292363813928,9.69453747443712e-09
0.57088282181275,1.32073485932934e-08
0.574473279811573,3.51188593951489e-09
0.578063737810395,9.71188381008137e-09
0.581654195809218,3.09959523059585e-09
0.58524465380804,3.49794925370192e-09
0.588835111806862,1.39650916353078e-08
0.592425569805685,2.20637263066612e-08
0.596016027804507,1.31102588568008e-08
0.599606485803329,1.92115861865431e-08
0.603196943802151,7.51837207647556e-09
0.606787401800974,3.11290481856569e-09
0.610377859799796,1.75282041411453e-09
0.613968317798618,8.74637180131704e-09
0.617558775797441,2.14498148710635e-08
0.621149233796263,2.03550339592614e-08
0.624739691795085,9.58327110852583e-09
0.628330149793908,1.2090318886998e-08
0.63192060779273,1.13663000115213e-08
0.635511065791552,1.61818165463257e-08
0.639101523790375,1.19954690729939e-08
0.642691981789197,2.02880585978381e-08
0.646282439788019,5.55088355514787e-09
0.649872897786842,1.8022431784097e-08
0.653463355785664,2.06872803430813e-08
0.657053813784486,8.61163233217799e-09
0.660644271783309,2.60747732963211e-09
0.664234729782131,1.4488517982171e-08
0.667825187780953,1.8021988260974e-08
0.671415645779776,1.87335637227552e-08
0.675006103778598,1.67589318276631e-08
0.67859656177742,1.73846686003778e-08
0.682187019776243,1.86614202121338e-08
0.685777477775065,6.61799309933013e-09
0.689367935773887,1.18700778599304e-08
0.69295839377271,1.19706536352551e-08
0.696548851771532,1.10349690880369e-08
0.700139309770354,9.19538001953094e-09
0.703729767769177,6.71324039624442e-09
0.707320225767999,7.16831002757263e-09
0.710910683766821,1.37072162630025e-08
0.714501141765644,3.52995688538006e-09
0.718091599764466,7.97077847251039e-09
0.721682057763288,1.90240482546369e-08
0.725272515762111,2.05522359240761e-08
0.728862973760933,1.43849166210567e-09
0.732453431759755,1.33158853594977e-08
0.736043889758578,1.04046221817067e-08
0.7396343477574,9.15795704772083e-09
0.743224805756222,1.25454340834687e-08
0.746815263755045,1.11957319950733e-08
0.750405721753867,6.73447702082623e-09
0.753996179752689,1.95740767246326e-08
0.757586637751512,6.09435864851004e-09
0.761177095750334,1.46064818870222e-08
0.764767553749156,1.25810334674111e-08
0.768358011747979,5.69527942864089e-09
0.771948469746801,3.59264095149118e-09
0.775538927745623,2.24693652634984e-08
0.779129385744446,7.90108787036866e-09
0.782719843743268,9.11982091441117e-09
0.78631030174209,2.23444748120673e-08
0.789900759740913,6.02202412455689e-09
0.793491217739735,1.81285166995209e-08
0.797081675738557,6.69541551375894e-09
0.80067213373738,6.15912859049794e-09
0.804262591736202,4.08889649610238e-09
0.807853049735024,1.56521445359584e-08
0.811443507733847,6.3486652364593e-09
0.815033965732669,1.99363119223826e-08
0.818624423731491,1.2398162088112e-08
0.822214881730314,3.58437271417312e-08
0.825805339729136,1.48439419620263e-08
0.829395797727958,6.64712790210593e-09
0.832986255726781,1.58918767249434e-08
0.836576713725603,1.48433000707799e-08
0.840167171724425,2.20920015621647e-08
0.843757629723248,2.2310941343403e-08
0.84734808772207,1.92335018356663e-08
0.850938545720892,1.01931593147819e-08
0.854529003719715,1.46766973772405e-08
0.858119461718537,9.01795811673282e-09
0.861709919717359,4.13399830038637e-08
0.865300377716182,1.75861936118749e-08
0.868890835715004,1.19220322772801e-08
0.872481293713826,2.62084460120976e-08
0.876071751712649,9.25393929814439e-09
0.879662209711471,1.3718167248156e-08
0.883252667710293,1.5682680317321e-08
0.886843125709115,3.84017564236961e-09
0.890433583707938,1.16164779595723e-08
0.89402404170676,2.19335804048216e-08
0.897614499705583,6.92237534543496e-09
0.901204957704405,9.92730519713476e-09
0.904795415703227,1.26240203253143e-08
0.90838587370205,5.47590632626283e-09
0.911976331700872,1.61087696358474e-08
0.915566789699694,1.56909296967847e-08
0.919157247698516,2.51861615880075e-08
0.922747705697339,1.17866617739063e-08
0.926338163696161,1.8651655075342e-09
0.929928621694984,2.20757391224278e-08
0.933519079693806,4.91204913831589e-09
0.937109537692628,2.18694630313319e-08
0.940699995691451,3.5148697996536e-08
0.944290453690273,1.43746672573558e-08
0.947880911689095,1.30154439111138e-08
0.951471369687917,3.28204068493799e-08
0.95506182768674,3.38726148126064e-08
0.958652285685562,1.1190059393385e-08
0.962242743684384,6.14195389980269e-09
0.965833201683207,2.30951360328074e-08
0.969423659682029,8.98268674546285e-09
0.973014117680852,3.17557612758021e-08
0.976604575679674,4.69405044578575e-08
0.980195033678496,3.21042462857274e-08
0.983785491677318,3.21067381494075e-08
0.987375949676141,4.16831011640511e-08
0.990966407674963,4.21871605879663e-08
0.994556865673785,7.42517224692352e-08
0.998147323672608,2.5816947163198e-07
1.00173778167143,2.95500380380366e-07
1.00532823967025,4.72674827873773e-08
1.00891869766907,5.87653376928843e-08
1.0125091556679,3.46950066481388e-08
1.01609961366672,8.06999585519009e-09
1.01969007166554,3.82544496871234e-09
1.02328052966436,4.77372659353076e-08
1.02687098766319,2.43724655937242e-08
1.03046144566201,2.29282669435442e-08
1.03405190366083,1.17335299731387e-08
1.03764236165965,1.76063949338059e-08
1.04123281965848,1.22503530285576e-08
1.0448232776573,4.31482737047246e-08
1.04841373565612,4.18750581509031e-08
1.05200419365494,1.0957070884228e-08
1.05559465165377,1.21201907106415e-08
1.05918510965259,1.93948209860726e-08
1.06277556765141,2.61530728698555e-08
1.06636602565023,1.11622927861555e-08
1.06995648364905,2.15650269959658e-08
1.07354694164788,1.20022491337417e-08
1.0771373996467,1.17625663104371e-08
1.08072785764552,2.84701941799104e-08
1.08431831564434,1.81226744278132e-08
1.08790877364317,6.85847124579756e-09
1.09149923164199,9.08329076539378e-09
1.09508968964081,1.18907330047669e-09
1.09868014763963,6.67125259023564e-09
1.10227060563846,1.47893244360971e-08
1.10586106363728,2.1319014108437e-08
1.1094515216361,9.01128230561358e-09
1.11304197963492,3.67792729819088e-09
1.11663243763374,1.60184220240313e-09
1.12022289563257,1.09370417652904e-08
1.12381335363139,4.17822940201595e-09
1.12740381163021,1.6183232415234e-08
1.13099426962903,1.72160132354959e-08
1.13458472762786,1.77709640544253e-08
1.13817518562668,3.95608052323655e-08
1.1417656436255,1.23046769573752e-08
1.14535610162432,1.27439191305694e-08
1.14894655962315,1.82690565077453e-08
1.15253701762197,1.75136887974941e-08
1.15612747562079,2.06110336069739e-08
1.15971793361961,1.89103898617734e-08
1.16330839161844,1.8008000911548e-08
1.16689884961726,1.62123841324938e-08
1.17048930761608,1.37905984815472e-08
1.1740797656149,1.64103759544343e-08
1.17767022361372,3.43279346674251e-08
1.18126068161255,1.13168026730268e-08
1.18485113961137,1.62078415621349e-08
1.18844159761019,1.33879737643785e-08
1.19203205560901,1.50925138948701e-08
1.19562251360784,7.21634118219304e-09
1.19921297160666,1.938967969915e-08
1.20280342960548,8.17159213870527e-09
1.2063938876043,1.29999688939892e-08
1.20998434560313,1.1030099877021e-08
1.21357480360195,2.2102921084525e-08
1.21716526160077,1.20715095592137e-08
1.22075571959959,3.1127581189725e-10
1.22434617759841,1.52239870077146e-08
1.22793663559724,1.13691253875188e-08
1.23152709359606,4.11031525198342e-09
1.23511755159488,1.63698442024615e-08
1.2387080095937,5.47516670742702e-09
1.24229846759253,4.61490029945033e-09
1.24588892559135,1.61022119933519e-08
1.24947938359017,6.92475160328117e-09
1.25306984158899,4.68248982435626e-09
1.25666029958782,1.58315288712853e-08
1.26025075758664,9.69749034409893e-09
1.26384121558546,6.05096795977662e-09
1.26743167358428,1.51126455807929e-08
1.2710221315831,1.24082739018837e-08
1.27461258958193,1.6843462401655e-08
1.27820304758075,2.30491303748484e-08
1.28179350557957,9.8580140205136e-09
1.28538396357839,6.13498464811726e-09
1.28897442157722,2.13519149731241e-08
1.29256487957604,1.58579633076761e-08
1.29615533757486,4.08576205825125e-09
1.29974579557368,1.93724452136269e-08
1.30333625357251,8.72119401276123e-09
1.30692671157133,5.65870425353789e-09
1.31051716957015,1.0183439517299e-08
1.31410762756897,6.84312747316559e-09
1.3176980855678,2.03012801017533e-08
1.32128854356662,2.68524916219083e-08
1.32487900156544,1.47903952806676e-08
1.32846945956426,1.51443355612966e-08
1.33205991756308,2.02229776469014e-08
1.33565037556191,8.02934144751066e-09
1.33924083356073,7.06485428948122e-09
1.34283129155955,2.22559145145193e-08
1.34642174955837,1.13732833426596e-08
1.3500122075572,9.5917660869935e-09
1.35360266555602,1.10720100202561e-08
1.35719312355484,8.23761707291815e-09
1.36078358155366,6.10825015538042e-09
1.36437403955249,7.56551374828036e-09
1.36796449755131,1.16750771574297e-08
1.37155495555013,1.45714849429072e-08
1.37514541354895,9.48802750823669e-09
1.37873587154777,1.82163795072697e-08
1.3823263295466,1.50653670930391e-08
1.38591678754542,2.28045036566952e-09
1.38950724554424,2.66037767033293e-09
1.39309770354306,1.53978649902521e-08
1.39668816154189,9.60970335316544e-09
1.40027861954071,6.96556569907422e-09
1.40386907753953,1.4005347930659e-08
1.40745953553835,1.6109873004149e-08
1.41104999353718,1.25167761282431e-08
1.414640451536,1.03198736539058e-08
1.41823090953482,1.60820121187173e-08
1.42182136753364,1.63143442766983e-08
1.42541182553247,8.06339469943375e-09
1.42900228353129,5.2266266285224e-09
1.43259274153011,7.28586508362115e-09
1.43618319952893,8.11562508340147e-09
1.43977365752775,6.88345197321646e-09
1.44336411552658,8.98413792685318e-09
1.4469545735254,8.43556326872242e-09
1.45054503152422,6.08982260858146e-09
1.45413548952304,4.33861312464913e-09
1.45772594752187,6.75415770566278e-09
1.46131640552069,6.19346122872274e-09
1.46490686351951,1.64228269096912e-08
1.46849732151833,8.59181410962424e-09
1.47208777951716,1.11401514971757e-08
1.47567823751598,5.28978087096918e-09
1.4792686955148,5.83406643211509e-09
1.48285915351362,1.35362414691293e-08
1.48644961151244,1.60507891731588e-08
1.49004006951127,1.44881557528598e-08
1.49363052751009,1.38326540642284e-08
1.49722098550891,1.04098346204129e-08
1.50081144350773,1.24468701406688e-08
1.50440190150656,4.36848395306484e-09
1.50799235950538,1.3832015849982e-08
1.5115828175042,7.3826091946558e-09
1.51517327550302,9.17408147538783e-09
1.51876373350185,1.24328604626356e-08
1.52235419150067,1.64915796887361e-08
1.52594464949949,1.73669199782525e-08
1.52953510749831,6.57053748834842e-09
1.53312556549713,7.54636640387195e-09
1.53671602349596,6.97598300832382e-09
1.54030648149478,1.0106145737039e-08
1.5438969394936,6.76378514523401e-09
1.54748739749242,7.29371340165751e-09
1.55107785549125,1.4158010762775e-08
1.55466831349007,7.92356373233113e-09
1.55825877148889,1.03502380075182e-08
1.56184922948771,1.05158328591815e-08
1.56543968748654,7.31177029448666e-09
1.56903014548536,4.50878272723369e-09
1.57262060348418,1.23474625371263e-08
1.576211061483,2.03577076907943e-08
1.57980151948183,6.18716715966205e-09
1.58339197748065,4.18886082159875e-09
1.58698243547947,1.36069201417856e-08
1.59057289347829,1.27211656086551e-08
1.59416335147711,7.82485051376489e-09
1.59775380947594,1.87180462701555e-08
1.60134426747476,9.93351730151797e-09
1.60493472547358,9.17066203206477e-09
1.6085251834724,1.63149104065498e-08
1.61211564147123,1.29214155033999e-08
1.61570609947005,1.08863277823919e-08
1.61929655746887,6.28099942977872e-09
1.62288701546769,8.37525793946329e-09
1.62647747346652,1.41541220720122e-08
1.63006793146534,4.35716763797686e-09
1.63365838946416,7.9684255073513e-09
1.63724884746298,1.09597898576151e-08
1.6408393054618,1.10699304487709e-08
1.64442976346063,7.18537198010301e-09
1.64802022145945,9.76726024745063e-09
1.65161067945827,1.0489711285031e-08
1.65520113745709,8.10350556422638e-09
1.65879159545592,4.50436662607664e-09
1.66238205345474,8.07995509658663e-09
1.66597251145356,1.66911036717806e-08
1.66956296945238,4.95594644232851e-09
1.67315342745121,1.22605545446051e-08
1.67674388545003,9.50492394571013e-09
1.68033434344885,2.74372046641933e-09
1.68392480144767,8.91946145914063e-09
1.6875152594465,3.49344267081409e-09
1.69110571744532,5.11806550835674e-09
1.69469617544414,1.02229600940812e-08
1.69828663344296,8.00604071666238e-09
1.70187709144178,1.36882523110366e-08
1.70546754944061,6.90679794629711e-09
1.70905800743943,9.46716262408523e-09
1.71264846543825,2.56489356667926e-09
1.71623892343707,1.14395076069008e-08
1.7198293814359,9.22786750301618e-09
1.72341983943472,4.18073495080765e-09
1.72701029743354,8.33251476694866e-09
1.73060075543236,2.56117154088508e-08
1.73419121343119,6.69459733678561e-09
1.73778167143001,8.33458588639423e-09
1.74137212942883,1.05496908334055e-08
1.74496258742765,4.25819725010602e-09
1.74855304542647,3.11510800438721e-09
1.7521435034253,5.31014023417754e-09
1.75573396142412,2.60161275046934e-09
1.75932441942294,1.55142935351904e-09
1.76291487742176,7.99191186724421e-09
1.76650533542059,9.17260848630821e-09
1.77009579341941,3.32340081725174e-09
1.77368625141823,1.48279736320153e-08
1.77727670941705,1.85649744163062e-08
1.78086716741588,1.54775890801391e-08
1.7844576254147,1.20330789645617e-08
1.78804808341352,8.32433392493962e-09
1.79163854141234,1.54906890341168e-08
1.79522899941117,9.17161338344334e-09
1.79881945740999,8.08782735658109e-09
1.80240991540881,8.51933663446865e-09
1.80600037340763,6.3457313225485e-09
1.80959083140645,1.13690278217159e-08
1.81318128940528,2.06753403070919e-09
1.8167717474041,1.30345248685646e-08
1.82036220540292,1.19822563288646e-08
1.82395266340174,1.70020928489354e-08
1.82754312140057,1.17336818386296e-08
1.83113357939939,2.98891028259605e-09
1.83472403739821,7.87912723344583e-09
1.83831449539703,5.2599310499282e-09
1.84190495339586,3.03213545923587e-09
1.84549541139468,1.13775134694278e-08
1.8490858693935,1.06163604365894e-08
1.85267632739232,2.11658017894874e-09
1.85626678539114,8.04938819077825e-09
1.85985724338997,1.65465161325046e-08
1.86344770138879,6.29281414992536e-09
1.86703815938761,1.31931475361971e-08
1.87062861738643,1.88546294023531e-08
1.87421907538526,3.36212107346578e-09
1.87780953338408,1.00429424476735e-08
1.8813999913829,1.06567985298736e-08
1.88499044938172,7.08743689213115e-09
1.88858090738055,8.65262063421574e-09
1.89217136537937,9.5719329185488e-09
1.89576182337819,4.60584306632039e-09
1.89935228137701,1.43454740719659e-08
1.90294273937583,3.18642588819983e-09
1.90653319737466,9.20678570255237e-09
1.91012365537348,4.44985687807251e-09
1.9137141133723,2.17057186110426e-09
1.91730457137112,2.66956807139608e-08
1.92089502936995,8.59530457931592e-09
1.92448548736877,1.03837352869289e-08
1.92807594536759,5.6501700781529e-09
1.93166640336641,9.43369877870859e-09
1.93525686136524,1.05664138324668e-08
1.93884731936406,1.2824975147421e-08
1.94243777736288,1.66786520252324e-08
1.9460282353617,2.14931810644672e-08
1.94961869336053,1.57541628265372e-08
1.95320915135935,5.55738919739507e-09
1.95679960935817,2.24269331521567e-08
1.96039006735699,2.80254835496424e-08
1.96398052535581,7.04218888087742e-09
1.96757098335464,1.58668020771805e-09
1.97116144135346,6.01469140966671e-09
1.97475189935228,1.34109471221654e-08
1.9783423573511,1.7267603643244e-08
1.98193281534993,2.090774714948e-08
1.98552327334875,3.20837437516023e-08
1.98911373134757,1.47439347080357e-08
1.99270418934639,3.23996291159904e-08
1.99629464734522,2.53588200299548e-08
1.99988510534404,1.75063485638297e-07
2.00347556334286,8.4534450692236e-08
2.00706602134168,1.01270653547396e-07
2.01065647934051,6.78095638708295e-08
2.01424693733933,4.79892025364335e-08
2.01783739533815,1.88724886768663e-08
2.02142785333697,1.02507238158491e-08
2.02501831133579,2.12859615672369e-08
2.02860876933462,1.93222886030836e-08
2.03219922733344,9.04157371712803e-09
2.03578968533226,8.72425673528718e-10
2.03938014333108,5.48723335322022e-09
2.04297060132991,2.22025249704924e-08
2.04656105932873,8.25419982324409e-09
2.05015151732755,2.39322223980198e-08
2.05374197532637,1.96672318699283e-08
2.05733243332519,6.82227062246823e-09
2.06092289132402,2.46318843874453e-08
2.06451334932284,6.45013852915386e-09
2.06810380732166,1.49134832271145e-08
2.07169426532048,1.04197556227518e-08
2.07528472331931,1.09658550356353e-08
2.07887518131813,5.91853872981445e-09
2.08246563931695,9.32082590048913e-09
2.08605609731577,1.01748634323856e-08
2.0896465553146,9.1966711489557e-09
2.09323701331342,4.55297343075966e-09
2.09682747131224,4.60953416427038e-09
2.10041792931106,2.6813337941693e-09
2.10400838730989,7.79614459264656e-09
2.10759884530871,1.00410199838459e-08
2.11118930330753,2.5017638284498e-09
2.11477976130635,5.65509023182018e-09
2.11837021930517,5.9742266800877e-09
2.121960677304,1.63586570915662e-08
2.12555113530282,6.84650051504045e-09
2.12914159330164,6.36280863184917e-09
2.13273205130046,1.07978820455737e-08
2.13632250929929,1.27104061361262e-08
2.13991296729811,2.14959058778329e-08
2.14350342529693,1.21843161752545e-08
2.14709388329575,9.06327463646287e-09
2.15068434129458,3.17020804749678e-09
2.1542747992934,1.3574959757008e-08
2.15786525729222,1.5246977513319e-09
2.16145571529104,1.51188588557677e-08
2.16504617328986,1.1434391798143e-08
2.16863663128869,7.40972539288863e-09
2.17222708928751,3.22568689644209e-09
2.17581754728633,1.21484066134776e-08
2.17940800528515,8.15229245918404e-09
2.18299846328398,1.73426259184453e-08
2.1865889212828,8.41992390015764e-09
2.19017937928162,8.87637765088713e-10
2.19376983728044,6.95998547947732e-10
2.19736029527927,6.29928147048639e-09
2.20095075327809,8.20037084990296e-09
2.20454121127691,1.02577677821079e-08
2.20813166927573,7.22721590334322e-09
2.21172212727456,6.80065402075536e-09
2.21531258527338,4.68832522192357e-09
2.2189030432722,1.07015954297064e-08
2.22249350127102,6.57403976778477e-10
2.22608395926984,6.45737423528027e-09
2.22967441726867,8.65677094356355e-09
2.23326487526749,4.78985035827538e-09
2.23685533326631,9.23995170039272e-09
2.24044579126513,8.04668279542704e-09
2.24403624926396,6.62910232753362e-09
2.24762670726278,3.12077099196147e-09
2.2512171652616,1.43242466874334e-08
2.25480762326042,7.89427137785443e-09
2.25839808125925,8.38486819069053e-09
2.26198853925807,3.85358022725978e-09
2.26557899725689,4.99875670400681e-09
2.26916945525571,6.56592415754504e-09
2.27275991325454,1.28170519643088e-08
2.27635037125336,5.97981578749741e-09
2.27994082925218,5.79797175003886e-09
2.283531287251,2.95239601165964e-09
2.28712174524982,9.510566717669e-09
2.29071220324865,1.89376395740325e-09
2.29430266124747,8.48202389747149e-09
2.29789311924629,1.069511350352e-08
2.30148357724511,1.10488102796483e-08
2.30507403524394,1.16747597729056e-08
2.30866449324276,7.65199652237674e-09
2.31225495124158,3.79332770066029e-09
2.3158454092404,4.24854882236786e-09
2.31943586723923,2.77990891083828e-09
2.32302632523805,1.76907495765666e-08
2.32661678323687,7.93966629505727e-09
2.33020724123569,3.2851442805716e-09
2.33379769923451,1.09685035610451e-08
2.33738815723334,6.10076194845765e-09
2.34097861523216,4.05800214954968e-09
2.34456907323098,1.04865381103739e-08
2.3481595312298,8.03978888478391e-09
2.35174998922863,1.23222430715903e-08
2.35534044722745,3.22134305371388e-09
2.35893090522627,9.32850527739893e-09
2.36252136322509,1.36868619667307e-08
2.36611182122392,1.38833388104282e-08
2.36970227922274,3.84305845889002e-09
2.37329273722156,1.34357084779875e-08
2.37688319522038,1.20959447678795e-09
2.38047365321921,1.29685313907164e-08
2.38406411121803,7.17300873588991e-09
2.38765456921685,2.36931499101041e-09
2.39124502721567,5.29977976052732e-09
2.39483548521449,3.47003798243798e-09
2.39842594321332,6.49030010680077e-09
2.40201640121214,1.82729839395985e-09
2.40560685921096,2.94142146612765e-09
2.40919731720978,7.97320450072019e-09
2.41278777520861,6.00627427749052e-09
2.41637823320743,6.83787353758642e-09
2.41996869120625,3.33378757804817e-09
2.42355914920507,5.31326820861768e-09
2.4271496072039,4.22301756845709e-09
2.43074006520272,4.67294844140543e-09
2.43433052320154,1.13853595215136e-08
2.43792098120036,2.1361031478295e-09
2.44151143919918,5.80301997430334e-09
2.44510189719801,1.01339035408914e-08
2.44869235519683,7.94704069151926e-09
2.45228281319565,7.08519216638423e-09
2.45587327119447,2.49978716589591e-09
2.4594637291933,6.37434268726443e-09
2.46305418719212,1.40354929841092e-08
2.46664464519094,7.81453234479985e-09
2.47023510318976,7.68058121111798e-09
2.47382556118859,4.29775359806498e-09
2.47741601918741,1.25063712639359e-09
2.48100647718623,3.09583838018939e-09
2.48459693518505,5.56372531034826e-09
2.48818739318387,9.2707487667358e-10
2.4917778511827,2.53899087928614e-09
2.49536830918152,4.00730580559051e-09
2.49895876718034,5.93392350570026e-09
2.50254922517916,7.35004763883949e-09
2.50613968317799,1.08818698916613e-08
2.50973014117681,9.15005264568579e-09
2.51332059917563,2.23007159902532e-09
2.51691105717445,3.12637409178839e-09
2.52050151517328,8.05730580422072e-09
2.5240919731721,9.68234182129135e-09
2.52768243117092,4.98468088295737e-09
2.53127288916974,1.22393451708789e-08
2.53486334716857,4.34065351809808e-09
2.53845380516739,6.51500707239112e-09
2.54204426316621,7.69133669996139e-09
2.54563472116503,8.17592347564984e-09
2.54922517916385,3.81469740864091e-09
2.55281563716268,9.54501118932639e-09
2.5564060951615,2.34103818923887e-09
2.55999655316032,1.12111118600335e-08
2.56358701115914,3.75016481595238e-09
2.56717746915797,1.81762486478428e-09
2.57076792715679,6.04736938797641e-09
2.57435838515561,2.78579477907628e-09
2.57794884315443,8.08873669421855e-09
2.58153930115326,5.7003854167765e-09
2.58512975915208,6.84481023724444e-09
2.5887202171509,2.72763949446905e-09
2.59231067514972,3.54348728846197e-10
2.59590113314854,3.60088397067612e-09
2.59949159114737,1.01721522461905e-08
2.60308204914619,4.58610496875347e-09
2.60667250714501,6.08398536788512e-09
2.61026296514383,2.66962117834896e-09
2.61385342314266,2.52592001953778e-09
2.61744388114148,4.53709415268701e-09
2.6210343391403,2.84697672873301e-09
2.62462479713912,4.86466508699414e-10
2.62821525513795,2.52781554268e-09
2.63180571313677,5.12140373544154e-09
2.63539617113559,1.02771148378864e-08
2.63898662913441,3.13185088060688e-09
2.64257708713324,1.15393560431794e-08
2.64616754513206,6.39940550832486e-09
2.64975800313088,6.03366486030001e-09
2.6533484611297,2.35062119475263e-09
2.65693891912852,7.18601711366141e-09
2.66052937712735,3.77456832812161e-09
2.66411983512617,8.69348858971559e-09
2.66771029312499,5.45125246173954e-10
2.67130075112381,7.21959734854936e-09
2.67489120912264,7.49605487830458e-09
2.67848166712146,9.59661308092742e-09
2.68207212512028,5.01435967524418e-09
2.6856625831191,8.55993454787759e-09
2.68925304111792,3.76771477960673e-09
2.69284349911675,4.00103603897425e-09
2.69643395711557,3.13159922823013e-09
2.70002441511439,5.48857314671746e-09
2.70361487311321,4.37775327027505e-09
2.70720533111204,6.87266289240423e-09
2.71079578911086,5.4153123271672e-09
2.71438624710968,1.22317971176365e-08
2.7179767051085,4.90213334745718e-09
2.72156716310733,8.92585770202459e-09
2.72515762110615,7.18464906295777e-09
2.72874807910497,1.0695620038251e-08
2.73233853710379,4.60959417293138e-09
2.73592899510262,7.7444589806361e-09
2.73951945310144,4.84356729946457e-09
2.74310991110026,1.52120547321887e-09
2.74670036909908,7.08872303510316e-09
2.7502908270979,4.71038543093059e-09
2.75388128509673,2.13440458375657e-09
2.75747174309555,6.64245964320547e-09
2.76106220109437,1.13255938217842e-08
2.76465265909319,8.49529797319551e-10
2.76824311709202,1.14916208711376e-08
2.77183357509084,8.05330196236018e-09
2.77542403308966,3.98082299220574e-09
2.77901449108848,6.63082138379915e-09
2.78260494908731,1.14977958536831e-08
2.78619540708613,3.53123790276213e-09
2.78978586508495,4.48544170940265e-09
2.79337632308377,5.85222320569811e-09
2.7969667810826,2.60424695268484e-09
2.80055723908142,1.02831136347616e-08
2.80414769708024,5.22974500754552e-09
2.80773815507906,1.31483251494482e-08
2.81132861307788,7.17777015031003e-09
2.81491907107671,2.1927346438498e-09
2.81850952907553,1.54599389189786e-09
2.82209998707435,1.9425739836906e-09
2.82569044507317,8.36486527329854e-10
2.829280903072,1.06282175945918e-09
2.83287136107082,7.54815583562758e-09
2.83646181906964,1.73241692969002e-09
2.84005227706846,2.94829602309455e-09
2.84364273506729,7.09371337931703e-09
2.84723319306611,8.50632196523859e-09
2.85082365106493,9.75973325952007e-09
2.85441410906375,2.23706082131037e-09
2.85800456706257,6.85788818302242e-09
2.8615950250614,4.9010080920959e-09
2.86518548306022,4.10393299458305e-09
2.86877594105904,2.55142678703127e-09
2.87236639905786,6.18889869173775e-09
2.87595685705669,9.97018061572021e-09
2.87954731505551,8.07568324121915e-09
2.88313777305433,1.213955862665e-08
2.88672823105315,3.4224770105492e-09
2.89031868905198,5.18124000560214e-09
2.8939091470508,4.08159971236207e-09
2.89749960504962,1.11600977244563e-08
2.90109006304844,9.09000189752884e-09
2.90468052104727,6.57960907774811e-09
2.90827097904609,7.37276905120057e-09
2.91186143704491,3.36180962722358e-09
2.91545189504373,8.24995700998282e-09
2.91904235304255,1.16825347397799e-09
2.92263281104138,2.58692814901579e-09
2.9262232690402,2.66125880296038e-09
2.92981372703902,7.8727929576303e-09
2.93340418503784,8.49067668302563e-09
2.93699464303667,9.83413601080875e-09
2.94058510103549,3.36773599873376e-09
2.94417555903431,4.55578284806829e-09
2.94776601703313,1.18475928790244e-08
2.95135647503196,7.61277092255926e-09
2.95494693303078,6.89930491483136e-09
2.9585373910296,6.09132929947589e-09
2.96212784902842,1.00155886743398e-08
2.96571830702724,7.26367176758976e-09
2.96930876502607,6.35609217201578e-09
2.97289922302489,7.28151025371704e-09
2.97648968102371,3.71981018798296e-09
2.98008013902253,1.28465433031719e-08
2.98367059702136,1.56719392979563e-08
2.98726105502018,1.32841030565976e-08
2.990851513019,3.44384874438188e-08
2.99444197101782,1.16769116439409e-08
2.99803242901665,8.06581803779375e-09
3.00162288701547,1.38165574136732e-08
3.00521334501429,1.94619962219312e-08
3.00880380301311,6.39697476351917e-09
3.01239426101194,1.414964494632e-08
3.01598471901076,9.58466788410772e-09
3.01957517700958,1.92875260148084e-08
3.0231656350084,8.78377705212945e-09
3.02675609300722,8.82965451652267e-09
3.03034655100605,1.00197757432536e-08
3.03393700900487,9.81357661575748e-09
3.03752746700369,1.75916404478968e-09
3.04111792500251,1.99936403722315e-09
3.04470838300134,3.95054805301626e-09
3.04829884100016,1.40677745998606e-09
3.05188929899898,8.34806572860391e-09
3.0554797569978,8.32635517727631e-09
3.05907021499663,1.28503273602785e-08
3.06266067299545,3.44901731256491e-09
3.06625113099427,5.25035157365142e-09
3.06984158899309,7.9216817855948e-09
3.07343204699191,1.27153671261346e-08
3.07702250499074,9.52402920499745e-09
3.08061296298956,7.91950401208664e-09
3.08420342098838,5.15974509452321e-09
3.0877938789872,3.27782635927379e-09
3.09138433698603,5.14513527062283e-09
3.09497479498485,1.33340648067945e-08
3.09856525298367,2.7395601256356e-09
3.10215571098249,1.11769762865471e-08
3.10574616898132,8.06212385615817e-09
3.10933662698014,1.19882232188449e-09
3.11292708497896,6.08545953675712e-09
3.11651754297778,9.99711038103744e-09
3.1201080009766,3.72988168155288e-09
3.12369845897543,4.15865533085534e-09
3.12728891697425,6.26673290269126e-09
3.13087937497307,1.03778822296771e-08
3.13446983297189,1.36361792263697e-09
3.13806029097072,5.05166503932884e-09
3.14165074896954,9.44360832882776e-09
3.14524120696836,7.71337596464422e-09
3.14883166496718,1.08136941662115e-08
3.15242212296601,8.40697763125655e-09
3.15601258096483,5.95950569899316e-09
3.15960303896365,1.17671720285126e-08
3.16319349696247,1.00748943541376e-08
3.1667839549613,6.8758085960314e-09
3.17037441296012,1.27079317297808e-08
3.17396487095894,1.01557882662025e-08
3.17755532895776,3.0638078516155e-09
3.18114578695658,1.37324312553027e-08
3.18473624495541,9.16801992297562e-09
3.18832670295423,3.58253819730666e-09
3.19191716095305,7.93603242326901e-09
3.19550761895187,7.38943526628683e-09
3.1990980769507,8.91838804825622e-09
3.20268853494952,4.44400596055961e-09
3.20627899294834,5.83874087530821e-09
3.20986945094716,3.47675150241825e-09
3.21345990894599,3.340862803032e-09
3.21705036694481,4.23448309554811e-09
3.22064082494363,5.92750707329444e-09
3.22423128294245,4.67275045910869e-09
3.22782174094128,5.11132347396584e-09
3.2314121989401,9.67920355029743e-10
3.23500265693892,2.86231508224604e-09
3.23859311493774,4.73230326076035e-09
3.24218357293656,3.30142348255697e-09
3.24577403093539,1.01610921879417e-09
3.24936448893421,5.39539251200636e-09
3.25295494693303,8.72696030426864e-09
3.25654540493185,3.5742832604062e-09
3.26013586293068,5.80321436289262e-09
3.2637263209295,4.09689997318765e-09
3.26731677892832,4.82390742047155e-09
3.27090723692714,3.0848358303882e-09
3.27449769492596,6.01510384708328e-09
3.27808815292479,1.11748979816102e-09
3.28167861092361,5.0916537717839e-09
3.28526906892243,4.08963677972675e-09
3.28885952692125,8.48906361871416e-09
3.29244998492008,2.16497060642202e-09
3.2960404429189,5.04951623997592e-09
3.29963090091772,5.4882760733853e-09
3.30322135891654,9.43832115235855e-09
3.30681181691537,5.80743752402944e-09
3.31040227491419,3.22433532471197e-09
3.31399273291301,4.0486285874034e-09
3.31758319091183,4.36359116916882e-09
3.32117364891066,4.17246132102639e-09
3.32476410690948,7.96005487800753e-09
3.3283545649083,5.19758369650388e-10
3.33194502290712,1.12262837199202e-08
3.33553548090594,8.25927943154172e-09
3.33912593890477,4.35751407281867e-09
3.34271639690359,9.46131730965587e-09
3.34630685490241,8.72487289890913e-09
3.34989731290123,5.6492413635898e-09
3.35348777090006,3.32012100311206e-09
3.35707822889888,9.78678481851766e-09
3.3606686868977,1.2427859225649e-08
3.36425914489652,3.63613084604022e-09
3.36784960289535,5.93149022663724e-09
3.37144006089417,2.70109890974969e-09
3.37503051889299,6.26546694780084e-09
3.37862097689181,8.08660716958015e-10
3.38221143489063,9.52206398394971e-09
3.38580189288946,8.26874265751289e-09
3.38939235088828,3.33945452039897e-09
3.3929828088871,1.25008653975886e-08
3.39657326688592,1.0257014143812e-09
3.40016372488475,2.42074092712169e-09
3.40375418288357,1.8691007367071e-09
3.40734464088239,3.0954818233619e-09
3.41093509888121,2.53136603731484e-10
3.41452555688004,2.04665481166871e-09
3.41811601487886,6.09618606606577e-09
3.42170647287768,4.28630230459565e-09
3.4252969308765,2.58063873785235e-09
3.42888738887533,6.41466726264449e-09
3.43247784687415,6.38403793351758e-09
3.43606830487297,9.25406123787326e-09
3.43965876287179,7.80536310649011e-09
3.44324922087061,2.75757738520515e-09
3.44683967886944,7.07893066827203e-09
3.45043013686826,8.56175375921851e-09
3.45402059486708,4.31326627461075e-09
3.4576110528659,7.40156948266222e-09
3.46120151086473,9.21674348238698e-09
3.46479196886355,6.20626467250858e-09
3.46838242686237,1.45942124465551e-09
3.47197288486119,3.70121492458511e-09
3.47556334286002,6.63903588256056e-09
3.47915380085884,2.06947552459585e-09
3.48274425885766,4.98283355370545e-09
3.48633471685648,4.65128131314825e-09
3.48992517485531,4.92918344386328e-09
3.49351563285413,4.06518516423325e-09
3.49710609085295,1.90767406333885e-09
3.50069654885177,5.42885837760884e-09
3.50428700685059,1.8426808497989e-09
3.50787746484942,3.63571707400855e-09
3.51146792284824,8.82692846073613e-10
3.51505838084706,1.62964484979683e-09
3.51864883884588,6.62981054358452e-09
3.52223929684471,2.01432688567989e-09
3.52582975484353,5.86589366333331e-09
3.52942021284235,9.93238471963274e-09
3.53301067084117,8.71963001308418e-09
3.53660112884,1.20911607701598e-09
3.54019158683882,7.07945992710049e-09
3.54378204483764,3.80422031916166e-09
3.54737250283646,2.94868939668089e-09
3.55096296083528,6.68403626005921e-09
3.55455341883411,6.24878109872667e-09
3.55814387683293,5.50294545692033e-09
3.56173433483175,5.65523432240385e-09
3.56532479283057,6.93792235017612e-09
3.5689152508294,8.0725448603863e-09
3.57250570882822,3.14779063233075e-09
3.57609616682704,6.93463657000957e-09
3.57968662482586,5.05362453313572e-09
3.58327708282469,3.6881854724833e-09
3.58686754082351,7.66217003251737e-09
3.59045799882233,6.71127755892679e-09
3.59404845682115,6.63986699947228e-09
3.59763891481997,2.30620063758273e-09
3.6012293728188,1.88229960935426e-09
3.60481983081762,5.75757247512953e-09
3.60841028881644,4.59351370253916e-09
3.61200074681526,9.40232136148741e-09
3.61559120481409,6.34844168732336e-09
3.61918166281291,3.09033944417825e-09
3.62277212081173,4.53806733910494e-09
3.62636257881055,1.43915732615059e-09
3.62995303680938,4.67578416935554e-09
3.6335434948082,6.17189607868311e-09
3.63713395280702,1.34874822513372e-08
3.64072441080584,4.93520306732272e-10
3.64431486880467,7.66770788180168e-09
3.64790532680349,6.52594352251464e-09
3.65149578480231,6.63142914162513e-09
3.65508624280113,3.43735911841144e-09
3.65867670079995,8.61707345029897e-09
3.66226715879878,4.45114407243927e-09
3.6658576167976,6.28843204393995e-09
3.66944807479642,2.95658311601301e-09
3.67303853279524,4.52194996408351e-09
3.67662899079407,6.10831765851465e-09
3.68021944879289,1.58112845579406e-09
3.68380990679171,8.04446597933254e-09
3.68740036479053,4.03703419815518e-09
3.69099082278936,3.54586094345257e-09
3.69458128078818,4.89933640000061e-09
3.698171738787,4.75071508583063e-09
3.70176219678582,9.27280509486393e-09
3.70535265478464,3.38115982647811e-09
3.70894311278347,4.71010637247665e-09
3.71253357078229,3.73983117338962e-09
3.71612402878111,3.32185150947915e-10
3.71971448677993,9.11828298171952e-09
3.72330494477876,7.16212117691059e-09
3.72689540277758,9.62220222234329e-09
3.7304858607764,4.05644801889456e-09
3.73407631877522,3.82146999743956e-09
3.73766677677405,2.75437688208773e-09
3.74125723477287,1.31398128927828e-08
3.74484769277169,1.8579375740545e-09
3.74843815077051,2.83281642160182e-10
3.75202860876934,9.31726865409713e-09
3.75561906676816,6.51332434899223e-09
3.75920952476698,8.68273187344498e-09
3.7627999827658,7.67498162136576e-09
3.76639044076462,6.68415096730464e-09
3.76998089876345,5.93499962519041e-09
3.77357135676227,6.85703601111936e-09
3.77716181476109,4.40911649135095e-09
3.78075227275991,5.16296071457373e-09
3.78434273075874,4.49409378624286e-09
3.78793318875756,2.34443175103066e-09
3.79152364675638,4.30789763055736e-09
3.7951141047552,6.76976166341767e-09
3.79870456275403,1.44454235378258e-09
3.80229502075285,6.46002699155537e-09
3.80588547875167,6.58355524182117e-09
3.80947593675049,4.01874747523968e-09
3.81306639474931,5.8884166168104e-09
3.81665685274814,6.40090995198057e-09
3.82024731074696,6.45642030801932e-09
3.82383776874578,3.18808613970546e-09
3.8274282267446,2.56709801537451e-09
3.83101868474343,5.37342408992854e-09
3.83460914274225,4.48456402146651e-09
3.83819960074107,3.99129992808888e-09
3.84179005873989,4.49762264090586e-09
3.84538051673872,9.54528412721298e-09
3.84897097473754,6.04989903737039e-09
3.85256143273636,3.66426966290648e-09
3.85615189073518,6.81138361707938e-09
3.85974234873401,4.44051788594929e-09
3.86333280673283,6.26688343443958e-09
3.86692326473165,1.49134961622104e-09
3.87051372273047,7.79319882619318e-09
3.87410418072929,9.70445666563071e-10
3.87769463872812,6.9952856195212e-09
3.88128509672694,6.37479083536098e-09
3.88487555472576,1.27988623990254e-09
3.88846601272458,4.15893999440219e-09
3.89205647072341,1.14461686507794e-09
3.89564692872223,3.37039740453756e-09
3.89923738672105,7.84403611725129e-09
3.90282784471987,6.70205012183533e-09
3.9064183027187,1.38164236088171e-08
3.91000876071752,8.06140264607026e-09
3.91359921871634,1.24331480917989e-08
3.91718967671516,2.39551933209914e-09
3.92078013471399,2.82360845907602e-09
3.92437059271281,4.09158220449287e-09
3.92796105071163,4.91165146013536e-09
3.93155150871045,4.43936339045204e-09
3.93514196670927,6.33371483027688e-09
3.9387324247081,1.13836533044142e-08
3.94232288270692,8.57626178506783e-10
3.94591334070574,7.33935061582182e-09
3.94950379870456,1.01719472087761e-08
3.95309425670339,8.5238516331542e-09
3.95668471470221,3.59113361840894e-09
3.96027517270103,3.56947789299867e-09
3.96386563069985,1.26417753513057e-08
3.96745608869867,2.11546238252252e-09
3.9710465466975,1.0994959184156e-08
3.97463700469632,1.86383754020254e-09
3.97822746269514,1.46342644129702e-08
3.98181792069396,4.86485479001801e-09
3.98540837869279,1.11807627030349e-08
3.98899883669161,2.5069293703248e-08
3.99258929469043,9.96482813614782e-09
3.99617975268925,1.66709058539815e-08
3.99977021068808,3.39580512980436e-09
4.0033606686869,1.95680055150859e-09
4.00695112668572,1.2150212034386e-08
4.01054158468454,2.87367774062016e-08
4.01413204268337,2.04298676170651e-08
4.01772250068219,1.93528550452428e-08
4.02131295868101,1.24045193597009e-08
4.02490341667983,2.70232750851974e-09
4.02849387467865,6.69210813039201e-09
4.03208433267748,5.77786162400162e-09
4.0356747906763,3.97615888543504e-09
4.03926524867512,6.46872416448322e-09
4.04285570667394,3.26141916231366e-09
4.04644616467277,1.44687209397702e-08
4.05003662267159,1.80864816835348e-09
4.05362708067041,9.20721673387201e-09
4.05721753866923,3.76954609721978e-09
4.06080799666806,4.85790155043925e-09
4.06439845466688,6.91299083294175e-09
4.0679889126657,2.24436942165817e-09
4.07157937066452,2.6692313607979e-09
4.07516982866334,1.13113278082453e-08
4.07876028666217,1.48881907455142e-09
4.08235074466099,1.20295738542173e-09
4.08594120265981,1.45419976174294e-09
4.08953166065863,6.33934210681284e-09
4.09312211865746,1.07574728108404e-08
4.09671257665628,5.79123953747263e-09
4.1003030346551,2.70044882887816e-09
4.10389349265392,3.90709231859938e-09
4.10748395065275,4.66959336475302e-09
4.11107440865157,4.84163772616976e-09
4.11466486665039,2.36053699854402e-09
4.11825532464921,4.21801243876484e-09
4.12184578264803,4.19636611569097e-09
4.12543624064686,1.82801382917989e-09
4.12902669864568,1.12268980582288e-08
4.1326171566445,6.42431667229597e-09
4.13620761464332,4.17659044912566e-09
4.13979807264215,9.82889719287326e-09
4.14338853064097,3.95960373582534e-09
4.14697898863979,2.69583096394679e-09
4.15056944663861,4.51945337830273e-09
4.15415990463744,4.36656866163544e-09
4.15775036263626,4.28450572123913e-09
4.16134082063508,9.43716863525491e-09
4.1649312786339,1.34756053891383e-09
4.16852173663272,2.66413119711067e-09
4.17211219463155,7.6095080871351e-09
4.17570265263037,1.22307519545132e-09
4.17929311062919,2.90705536687301e-09
4.18288356862801,6.67169126368997e-09
4.18647402662684,5.81389237737362e-09
4.19006448462566,5.25352028238152e-09
4.19365494262448,7.17219525910575e-09
4.1972454006233,9.81368074395112e-09
4.20083585862213,3.21742141500863e-09
4.20442631662095,1.43405821596524e-09
4.20801677461977,6.53721368677341e-09
4.21160723261859,3.02906197787089e-09
4.21519769061742,2.64735227829815e-09
4.21878814861624,2.25958567386238e-09
4.22237860661506,2.86991557286398e-09
4.22596906461388,7.09630126073114e-09
4.22955952261271,4.60117468870205e-09
4.23314998061153,3.44623995815743e-09
4.23674043861035,4.34824383071708e-09
4.24033089660917,5.06905638860167e-09
4.24392135460799,7.14373440118335e-09
4.24751181260682,8.71550257786806e-09
4.25110227060564,4.73802545575536e-09
4.25469272860446,1.53307570817761e-09
4.25828318660328,1.37574157768061e-09
4.26187364460211,3.21930033224317e-09
4.26546410260093,3.98915135800781e-09
4.26905456059975,3.58665594173343e-09
4.27264501859857,5.34602757873641e-09
4.2762354765974,1.54463849448994e-09
4.27982593459622,5.91448812777076e-09
4.28341639259504,2.33414074589636e-09
4.28700685059386,4.15170204328287e-09
4.29059730859268,9.20337467934439e-09
4.29418776659151,4.78017649901606e-09
4.29777822459033,1.30864629450081e-09
4.30136868258915,6.24842562640165e-09
4.30495914058797,5.67312039701818e-09
4.3085495985868,6.30703882335975e-09
4.31214005658562,4.30686813392615e-09
4.31573051458444,2.40496049887576e-09
4.31932097258326,3.17576231741321e-09
4.32291143058209,7.1904554131681e-09
4.32650188858091,1.13772307779561e-08
4.33009234657973,5.23470985985726e-09
4.33368280457855,3.61150528843456e-09
4.33727326257737,5.87239251282931e-09
4.3408637205762,4.62825818939749e-09
4.34445417857502,3.64536311698103e-09
4.34804463657384,4.31677554624424e-09
4.35163509457266,6.12556769370283e-09
4.35522555257149,5.04530202193461e-09
4.35881601057031,9.74761592944006e-09
4.36240646856913,3.18153341857424e-09
4.36599692656795,5.83633470844813e-09
4.36958738456678,1.88771415579835e-09
4.3731778425656,7.65652374005769e-09
4.37676830056442,2.00970559656435e-09
4.38035875856324,4.18601273136984e-09
4.38394921656207,5.01665021803314e-09
4.38753967456089,2.39353948795549e-09
4.39113013255971,3.68816855826214e-09
4.39472059055853,4.04954244556453e-09
4.39831104855736,6.22031625991018e-09
4.40190150655618,3.10577610114911e-09
4.405491964555,5.31435234469464e-09
4.40908242255382,5.24531458367079e-09
4.41267288055264,1.83200818571995e-09
4.41626333855147,3.10130069971245e-09
4.41985379655029,2.80609907017977e-09
4.42344425454911,2.36328427569019e-09
4.42703471254793,7.02530197567005e-09
4.43062517054676,2.03998248297139e-09
4.43421562854558,4.30047742482755e-09
4.4378060865444,6.62988479570783e-09
4.44139654454322,3.97475620540336e-09
4.44498700254205,8.44031185370721e-10
4.44857746054087,7.51796593765644e-09
4.45216791853969,6.97772138533086e-09
4.45575837653851,6.54621344651591e-09
4.45934883453733,6.78618183692653e-09
4.46293929253616,5.13327775818961e-09
4.46652975053498,1.3631991151312e-09
4.4701202085338,3.54296891870062e-09
4.47371066653262,2.3349729845184e-09
4.47730112453145,4.18140211254887e-09
4.48089158253027,2.72976641866767e-09
4.48448204052909,5.33912430445493e-09
4.48807249852791,1.67950959228988e-09
4.49166295652673,9.2558167778057e-09
4.49525341452556,3.40209436869893e-09
4.49884387252438,1.04536192157065e-09
4.5024343305232,6.46707729393536e-09
4.50602478852202,1.93426934482285e-09
4.50961524652085,4.06234408941055e-09
4.51320570451967,1.70910456553593e-09
4.51679616251849,2.71239259722718e-09
4.52038662051731,7.10068483205132e-09
4.52397707851614,6.97482093669749e-09
4.52756753651496,4.28313955710136e-09
4.53115799451378,4.03481185486997e-09
4.5347484525126,6.88443295049184e-09
4.53833891051143,3.5201093540714e-09
4.54192936851025,3.5504026609227e-09
4.54551982650907,3.94444752177322e-09
4.54911028450789,1.16820554117025e-09
4.55270074250671,2.72031631956344e-09
4.55629120050554,1.85131642468555e-09
4.55988165850436,7.33082321556697e-09
4.56347211650318,8.45739297348716e-09
4.567062574502,7.62282320212755e-09
4.57065303250083,5.74577925923192e-09
4.57424349049965,2.7359248854614e-09
4.57783394849847,3.0912549603907e-09
4.58142440649729,6.14357281139035e-09
4.58501486449612,3.01214823581842e-09
4.58860532249494,5.82271544156286e-09
4.59219578049376,9.51812703864312e-09
4.59578623849258,3.66367518319097e-09
4.59937669649141,1.19802604810952e-09
4.60296715449023,6.08483222043801e-09
4.60655761248905,5.33983607582172e-09
4.61014807048787,6.94100090609513e-09
4.61373852848669,2.51376019894633e-09
4.61732898648552,6.36411019667933e-09
4.62091944448434,4.24459238295207e-09
4.62450990248316,1.17878260818947e-09
4.62810036048198,1.56063643480419e-10
4.63169081848081,3.86790216701478e-09
4.63528127647963,3.4788019388008e-09
4.63887173447845,6.14049784524775e-09
4.64246219247727,3.00427253912885e-09
4.6460526504761,5.75187851824398e-09
4.64964310847492,4.53214123344595e-09
4.65323356647374,3.9138553367367e-09
4.65682402447256,6.94407164203254e-09
4.66041448247138,5.86245611169685e-09
4.66400494047021,2.55119378214957e-09
4.66759539846903,2.72982147955497e-09
4.67118585646785,9.45752526542975e-10
4.67477631446667,1.33829420599681e-09
4.6783667724655,7.14019315400297e-09
4.68195723046432,8.69027771438966e-09
4.68554768846314,5.62290941319844e-09
4.68913814646196,4.33420767299076e-09
4.69272860446079,6.95558921676951e-09
4.69631906245961,6.94029857790225e-09
4.69990952045843,2.86314135646473e-09
4.70349997845725,7.09197542122755e-09
4.70709043645607,4.20809528699695e-09
4.7106808944549,6.97517780755398e-09
4.71427135245372,5.91441569271069e-09
4.71786181045254,6.42707434836044e-09
4.72145226845136,3.5678952834595e-09
4.72504272645019,4.35495767378149e-09
4.72863318444901,6.36904442526008e-09
4.73222364244783,3.82440228661825e-09
4.73581410044665,2.83332404832696e-09
4.73940455844548,5.35725870115861e-09
4.7429950164443,4.95953498944464e-09
4.74658547444312,7.34518159656332e-09
4.75017593244194,6.91855158482689e-09
4.75376639044077,1.60215088858199e-09
4.75735684843959,4.02394541082059e-09
4.76094730643841,1.76306800155535e-09
4.76453776443723,3.15599909225195e-09
4.76812822243606,1.20308974288779e-08
4.77171868043488,4.38725526166706e-09
4.7753091384337,8.53299783447611e-09
4.77889959643252,6.25146469734075e-09
4.78249005443134,9.56856799849399e-09
4.78608051243017,2.93769342843819e-09
4.78967097042899,3.26838868732626e-09
4.79326142842781,3.16508168105703e-09
4.79685188642663,3.66607481374099e-09
4.80044234442546,3.55855591504457e-09
4.80403280242428,4.67937297204732e-09
4.8076232604231,4.45160023718972e-09
4.81121371842192,4.7841221016105e-09
4.81480417642075,4.92200283651647e-10
4.81839463441957,1.81833053532942e-09
4.82198509241839,3.59747580961257e-09
4.82557555041721,7.69647905567094e-09
4.82916600841603,4.47750985889025e-09
4.83275646641486,2.63869372268537e-09
4.83634692441368,2.29131324058253e-09
4.8399373824125,4.32531095117466e-09
4.84352784041132,4.90581464414215e-09
4.84711829841015,5.96740032306715e-09
4.85070875640897,6.73305864980261e-09
4.85429921440779,2.83515436526595e-09
4.85788967240661,7.35677076453162e-09
4.86148013040544,4.95992703028997e-09
4.86507058840426,5.88386623294125e-09
4.86866104640308,1.01328530943782e-08
4.8722515044019,3.36846423849818e-09
4.87584196240072,2.86091531402165e-09
4.87943242039955,6.19663908067923e-09
4.88302287839837,6.78845414818217e-09
4.88661333639719,6.22520138021427e-09
4.89020379439601,1.41481361242651e-09
4.89379425239484,2.33779883354096e-09
4.89738471039366,4.73080733212266e-09
4.90097516839248,5.71808550867077e-09
4.9045656263913,7.97040937581867e-09
4.90815608439013,6.81090906558747e-09
4.91174654238895,1.8584185157109e-09
4.91533700038777,2.74187195663091e-09
4.91892745838659,5.51662840699526e-09
4.92251791638541,5.17499349249155e-09
4.92610837438424,4.43702419553466e-09
4.92969883238306,9.56859120637746e-09
4.93328929038188,5.72850841093314e-09
4.9368797483807,6.46296260957254e-09
4.94047020637953,1.2226314844623e-09
4.94406066437835,4.00349947850398e-09
4.94765112237717,9.6740034547092e-09
4.95124158037599,3.24031886564732e-09
4.95483203837482,1.62612304146387e-08
4.95842249637364,3.32156119558943e-09
4.96201295437246,9.67937885391253e-09
4.96560341237128,8.74392111170805e-09
4.96919387037011,7.50890315545008e-09
4.97278432836893,1.382666120267e-08
4.97637478636775,1.07292875966323e-08
4.97996524436657,2.68774245070968e-09
4.98355570236539,7.90949334466894e-09
4.98714616036422,9.58625587063511e-09
4.99073661836304,1.30477908704807e-08
4.99432707636186,1.3165587350127e-08
4.99791753436068,3.48684590532192e-09
