freqs,specs
0,0.0143698600846339
0.00359045799882233,0.0723504932600662
0.00718091599764466,0.0387215870928033
0.010771373996467,0.00875882195797436
0.0143618319952893,0.016468192162876
0.0179522899941117,0.00240790624192389
0.021542747992934,0.00535337827408043
0.0251332059917563,0.00439542852995189
0.0287236639905786,0.00506426542901454
0.032314121989401,0.000606089200409424
0.0359045799882233,0.00221072442588363
0.0394950379870456,0.000643157614264228
0.043085495985868,0.000923533203572546
0.0466759539846903,0.00166012929603418
0.0502664119835126,0.000812883263539016
0.053856869982335,0.00116571203356621
0.0574473279811573,0.000685895741236863
0.0610377859799796,0.000327025115178639
0.0646282439788019,0.000870270941611046
0.0682187019776243,0.00129697944154986
0.0718091599764466,0.000143823493591305
0.0753996179752689,0.000483761121058659
0.0789900759740913,0.000620712472016471
0.0825805339729136,6.51528700314984e-05
0.0861709919717359,0.000330085601589436
0.0897614499705583,0.000458394562794562
0.0933519079693806,0.00025940237573732
0.0969423659682029,0.000121833571976086
0.100532823967025,0.000178405452794433
0.104123281965848,0.000311535817935421
0.10771373996467,0.000241184205038888
0.111304197963492,0.000202773915778022
0.114894655962315,0.000172228019834076
0.118485113961137,7.11887021546101e-05
0.122075571959959,0.000181705681531202
0.125666029958782,0.000116149571981916
0.129256487957604,9.80200167974406e-05
0.132846945956426,4.77076989408357e-05
0.136437403955249,5.11966290520241e-05
0.140027861954071,8.11911859300901e-05
0.143618319952893,8.4317763688911e-05
0.147208777951716,0.000125100768945882
0.150799235950538,3.36634943482072e-05
0.15438969394936,8.25472771459879e-05
0.157980151948183,9.09067162923733e-05
0.161570609947005,6.68587855777581e-05
0.165161067945827,5.94195610152069e-05
0.16875152594465,4.71114220808626e-05
0.172341983943472,7.12304904584778e-05
0.175932441942294,7.62174340328017e-05
0.179522899941117,6.80435413864383e-05
0.183113357939939,6.52441951289614e-05
0.186703815938761,5.15154815078412e-05
0.190294273937583,3.4771184040992e-05
0.193884731936406,9.03257022790701e-05
0.197475189935228,4.88801321306168e-05
0.20106564793405,6.09492868242489e-05
0.204656105932873,4.586179446443e-05
0.208246563931695,3.55004699942516e-05
0.211837021930517,4.41192996151137e-05
0.21542747992934,6.95825407406648e-05
0.219017937928162,5.16791924214279e-05
0.222608395926984,5.03769388562824e-05
0.226198853925807,3.54303186309446e-05
0.229789311924629,3.35345045148395e-05
0.233379769923451,7.34375567235041e-05
0.236970227922274,5.34936964866169e-05
0.240560685921096,4.14579517401167e-05
0.244151143919918,3.99077747598779e-05
0.247741601918741,5.19701201895474e-05
0.251332059917563,4.6343467746083e-05
0.254922517916385,5.6742639218432e-05
0.258512975915208,4.94353891673612e-05
0.26210343391403,4.0102516161294e-05
0.265693891912852,6.54791257255126e-05
0.269284349911675,6.6232031668221e-05
0.272874807910497,6.29468892227441e-05
0.276465265909319,7.72115002523187e-05
0.280055723908142,6.22060376040585e-05
0.283646181906964,6.61892320333233e-05
0.287236639905786,6.36090345807008e-05
0.290827097904609,8.51534899527997e-05
0.294417555903431,6.1189706769511e-05
0.298008013902253,6.68449849461503e-05
0.301598471901076,7.55040245592858e-05
0.305188929899898,7.43160320740729e-05
0.30877938789872,6.11358233368378e-05
0.312369845897543,8.3580732494495e-05
0.315960303896365,6.38927989864092e-05
0.319550761895187,7.79741829691974e-05
0.32314121989401,7.38730873976992e-05
0.326731677892832,8.02898957117996e-05
0.330322135891654,8.65400063568799e-05
0.333912593890477,8.90715721036989e-05
0.337503051889299,8.00690593183532e-05
0.341093509888121,7.83159274257922e-05
0.344683967886944,7.8964785282315e-05
0.348274425885766,9.18571087878219e-05
0.351864883884588,8.6647430571384e-05
0.355455341883411,8.85417992341088e-05
0.359045799882233,8.36444180183236e-05
0.362636257881055,9.23732322766871e-05
0.366226715879878,8.48471149811304e-05
0.3698171738787,9.82497422586818e-05
0.373407631877522,9.1517531281013e-05
0.376998089876345,9.66384713032363e-05
0.380588547875167,0.000100331326708408
0.384179005873989,0.000100262690161624
0.387769463872812,0.000101492232025948
0.391359921871634,0.000105270589374359
0.394950379870456,0.000108896893462332
0.398540837869279,9.56948664175987e-05
0.402131295868101,0.000100587823198222
0.405721753866923,0.000106234495895158
0.409312211865746,0.000110157879565703
0.412902669864568,0.000118011568166353
0.41649312786339,0.000105649311631222
0.420083585862213,0.000118208907529647
0.423674043861035,0.000108958412682588
0.427264501859857,0.000112918658815392
0.43085495985868,0.000112102251485148
0.434445417857502,0.000124222766285444
0.438035875856324,0.000119341879059659
0.441626333855147,0.000121331613494659
0.445216791853969,0.00012232022924568
0.448807249852791,0.000127387546818724
0.452397707851614,0.000122740546565522
0.455988165850436,0.000126588577843233
0.459578623849258,0.000136171734163851
0.463169081848081,0.000118326606503872
0.466759539846903,0.000135110468906735
0.470349997845725,0.000130032227432138
0.473940455844548,0.000133116840444051
0.47753091384337,0.000134224714860791
0.481121371842192,0.000137310471985767
0.484711829841015,0.000143767946861633
0.488302287839837,0.000141625652250978
0.491892745838659,0.000152898746184111
0.495483203837482,0.000141825517315199
0.499073661836304,0.000151453010000632
0.502664119835126,0.000155450599092544
0.506254577833949,0.000158935127722465
0.509845035832771,0.000162194847925384
0.513435493831593,0.000160387527866444
0.517025951830416,0.000164843456692693
0.520616409829238,0.000153594128739418
0.52420686782806,0.000166326448853096
0.527797325826883,0.000157797025731031
0.531387783825705,0.000173168832098244
0.534978241824527,0.000172624488066508
0.53856869982335,0.000169388709156853
0.542159157822172,0.000175345319032706
0.545749615820994,0.000173729659036306
0.549340073819817,0.00018061242439362
0.552930531818639,0.000181783383594611
0.556520989817461,0.000185415893830107
0.560111447816284,0.000180900882872796
0.563701905815106,0.000191986090628608
0.567292363813928,0.00018516864417158
0.57088282181275,0.000189254916683921
0.574473279811573,0.000195719097828537
0.578063737810395,0.000197871030610178
0.581654195809218,0.000199081767827296
0.58524465380804,0.000201911757672399
0.588835111806862,0.000204685160078728
0.592425569805685,0.00020075786039624
0.596016027804507,0.000209597998014104
0.599606485803329,0.000210012321643039
0.603196943802151,0.000218303935867148
0.606787401800974,0.000220031195482136
0.610377859799796,0.000223127814667848
0.613968317798618,0.000222515060498966
0.617558775797441,0.000226904373654039
0.621149233796263,0.000232910286458135
0.624739691795085,0.000227753766525533
0.628330149793908,0.000231826507837304
0.63192060779273,0.000238757602046564
0.635511065791552,0.000240907537673288
0.639101523790375,0.000244746768818394
0.642691981789197,0.000251724243335754
0.646282439788019,0.00025029741669863
0.649872897786842,0.000255523610493754
0.653463355785664,0.000257583866683107
0.657053813784486,0.000269652742956283
0.660644271783309,0.000264690804687768
0.664234729782131,0.000272353162683111
0.667825187780953,0.000267975545437792
0.671415645779776,0.000277786539155324
0.675006103778598,0.000272329536314847
0.67859656177742,0.0002929146010448
0.682187019776243,0.000284397719345972
0.685777477775065,0.000297608156028074
0.689367935773887,0.000296136814931473
0.69295839377271,0.000301917917522599
0.696548851771532,0.000306516585190093
0.700139309770354,0.000317003647543559
0.703729767769177,0.000317538732011184
0.707320225767999,0.000323625957570519
0.710910683766821,0.000323478539678203
0.714501141765644,0.000334258674217938
0.718091599764466,0.00033164465882595
0.721682057763288,0.000348585950307065
0.725272515762111,0.000347817373829626
0.728862973760933,0.000355127720132739
0.732453431759755,0.000360217563886004
0.736043889758578,0.000367925052765917
0.7396343477574,0.000370851382093338
0.743224805756222,0.000382291768833649
0.746815263755045,0.000385391206617681
0.750405721753867,0.000391634674197397
0.753996179752689,0.000396757330198399
0.757586637751512,0.000404779757312298
0.761177095750334,0.000413855372784921
0.764767553749156,0.000417907483714526
0.768358011747979,0.000428482536445332
0.771948469746801,0.000435945669891527
0.775538927745623,0.000444906161750225
0.779129385744446,0.000452780799259051
0.782719843743268,0.000459224339532008
0.78631030174209,0.000467906041810781
0.789900759740913,0.000476953468912802
0.793491217739735,0.000489954594983571
0.797081675738557,0.000495449044698302
0.80067213373738,0.000505983828561545
0.804262591736202,0.000519785815051528
0.807853049735024,0.000531116483706961
0.811443507733847,0.000537757404146246
0.815033965732669,0.000555799577476764
0.818624423731491,0.000566171861328536
0.822214881730314,0.000574098537392172
0.825805339729136,0.00059599901943718
0.829395797727958,0.000603575755341287
0.832986255726781,0.000619657927432167
0.836576713725603,0.000637048002609463
0.840167171724425,0.000648598024345593
0.843757629723248,0.000665149554449009
0.84734808772207,0.000688310154467956
0.850938545720892,0.000699739724781987
0.854529003719715,0.000723704863625256
0.858119461718537,0.000741111386968826
0.861709919717359,0.000768114643312425
0.865300377716182,0.000780534159744892
0.868890835715004,0.000808684260227581
0.872481293713826,0.000827673480633186
0.876071751712649,0.000861105662375266
0.879662209711471,0.000887101201833361
0.883252667710293,0.000914568071950475
0.886843125709115,0.000945983472487088
0.890433583707938,0.000981995868851541
0.89402404170676,0.0010147960843541
0.897614499705583,0.00105612422495055
0.901204957704405,0.00109381667502173
0.904795415703227,0.00113875141437849
0.90838587370205,0.00118585273699035
0.911976331700872,0.00123352353665008
0.915566789699694,0.00129132710072201
0.919157247698516,0.00135611497083437
0.922747705697339,0.0014135600907268
0.926338163696161,0.00148452001301032
0.929928621694984,0.00156918324737527
0.933519079693806,0.00165850735482399
0.937109537692628,0.00176269289044178
0.940699995691451,0.0018700666010141
0.944290453690273,0.0019889229409691
0.947880911689095,0.00212992335731488
0.951471369687917,0.00229441564990646
0.95506182768674,0.0024769687989082
0.958652285685562,0.0027024040741419
0.962242743684384,0.00296445686670013
0.965833201683207,0.00328393614385704
0.969423659682029,0.00367529359050111
0.973014117680852,0.00416800925971368
0.976604575679674,0.00482714339262496
0.980195033678496,0.00570790099363812
0.983785491677318,0.00698282594041334
0.987375949676141,0.00898514637502229
0.990966407674963,0.0125892193961026
0.994556865673785,0.0209241633361735
0.998147323672608,0.0615966738092758
1.00173778167143,0.0657823096777399
1.00532823967025,0.0214966702845361
1.00891869766907,0.0128626678756817
1.0125091556679,0.00919029092950325
1.01609961366672,0.0071524584402388
1.01969007166554,0.00585484084658587
1.02328052966436,0.00496176119401707
1.02687098766319,0.00430975535728037
1.03046144566201,0.00380530691873247
1.03405190366083,0.00341118348479067
1.03764236165965,0.00308820288220874
1.04123281965848,0.00282793487018196
1.0448232776573,0.00260981177000234
1.04841373565612,0.00241799512050222
1.05200419365494,0.0022506010903465
1.05559465165377,0.00211334715829711
1.05918510965259,0.00198765492340886
1.06277556765141,0.0018745882811074
1.06636602565023,0.00177723041553405
1.06995648364905,0.00168390860892886
1.07354694164788,0.00160826884871438
1.0771373996467,0.00153876265805044
1.08072785764552,0.00146741196788651
1.08431831564434,0.00141157045446847
1.08790877364317,0.00135588660339274
1.09149923164199,0.00130403016140604
1.09508968964081,0.00125894394580806
1.09868014763963,0.00121379737077124
1.10227060563846,0.00117110034805564
1.10586106363728,0.00113695282205031
1.1094515216361,0.0010953614160304
1.11304197963492,0.00106495055995209
1.11663243763374,0.00103726059056063
1.12022289563257,0.00100406477073359
1.12381335363139,0.00097705214743441
1.12740381163021,0.000951277449119006
1.13099426962903,0.00092547501805253
1.13458472762786,0.000907722901048805
1.13817518562668,0.000881458108366299
1.1417656436255,0.000859900295783381
1.14535610162432,0.000838736465665811
1.14894655962315,0.000823205204753928
1.15253701762197,0.000800858809134983
1.15612747562079,0.000788279734368105
1.15971793361961,0.000769541678110518
1.16330839161844,0.000753012661649192
1.16689884961726,0.000735096860186354
1.17048930761608,0.000724843833871714
1.1740797656149,0.00070870291001909
1.17767022361372,0.000701038714562255
1.18126068161255,0.000683883799437299
1.18485113961137,0.000670604302145098
1.18844159761019,0.000659474787668043
1.19203205560901,0.000649243940289636
1.19562251360784,0.000638087591410454
1.19921297160666,0.000626108554197401
1.20280342960548,0.000616443394483288
1.2063938876043,0.000605921158429547
1.20998434560313,0.000596783152561368
1.21357480360195,0.00058882365974849
1.21716526160077,0.000580273343041917
1.22075571959959,0.000569284878047799
1.22434617759841,0.000562254606499568
1.22793663559724,0.000553036856979005
1.23152709359606,0.000545704178058277
1.23511755159488,0.000539124426499054
1.2387080095937,0.00053021979740565
1.24229846759253,0.000521971494348178
1.24588892559135,0.000517986439793759
1.24947938359017,0.000510722224258435
1.25306984158899,0.000503250267649734
1.25666029958782,0.000495378958203139
1.26025075758664,0.000490792573385266
1.26384121558546,0.000483217318442423
1.26743167358428,0.000478867203012388
1.2710221315831,0.000472472399851514
1.27461258958193,0.000466286025106759
1.27820304758075,0.000459691963162937
1.28179350557957,0.000455978561944099
1.28538396357839,0.000450724751233176
1.28897442157722,0.000447689213436165
1.29256487957604,0.000441749143520734
1.29615533757486,0.000435627756985015
1.29974579557368,0.000430000937716266
1.30333625357251,0.000427612204857383
1.30692671157133,0.00042275129468793
1.31051716957015,0.000418301604053926
1.31410762756897,0.000413799682190119
1.3176980855678,0.00040838362278148
1.32128854356662,0.000404044014891017
1.32487900156544,0.000402840368919858
1.32846945956426,0.000398630479158593
1.33205991756308,0.0003943418389377
1.33565037556191,0.000389879413245876
1.33924083356073,0.000386680358519195
1.34283129155955,0.000382760647115749
1.34642174955837,0.000380050623628304
1.3500122075572,0.000376435504640222
1.35360266555602,0.000371835365535989
1.35719312355484,0.000368751605920464
1.36078358155366,0.000366088355574083
1.36437403955249,0.000362476776491463
1.36796449755131,0.000359768371209751
1.37155495555013,0.000357118675948888
1.37514541354895,0.000353203056735013
1.37873587154777,0.000349506404752933
1.3823263295466,0.00034833391890348
1.38591678754542,0.000345274769060993
1.38950724554424,0.000341820919672475
1.39309770354306,0.000338749231685352
1.39668816154189,0.000335555394754783
1.40027861954071,0.000333398184550783
1.40386907753953,0.000331113894160529
1.40745953553835,0.000329138212022931
1.41104999353718,0.000324544986733338
1.414640451536,0.000323799337963443
1.41823090953482,0.000321571845036227
1.42182136753364,0.000318399597859674
1.42541182553247,0.000316410479029494
1.42900228353129,0.000314324972562518
1.43259274153011,0.000311840945816625
1.43618319952893,0.000309897735533825
1.43977365752775,0.000307448856969599
1.44336411552658,0.000304040678264229
1.4469545735254,0.000303690179216843
1.45054503152422,0.000300694952924107
1.45413548952304,0.000298769560315911
1.45772594752187,0.000296508640711523
1.46131640552069,0.000295649905915355
1.46490686351951,0.000292537109305371
1.46849732151833,0.000291098487339071
1.47208777951716,0.000288801215587955
1.47567823751598,0.00028642276910209
1.4792686955148,0.000285908814070286
1.48285915351362,0.000283602744836694
1.48644961151244,0.000281444551281846
1.49004006951127,0.000280037101912499
1.49363052751009,0.000277217129951159
1.49722098550891,0.000275959164380545
1.50081144350773,0.000273417103446793
1.50440190150656,0.000273339577005555
1.50799235950538,0.000270294832014883
1.5115828175042,0.000269487271775588
1.51517327550302,0.000267684665701467
1.51876373350185,0.000266528151966811
1.52235419150067,0.000264745784431932
1.52594464949949,0.000264067106100364
1.52953510749831,0.000262260351098773
1.53312556549713,0.000259641923563677
1.53671602349596,0.000259743548191966
1.54030648149478,0.000256893903241247
1.5438969394936,0.000256627369686283
1.54748739749242,0.000253946576216065
1.55107785549125,0.000252926842614342
1.55466831349007,0.000251917273744087
1.55825877148889,0.000250928086429322
1.56184922948771,0.000248840367274124
1.56543968748654,0.000247526142730106
1.56903014548536,0.000246294705975475
1.57262060348418,0.000245118186602241
1.576211061483,0.000244122643963852
1.57980151948183,0.000242170858905455
1.58339197748065,0.000240745044392255
1.58698243547947,0.000238936922214011
1.59057289347829,0.00023920915410054
1.59416335147711,0.000236666420065511
1.59775380947594,0.000235799383219068
1.60134426747476,0.000235096880850042
1.60493472547358,0.000233014909434316
1.6085251834724,0.000231737554270809
1.61211564147123,0.000231198297152687
1.61570609947005,0.000230425410808894
1.61929655746887,0.000228805294579846
1.62288701546769,0.00022720744632989
1.62647747346652,0.000226645642236544
1.63006793146534,0.000225717781169519
1.63365838946416,0.000224358459729975
1.63724884746298,0.000223460271719295
1.6408393054618,0.000222940565990189
1.64442976346063,0.000220527969581555
1.64802022145945,0.000220409622441255
1.65161067945827,0.000219469740125205
1.65520113745709,0.000217688935554865
1.65879159545592,0.000217306010294438
1.66238205345474,0.000216247807532064
1.66597251145356,0.00021582712254509
1.66956296945238,0.000214433585311926
1.67315342745121,0.000213487187949806
1.67674388545003,0.000212112300644988
1.68033434344885,0.000210510906174957
1.68392480144767,0.000210773506793777
1.6875152594465,0.000209450858101714
1.69110571744532,0.000208854650101641
1.69469617544414,0.00020784875863458
1.69828663344296,0.000206800473827787
1.70187709144178,0.000205214743618692
1.70546754944061,0.000205139094619033
1.70905800743943,0.000203588480771412
1.71264846543825,0.000203286040038119
1.71623892343707,0.000202430679600115
1.7198293814359,0.000201488866874896
1.72341983943472,0.000200327810741558
1.72701029743354,0.000200341087229312
1.73060075543236,0.000198338017282259
1.73419121343119,0.00019835785189939
1.73778167143001,0.000197204803788387
1.74137212942883,0.00019662771491806
1.74496258742765,0.000195717731254148
1.74855304542647,0.00019598437113902
1.7521435034253,0.000194091841601782
1.75573396142412,0.000193412766601797
1.75932441942294,0.000192622086472525
1.76291487742176,0.000191989569809845
1.76650533542059,0.000191015218311382
1.77009579341941,0.000190169032251928
1.77368625141823,0.000189484186253374
1.77727670941705,0.000188573487977601
1.78086716741588,0.000188344522098827
1.7844576254147,0.000187040453375514
1.78804808341352,0.000186886641383447
1.79163854141234,0.000185681523715324
1.79522899941117,0.000185822468829319
1.79881945740999,0.000185001118173471
1.80240991540881,0.000183933008072451
1.80600037340763,0.000183703811219583
1.80959083140645,0.00018234985296807
1.81318128940528,0.000181726508503019
1.8167717474041,0.000180889909064621
1.82036220540292,0.000180474060450159
1.82395266340174,0.00018002215671546
1.82754312140057,0.000178811775374803
1.83113357939939,0.00017867258505004
1.83472403739821,0.000177704347111353
1.83831449539703,0.000178073372625013
1.84190495339586,0.000176714269118665
1.84549541139468,0.000176041273208777
1.8490858693935,0.000175112783288525
1.85267632739232,0.000174751843942286
1.85626678539114,0.000174253007203506
1.85985724338997,0.000173182603748212
1.86344770138879,0.000172485046506004
1.86703815938761,0.000172514129002734
1.87062861738643,0.000172054391833527
1.87421907538526,0.000171822309626001
1.87780953338408,0.000170892223188326
1.8813999913829,0.000170100165582021
1.88499044938172,0.000169392341559295
1.88858090738055,0.000168315781071432
1.89217136537937,0.000168144598153031
1.89576182337819,0.000168104090617777
1.89935228137701,0.000167325987309755
1.90294273937583,0.000166789730450974
1.90653319737466,0.000165633606464099
1.91012365537348,0.000165621452464074
1.9137141133723,0.000165099333018544
1.91730457137112,0.000165544457709623
1.92089502936995,0.000163517419495423
1.92448548736877,0.000163308542773853
1.92807594536759,0.000162647933952232
1.93166640336641,0.000163239020738475
1.93525686136524,0.000161461801070795
1.93884731936406,0.000161157878340173
1.94243777736288,0.000160225640914931
1.9460282353617,0.000159890205419158
1.94961869336053,0.000159460897027536
1.95320915135935,0.000159630405836829
1.95679960935817,0.000158981697346286
1.96039006735699,0.000159360651316091
1.96398052535581,0.000157087122275891
1.96757098335464,0.000157254456197753
1.97116144135346,0.000157495180255244
1.97475189935228,0.000156429225805897
1.9783423573511,0.000156005887328735
1.98193281534993,0.000155070116255759
1.98552327334875,0.000154034936309415
1.98911373134757,0.000154337582987755
1.99270418934639,0.000153793173429374
1.99629464734522,0.000153235908838184
1.99988510534404,0.000153541823359695
2.00347556334286,0.000152068638090274
2.00706602134168,0.000154861359485163
2.01065647934051,0.000153048700271187
2.01424693733933,0.000152224542555929
2.01783739533815,0.000150284297994561
2.02142785333697,0.000149493994516674
2.02501831133579,0.000149506887974682
2.02860876933462,0.000150034620882407
2.03219922733344,0.000148772690671194
2.03578968533226,0.000148894242527783
2.03938014333108,0.000147737283982864
2.04297060132991,0.00014751014595536
2.04656105932873,0.000147778534986402
2.05015151732755,0.000147061507287555
2.05374197532637,0.000146805291181678
2.05733243332519,0.000145208140200934
2.06092289132402,0.000145409646392008
2.06451334932284,0.000145148602775274
2.06810380732166,0.000145090643253667
2.07169426532048,0.000144544678990848
2.07528472331931,0.000143444966590445
2.07887518131813,0.000142767852713065
2.08246563931695,0.000143680736905056
2.08605609731577,0.000142330355644915
2.0896465553146,0.000143037062742652
2.09323701331342,0.000142344493889202
2.09682747131224,0.000141274327290814
2.10041792931106,0.000141697809598714
2.10400838730989,0.000140461224326208
2.10759884530871,0.000140434250833134
2.11118930330753,0.000139600602584398
2.11477976130635,0.000139567743402154
2.11837021930517,0.000139029647408897
2.121960677304,0.00013951015672502
2.12555113530282,0.000138455004614831
2.12914159330164,0.000138641453936333
2.13273205130046,0.000137515078454026
2.13632250929929,0.000137145234527866
2.13991296729811,0.000137069023317083
2.14350342529693,0.000137457979660547
2.14709388329575,0.000136602996363995
2.15068434129458,0.000135872053746783
2.1542747992934,0.000135517281152295
2.15786525729222,0.000135312411213323
2.16145571529104,0.000135193522143619
2.16504617328986,0.000134435362458044
2.16863663128869,0.000134439312669754
2.17222708928751,0.000134096845935807
2.17581754728633,0.00013398276535639
2.17940800528515,0.000133755992169694
2.18299846328398,0.000133449660856508
2.1865889212828,0.000132708924421393
2.19017937928162,0.00013230127735524
2.19376983728044,0.000132023747556601
2.19736029527927,0.000131711693716138
2.20095075327809,0.000131374626855977
2.20454121127691,0.000131275078696403
2.20813166927573,0.000130760775210605
2.21172212727456,0.000130214470291794
2.21531258527338,0.000129976927204917
2.2189030432722,0.000130298649207964
2.22249350127102,0.000129859182158473
2.22608395926984,0.000129237572082455
2.22967441726867,0.000128923774810012
2.23326487526749,0.000128411715222323
2.23685533326631,0.000128176757056011
2.24044579126513,0.000127599013850774
2.24403624926396,0.000127589709322795
2.24762670726278,0.00012748594644643
2.2512171652616,0.000127015420012101
2.25480762326042,0.000126408330658978
2.25839808125925,0.000126224200749369
2.26198853925807,0.000126351419869687
2.26557899725689,0.000125733759876675
2.26916945525571,0.000125523904869613
2.27275991325454,0.000124896628588038
2.27635037125336,0.000124764582236891
2.27994082925218,0.000124444105549879
2.283531287251,0.00012428375528313
2.28712174524982,0.000123851175157489
2.29071220324865,0.000123597217556961
2.29430266124747,0.000123354157898493
2.29789311924629,0.000123263992374751
2.30148357724511,0.000122779875968744
2.30507403524394,0.000122587886879997
2.30866449324276,0.000122386132302226
2.31225495124158,0.000121973908820256
2.3158454092404,0.000121483480930287
2.31943586723923,0.000121652834779085
2.32302632523805,0.000121287847815329
2.32661678323687,0.00012105740709722
2.33020724123569,0.000120561003234857
2.33379769923451,0.000120799307088642
2.33738815723334,0.000120140393375794
2.34097861523216,0.000119929477434223
2.34456907323098,0.00012002479376865
2.3481595312298,0.00011973839761504
2.35174998922863,0.000119049263497988
2.35534044722745,0.000118909477441638
2.35893090522627,0.000118499965104108
2.36252136322509,0.0001182202860573
2.36611182122392,0.00011835286141157
2.36970227922274,0.000117811764175553
2.37329273722156,0.000117385888450807
2.37688319522038,0.000117296911824732
2.38047365321921,0.000117040150396567
2.38406411121803,0.000117024199518616
2.38765456921685,0.000116735361822201
2.39124502721567,0.000116533786798111
2.39483548521449,0.000116057016682724
2.39842594321332,0.000115751668059018
2.40201640121214,0.000115881931124281
2.40560685921096,0.000115295052523649
2.40919731720978,0.000115001214500261
2.41278777520861,0.000115289588902914
2.41637823320743,0.000114716901873721
2.41996869120625,0.000114635202011681
2.42355914920507,0.000114078457018522
2.4271496072039,0.00011392633623439
2.43074006520272,0.000113519318344684
2.43433052320154,0.000113820830892281
2.43792098120036,0.000113564489316144
2.44151143919918,0.000112685368753756
2.44510189719801,0.000112963876626041
2.44869235519683,0.000112395514906964
2.45228281319565,0.000112350082546182
2.45587327119447,0.000112267458940362
2.4594637291933,0.000111832408799453
2.46305418719212,0.000111564335677407
2.46664464519094,0.000111482923496653
2.47023510318976,0.000110982263146838
2.47382556118859,0.000110867969759198
2.47741601918741,0.000110680613071164
2.48100647718623,0.000110417186583725
2.48459693518505,0.000110027445765197
2.48818739318387,0.000110395289036769
2.4917778511827,0.000109690540840045
2.49536830918152,0.000109503616890664
2.49895876718034,0.000109556127824049
2.50254922517916,0.000109142147034801
2.50613968317799,0.000108984784526785
2.50973014117681,0.00010863540380406
2.51332059917563,0.00010863366745296
2.51691105717445,0.000108431468880575
2.52050151517328,0.000108243537023152
2.5240919731721,0.000107403636288622
2.52768243117092,0.000107640339387208
2.53127288916974,0.000107348288285513
2.53486334716857,0.000107265012233561
2.53845380516739,0.000107174691580283
2.54204426316621,0.000106887804057998
2.54563472116503,0.000106588547496704
2.54922517916385,0.000106261678662568
2.55281563716268,0.000106192655738367
2.5564060951615,0.000106096139421793
2.55999655316032,0.000105930711228314
2.56358701115914,0.000105882591130717
2.56717746915797,0.000105292919315909
2.57076792715679,0.00010526489961871
2.57435838515561,0.000104752823717539
2.57794884315443,0.000104936014344347
2.58153930115326,0.00010458497967422
2.58512975915208,0.000104466077366784
2.5887202171509,0.000104206717742364
2.59231067514972,0.000104258999127137
2.59590113314854,0.000103742308352648
2.59949159114737,0.000103579757858501
2.60308204914619,0.000103497173391053
2.60667250714501,0.000103690506498381
2.61026296514383,0.000102854040304133
2.61385342314266,0.000102819641433169
2.61744388114148,0.000102701681303233
2.6210343391403,0.000102602742192661
2.62462479713912,0.000102477910066374
2.62821525513795,0.000102248868032713
2.63180571313677,0.000101849421023882
2.63539617113559,0.000101707748560173
2.63898662913441,0.000101658086724455
2.64257708713324,0.000101595248774001
2.64616754513206,0.000100910860698362
2.64975800313088,0.000101240036779113
2.6533484611297,0.000100593177578658
2.65693891912852,0.000100724412857775
2.66052937712735,0.000100653077060804
2.66411983512617,0.000100458779794622
2.66771029312499,0.00010000934374229
2.67130075112381,0.000100008502092622
2.67489120912264,9.97818249230476e-05
2.67848166712146,9.96227284065917e-05
2.68207212512028,9.94532527042392e-05
2.6856625831191,9.93478274413363e-05
2.68925304111792,9.90230573612703e-05
2.69284349911675,9.88505433713506e-05
2.69643395711557,9.87943448252508e-05
2.70002441511439,9.88179743705917e-05
2.70361487311321,9.83514386320486e-05
2.70720533111204,9.82156039631843e-05
2.71079578911086,9.79781542787037e-05
2.71438624710968,9.78793557394358e-05
2.7179767051085,9.77223093781751e-05
2.72156716310733,9.76972209202826e-05
2.72515762110615,9.72556812957553e-05
2.72874807910497,9.711029717808e-05
2.73233853710379,9.71145261782566e-05
2.73592899510262,9.6657851513728e-05
2.73951945310144,9.67563583776576e-05
2.74310991110026,9.65370746364252e-05
2.74670036909908,9.63264610614671e-05
2.7502908270979,9.63907330588386e-05
2.75388128509673,9.59769774364598e-05
2.75747174309555,9.57080660837924e-05
2.76106220109437,9.57761866504347e-05
2.76465265909319,9.54324393259791e-05
2.76824311709202,9.52221672659603e-05
2.77183357509084,9.53276985102157e-05
2.77542403308966,9.51656342773675e-05
2.77901449108848,9.47823343714445e-05
2.78260494908731,9.48619788024732e-05
2.78619540708613,9.48310355815264e-05
2.78978586508495,9.44740403198971e-05
2.79337632308377,9.44117953106872e-05
2.7969667810826,9.42847656873477e-05
2.80055723908142,9.40716010826788e-05
2.80414769708024,9.39339145701114e-05
2.80773815507906,9.36932904268052e-05
2.81132861307788,9.36064713589787e-05
2.81491907107671,9.33938416596717e-05
2.81850952907553,9.31378389708101e-05
2.82209998707435,9.29334468638807e-05
2.82569044507317,9.29981487361837e-05
2.829280903072,9.2836394181289e-05
2.83287136107082,9.29141358921867e-05
2.83646181906964,9.22663019748398e-05
2.84005227706846,9.23232103329729e-05
2.84364273506729,9.20926245185345e-05
2.84723319306611,9.21038187531612e-05
2.85082365106493,9.21745995642165e-05
2.85441410906375,9.16322188334033e-05
2.85800456706257,9.14390751273707e-05
2.8615950250614,9.13362759691241e-05
2.86518548306022,9.14785494994034e-05
2.86877594105904,9.11042528134528e-05
2.87236639905786,9.08983920517517e-05
2.87595685705669,9.12801246395717e-05
2.87954731505551,9.07112091036775e-05
2.88313777305433,9.0903491778868e-05
2.88672823105315,9.02724943924507e-05
2.89031868905198,9.02317934581668e-05
2.8939091470508,9.01866149095362e-05
2.89749960504962,8.9982754488608e-05
2.90109006304844,8.95166835189054e-05
2.90468052104727,8.99497985799824e-05
2.90827097904609,8.94746852133969e-05
2.91186143704491,8.92987472426314e-05
2.91545189504373,8.91885033895716e-05
2.91904235304255,8.92915485929386e-05
2.92263281104138,8.90770331908684e-05
2.9262232690402,8.93217670310442e-05
2.92981372703902,8.87594992894403e-05
2.93340418503784,8.85377996920296e-05
2.93699464303667,8.82963236868301e-05
2.94058510103549,8.84919959490198e-05
2.94417555903431,8.81482302323515e-05
2.94776601703313,8.76573568149625e-05
2.95135647503196,8.77372940598197e-05
2.95494693303078,8.80801367278689e-05
2.9585373910296,8.79079973616401e-05
2.96212784902842,8.78125239144532e-05
2.96571830702724,8.76930641490157e-05
2.96930876502607,8.65241485196014e-05
2.97289922302489,8.72863306747473e-05
2.97648968102371,8.66036585363908e-05
2.98008013902253,8.74002495812689e-05
2.98367059702136,8.72656215361208e-05
2.98726105502018,8.71012679831264e-05
2.990851513019,8.60624955741648e-05
2.99444197101782,8.68471975189865e-05
2.99803242901665,8.65005998340086e-05
3.00162288701547,8.5909510551161e-05
3.00521334501429,8.61738341863356e-05
3.00880380301311,8.48577827859838e-05
3.01239426101194,8.60357094421737e-05
3.01598471901076,8.5898334198613e-05
3.01957517700958,8.6039561239792e-05
3.0231656350084,8.48104995445258e-05
3.02675609300722,8.54076190133436e-05
3.03034655100605,8.49439141012581e-05
3.03393700900487,8.48480655289596e-05
3.03752746700369,8.53328177705378e-05
3.04111792500251,8.48220844335698e-05
3.04470838300134,8.42802173312504e-05
3.04829884100016,8.44281038135325e-05
3.05188929899898,8.44980893434342e-05
3.0554797569978,8.4234213327068e-05
3.05907021499663,8.43994387438985e-05
3.06266067299545,8.38596121492962e-05
3.06625113099427,8.39387124807094e-05
3.06984158899309,8.3301143308174e-05
3.07343204699191,8.35222031022587e-05
3.07702250499074,8.38240656625256e-05
3.08061296298956,8.32653495489274e-05
3.08420342098838,8.30596037306749e-05
3.0877938789872,8.31283633558796e-05
3.09138433698603,8.28701540020034e-05
3.09497479498485,8.36390263083011e-05
3.09856525298367,8.2660096352601e-05
3.10215571098249,8.24913691419189e-05
3.10574616898132,8.25662469622251e-05
3.10933662698014,8.24661468040682e-05
3.11292708497896,8.22409733157224e-05
3.11651754297778,8.24048722309857e-05
3.1201080009766,8.20912395038208e-05
3.12369845897543,8.20972208304784e-05
3.12728891697425,8.18507620202456e-05
3.13087937497307,8.1879267908091e-05
3.13446983297189,8.18725080221484e-05
3.13806029097072,8.13536933542327e-05
3.14165074896954,8.15258642534374e-05
3.14524120696836,8.11720895840173e-05
3.14883166496718,8.12766870820888e-05
3.15242212296601,8.11372984380489e-05
3.15601258096483,8.12232088339252e-05
3.15960303896365,8.0851637596519e-05
3.16319349696247,8.04006708146065e-05
3.1667839549613,8.08146990409e-05
3.17037441296012,8.04817713654304e-05
3.17396487095894,8.05615378944494e-05
3.17755532895776,8.02999035157236e-05
3.18114578695658,8.00917787146971e-05
3.18473624495541,7.9865713321947e-05
3.18832670295423,7.99806839211381e-05
3.19191716095305,7.96712246262188e-05
3.19550761895187,7.99234810976536e-05
3.1990980769507,7.96924273445267e-05
3.20268853494952,7.96434667400133e-05
3.20627899294834,7.94570322496518e-05
3.20986945094716,7.95158705817719e-05
3.21345990894599,7.90618162639838e-05
3.21705036694481,7.93419726789877e-05
3.22064082494363,7.90534787892016e-05
3.22423128294245,7.89256988348891e-05
3.22782174094128,7.86159966711264e-05
3.2314121989401,7.8695327912667e-05
3.23500265693892,7.85697629081295e-05
3.23859311493774,7.83761098471832e-05
3.24218357293656,7.83487760453328e-05
3.24577403093539,7.81439943347727e-05
3.24936448893421,7.83355919633968e-05
3.25295494693303,7.78612071324858e-05
3.25654540493185,7.80109633920737e-05
3.26013586293068,7.78412434514497e-05
3.2637263209295,7.7741439954864e-05
3.26731677892832,7.75076767896372e-05
3.27090723692714,7.76199358811343e-05
3.27449769492596,7.75539241766889e-05
3.27808815292479,7.72306095630717e-05
3.28167861092361,7.72700543397268e-05
3.28526906892243,7.70380371843871e-05
3.28885952692125,7.69482129012395e-05
3.29244998492008,7.68775760999073e-05
3.2960404429189,7.67826006485476e-05
3.29963090091772,7.69188420821938e-05
3.30322135891654,7.64813152708636e-05
3.30681181691537,7.66243792767445e-05
3.31040227491419,7.62858794990113e-05
3.31399273291301,7.65388587035333e-05
3.31758319091183,7.62235312468302e-05
3.32117364891066,7.6215479430043e-05
3.32476410690948,7.6097370919261e-05
3.3283545649083,7.58548620517999e-05
3.33194502290712,7.58105214477425e-05
3.33553548090594,7.57448759099853e-05
3.33912593890477,7.55344065708175e-05
3.34271639690359,7.55282130628589e-05
3.34630685490241,7.54638433765258e-05
3.34989731290123,7.53593229039841e-05
3.35348777090006,7.52140167920208e-05
3.35707822889888,7.52082157262746e-05
3.3606686868977,7.52488838613584e-05
3.36425914489652,7.48529593499524e-05
3.36784960289535,7.50682825947847e-05
3.37144006089417,7.4760436059869e-05
3.37503051889299,7.46094204302834e-05
3.37862097689181,7.46403696272367e-05
3.38221143489063,7.44799696244068e-05
3.38580189288946,7.43578616962382e-05
3.38939235088828,7.43882922170843e-05
3.3929828088871,7.42993151149671e-05
3.39657326688592,7.41249277013243e-05
3.40016372488475,7.40570293145337e-05
3.40375418288357,7.40370959214939e-05
3.40734464088239,7.4002987171549e-05
3.41093509888121,7.37632316987114e-05
3.41452555688004,7.3609120202163e-05
3.41811601487886,7.36747336198966e-05
3.42170647287768,7.3640452269714e-05
3.4252969308765,7.32659702028296e-05
3.42888738887533,7.32363038425768e-05
3.43247784687415,7.31256402016105e-05
3.43606830487297,7.29524318394931e-05
3.43965876287179,7.30580824322514e-05
3.44324922087061,7.28650736959391e-05
3.44683967886944,7.30972677758542e-05
3.45043013686826,7.27427720962869e-05
3.45402059486708,7.26624253498541e-05
3.4576110528659,7.25113564680476e-05
3.46120151086473,7.26608181712367e-05
3.46479196886355,7.24511365714816e-05
3.46838242686237,7.22572698535789e-05
3.47197288486119,7.22831127471495e-05
3.47556334286002,7.20410600490079e-05
3.47915380085884,7.20868553730296e-05
3.48274425885766,7.19523463619276e-05
3.48633471685648,7.18949670672266e-05
3.48992517485531,7.17273899174451e-05
3.49351563285413,7.18251234421848e-05
3.49710609085295,7.15940013390455e-05
3.50069654885177,7.15975653571447e-05
3.50428700685059,7.12855140284449e-05
3.50787746484942,7.12182233753822e-05
3.51146792284824,7.13583115917087e-05
3.51505838084706,7.10305437158202e-05
3.51864883884588,7.10625865391977e-05
3.52223929684471,7.10684731522413e-05
3.52582975484353,7.10195791180196e-05
3.52942021284235,7.0852259480643e-05
3.53301067084117,7.08811200589825e-05
3.53660112884,7.08381090823914e-05
3.54019158683882,7.06707819661911e-05
3.54378204483764,7.06478556490585e-05
3.54737250283646,7.0520072097574e-05
3.55096296083528,7.02521557840016e-05
3.55455341883411,7.03383431145281e-05
3.55814387683293,7.01733654209498e-05
3.56173433483175,7.00051174382833e-05
3.56532479283057,7.01766590451625e-05
3.5689152508294,6.98325149067394e-05
3.57250570882822,7.00298311812738e-05
3.57609616682704,6.9802698372912e-05
3.57968662482586,6.97802326951649e-05
3.58327708282469,6.97733589387929e-05
3.58686754082351,6.95602669861319e-05
3.59045799882233,6.94008346966812e-05
3.59404845682115,6.93972210540995e-05
3.59763891481997,6.94559876605911e-05
3.6012293728188,6.92190847831491e-05
3.60481983081762,6.91014531917698e-05
3.60841028881644,6.90038808625763e-05
3.61200074681526,6.8804200371962e-05
3.61559120481409,6.89235683342905e-05
3.61918166281291,6.87551161533356e-05
3.62277212081173,6.87661030946907e-05
3.62636257881055,6.86872448504006e-05
3.62995303680938,6.86095305546906e-05
3.6335434948082,6.84926623784143e-05
3.63713395280702,6.83473314480886e-05
3.64072441080584,6.8213133472604e-05
3.64431486880467,6.82119270009097e-05
3.64790532680349,6.82419147411936e-05
3.65149578480231,6.79553716916127e-05
3.65508624280113,6.80494089724718e-05
3.65867670079995,6.79924539549118e-05
3.66226715879878,6.78268313860203e-05
3.6658576167976,6.77746825571378e-05
3.66944807479642,6.78020027388203e-05
3.67303853279524,6.7738036462996e-05
3.67662899079407,6.75083223068307e-05
3.68021944879289,6.75839334467652e-05
3.68380990679171,6.73617891702807e-05
3.68740036479053,6.7246713694837e-05
3.69099082278936,6.72943579648345e-05
3.69458128078818,6.71862777914898e-05
3.698171738787,6.71225095131072e-05
3.70176219678582,6.71440970719331e-05
3.70535265478464,6.6846678705991e-05
3.70894311278347,6.68655726804926e-05
3.71253357078229,6.66939913782885e-05
3.71612402878111,6.68016506324464e-05
3.71971448677993,6.67942824862049e-05
3.72330494477876,6.65081772065676e-05
3.72689540277758,6.65258276195305e-05
3.7304858607764,6.64343533731628e-05
3.73407631877522,6.63812640036301e-05
3.73766677677405,6.63908694600465e-05
3.74125723477287,6.61443979637851e-05
3.74484769277169,6.60925038603525e-05
3.74843815077051,6.61021826027974e-05
3.75202860876934,6.60304564122898e-05
3.75561906676816,6.58896724268064e-05
3.75920952476698,6.58641529745431e-05
3.7627999827658,6.57884093117096e-05
3.76639044076462,6.56473420348326e-05
3.76998089876345,6.56260184363281e-05
3.77357135676227,6.56807327583411e-05
3.77716181476109,6.55080172659094e-05
3.78075227275991,6.56960535360933e-05
3.78434273075874,6.5322710592248e-05
3.78793318875756,6.51625597386171e-05
3.79152364675638,6.5223971829844e-05
3.7951141047552,6.52532833435938e-05
3.79870456275403,6.50982048845366e-05
3.80229502075285,6.49432404655702e-05
3.80588547875167,6.49682699797349e-05
3.80947593675049,6.47761414493576e-05
3.81306639474931,6.46740363999903e-05
3.81665685274814,6.46554948668737e-05
3.82024731074696,6.47063642411267e-05
3.82383776874578,6.45014310983925e-05
3.8274282267446,6.46679977272243e-05
3.83101868474343,6.43931726365533e-05
3.83460914274225,6.43586278741114e-05
3.83819960074107,6.42973989849427e-05
3.84179005873989,6.42108750441182e-05
3.84538051673872,6.40549016163314e-05
3.84897097473754,6.42104887775771e-05
3.85256143273636,6.40158484724025e-05
3.85615189073518,6.38621599110583e-05
3.85974234873401,6.38205482179754e-05
3.86333280673283,6.40050096863241e-05
3.86692326473165,6.36520029183586e-05
3.87051372273047,6.38024871602593e-05
3.87410418072929,6.36213921619346e-05
3.87769463872812,6.36422986210993e-05
3.88128509672694,6.35838845301526e-05
3.88487555472576,6.34082434966411e-05
3.88846601272458,6.32084378055826e-05
3.89205647072341,6.32778305663339e-05
3.89564692872223,6.3134436282092e-05
3.89923738672105,6.3246786710351e-05
3.90282784471987,6.30553162178409e-05
3.9064183027187,6.29328520624706e-05
3.91000876071752,6.31048160078446e-05
3.91359921871634,6.30108804397897e-05
3.91718967671516,6.27480651270664e-05
3.92078013471399,6.2798353069953e-05
3.92437059271281,6.27992554754089e-05
3.92796105071163,6.27883568717456e-05
3.93155150871045,6.24744422107765e-05
3.93514196670927,6.25637166615858e-05
3.9387324247081,6.23763777150137e-05
3.94232288270692,6.21888481969242e-05
3.94591334070574,6.23313239109737e-05
3.94950379870456,6.20947068981313e-05
3.95309425670339,6.25695419802061e-05
3.95668471470221,6.22565966931648e-05
3.96027517270103,6.18938558846233e-05
3.96386563069985,6.21192448238685e-05
3.96745608869867,6.21448260955227e-05
3.9710465466975,6.17471884619865e-05
3.97463700469632,6.17495533276658e-05
3.97822746269514,6.18025069714749e-05
3.98181792069396,6.15766268631134e-05
3.98540837869279,6.1844568122915e-05
3.98899883669161,6.12672111838452e-05
3.99258929469043,6.17538868381611e-05
3.99617975268925,6.12646325769296e-05
3.99977021068808,6.11871311137314e-05
4.0033606686869,6.14252884991983e-05
4.00695112668572,6.13527919934634e-05
4.01054158468454,6.13789006454495e-05
4.01413204268337,6.1225968585922e-05
4.01772250068219,6.07883179342046e-05
4.02131295868101,6.08333943827438e-05
4.02490341667983,6.08826793666706e-05
4.02849387467865,6.08032137818758e-05
4.03208433267748,6.06992026235417e-05
4.0356747906763,6.05467410930689e-05
4.03926524867512,6.08279840839479e-05
4.04285570667394,6.06362106848643e-05
4.04644616467277,6.06232308776926e-05
4.05003662267159,6.05015635219588e-05
4.05362708067041,6.04272487529269e-05
4.05721753866923,6.03573694573502e-05
4.06080799666806,6.03915818791045e-05
4.06439845466688,6.01955252769559e-05
4.0679889126657,6.02314291551265e-05
4.07157937066452,6.00260862428124e-05
4.07516982866334,6.00969129619698e-05
4.07876028666217,6.00217683970379e-05
4.08235074466099,5.99393032490098e-05
4.08594120265981,6.00878389776019e-05
4.08953166065863,5.98944438188359e-05
4.09312211865746,5.9771142740822e-05
4.09671257665628,5.97185119302006e-05
4.1003030346551,5.97526084937853e-05
4.10389349265392,5.96070584000969e-05
4.10748395065275,5.96398718798256e-05
4.11107440865157,5.93734760436419e-05
4.11466486665039,5.95203167029218e-05
4.11825532464921,5.93588622629126e-05
4.12184578264803,5.92739006334036e-05
4.12543624064686,5.93686451644881e-05
4.12902669864568,5.92031167104601e-05
4.1326171566445,5.91280269653835e-05
4.13620761464332,5.9111020491438e-05
4.13979807264215,5.90616680328598e-05
4.14338853064097,5.8978738890704e-05
4.14697898863979,5.90581782850412e-05
4.15056944663861,5.8702295995519e-05
4.15415990463744,5.89652705791812e-05
4.15775036263626,5.87357878165083e-05
4.16134082063508,5.8733975063962e-05
4.1649312786339,5.86480775367208e-05
4.16852173663272,5.85906711168624e-05
4.17211219463155,5.84422537212106e-05
4.17570265263037,5.85957251334949e-05
4.17929311062919,5.84035117713519e-05
4.18288356862801,5.84481666028007e-05
4.18647402662684,5.83396330857916e-05
4.19006448462566,5.82935820894655e-05
4.19365494262448,5.81342964205435e-05
4.1972454006233,5.82523658476045e-05
4.20083585862213,5.8176927525589e-05
4.20442631662095,5.8041826451116e-05
4.20801677461977,5.80394474264856e-05
4.21160723261859,5.78628797857368e-05
4.21519769061742,5.78672002221164e-05
4.21878814861624,5.77220974317352e-05
4.22237860661506,5.78021475834838e-05
4.22596906461388,5.76042919395553e-05
4.22955952261271,5.76778782897282e-05
4.23314998061153,5.76186618954062e-05
4.23674043861035,5.75470156904967e-05
4.24033089660917,5.74984143387125e-05
4.24392135460799,5.75053593478408e-05
4.24751181260682,5.73399315801797e-05
4.25110227060564,5.73460266310443e-05
4.25469272860446,5.7309396681494e-05
4.25828318660328,5.72968122366719e-05
4.26187364460211,5.71692624073921e-05
4.26546410260093,5.71538869484413e-05
4.26905456059975,5.70484406391594e-05
4.27264501859857,5.70068663348267e-05
4.2762354765974,5.69111594727149e-05
4.27982593459622,5.69200623734331e-05
4.28341639259504,5.68623274446491e-05
4.28700685059386,5.68190764998902e-05
4.29059730859268,5.67738783418944e-05
4.29418776659151,5.67353608493069e-05
4.29777822459033,5.65724339506219e-05
4.30136868258915,5.66492489753967e-05
4.30495914058797,5.65124642446016e-05
4.3085495985868,5.64431799453519e-05
4.31214005658562,5.64349588663776e-05
4.31573051458444,5.6489186901838e-05
4.31932097258326,5.61915917304677e-05
4.32291143058209,5.62861408435211e-05
4.32650188858091,5.61721293170431e-05
4.33009234657973,5.61248804616784e-05
4.33368280457855,5.61909613006316e-05
4.33727326257737,5.60768378971783e-05
4.3408637205762,5.59463898383212e-05
4.34445417857502,5.6046308984502e-05
4.34804463657384,5.59597421140675e-05
4.35163509457266,5.5829334907382e-05
4.35522555257149,5.58768721047835e-05
4.35881601057031,5.5846823494703e-05
4.36240646856913,5.57060102104844e-05
4.36599692656795,5.5633263221556e-05
4.36958738456678,5.56132808186221e-05
4.3731778425656,5.55366056003719e-05
4.37676830056442,5.55518296931745e-05
4.38035875856324,5.54887157388333e-05
4.38394921656207,5.53948022005471e-05
4.38753967456089,5.54251359290317e-05
4.39113013255971,5.53692864984839e-05
4.39472059055853,5.52016394948596e-05
4.39831104855736,5.5363746459506e-05
4.40190150655618,5.50923038762639e-05
4.405491964555,5.51418471640902e-05
4.40908242255382,5.50697822567813e-05
4.41267288055264,5.49619223302371e-05
4.41626333855147,5.49615781589987e-05
4.41985379655029,5.48176832362179e-05
4.42344425454911,5.48330014081929e-05
4.42703471254793,5.47377753173338e-05
4.43062517054676,5.48478934319248e-05
4.43421562854558,5.46423956860215e-05
4.4378060865444,5.46655692992997e-05
4.44139654454322,5.47458268227889e-05
4.44498700254205,5.45624315426639e-05
4.44857746054087,5.45942425636067e-05
4.45216791853969,5.44413438775431e-05
4.45575837653851,5.43843389012566e-05
4.45934883453733,5.43393417861139e-05
4.46293929253616,5.42650238595685e-05
4.46652975053498,5.42390684895507e-05
4.4701202085338,5.41411509710273e-05
4.47371066653262,5.41806135423525e-05
4.47730112453145,5.41423277360017e-05
4.48089158253027,5.4137321859786e-05
4.48448204052909,5.40883741386863e-05
4.48807249852791,5.39668996881638e-05
4.49166295652673,5.3996576443615e-05
4.49525341452556,5.39773889925128e-05
4.49884387252438,5.38725872229183e-05
4.5024343305232,5.38157021035911e-05
4.50602478852202,5.38174466144726e-05
4.50961524652085,5.36910958648797e-05
4.51320570451967,5.36759841409174e-05
4.51679616251849,5.36419031587277e-05
4.52038662051731,5.36178186672961e-05
4.52397707851614,5.34656795691587e-05
4.52756753651496,5.34681150433752e-05
4.53115799451378,5.34877853637785e-05
4.5347484525126,5.33479588373193e-05
4.53833891051143,5.34151479785834e-05
4.54192936851025,5.32604116180794e-05
4.54551982650907,5.32346862167481e-05
4.54911028450789,5.31640317585525e-05
4.55270074250671,5.30411106841458e-05
4.55629120050554,5.30896073110818e-05
4.55988165850436,5.318009587751e-05
4.56347211650318,5.29613451038141e-05
4.567062574502,5.30041408270103e-05
4.57065303250083,5.30324287706463e-05
4.57424349049965,5.28663192596056e-05
4.57783394849847,5.28433938789312e-05
4.58142440649729,5.2875931866967e-05
4.58501486449612,5.28362879533062e-05
4.58860532249494,5.26361095321212e-05
4.59219578049376,5.2665278995646e-05
4.59578623849258,5.25826288949424e-05
4.59937669649141,5.25629389736698e-05
4.60296715449023,5.24804592339084e-05
4.60655761248905,5.24776583099698e-05
4.61014807048787,5.24400157301877e-05
4.61373852848669,5.23674282064173e-05
4.61732898648552,5.23718811138468e-05
4.62091944448434,5.23064783094846e-05
4.62450990248316,5.22348563345822e-05
4.62810036048198,5.22189832539257e-05
4.63169081848081,5.21270238791562e-05
4.63528127647963,5.212816522378e-05
4.63887173447845,5.21235330207229e-05
4.64246219247727,5.20769941444387e-05
4.6460526504761,5.19899439201785e-05
4.64964310847492,5.20073159009628e-05
4.65323356647374,5.18884761147544e-05
4.65682402447256,5.17911070577908e-05
4.66041448247138,5.18987088211505e-05
4.66400494047021,5.17561944449746e-05
4.66759539846903,5.1718234095137e-05
4.67118585646785,5.17206523519845e-05
4.67477631446667,5.1761160218227e-05
4.6783667724655,5.14475812646363e-05
4.68195723046432,5.16247012532861e-05
4.68554768846314,5.1506205552849e-05
4.68913814646196,5.139727421856e-05
4.69272860446079,5.1480582310053e-05
4.69631906245961,5.14728350557096e-05
4.69990952045843,5.12327205472874e-05
4.70349997845725,5.13073981603987e-05
4.70709043645607,5.1162821025463e-05
4.7106808944549,5.12735302872397e-05
4.71427135245372,5.12090161113692e-05
4.71786181045254,5.12679898418642e-05
4.72145226845136,5.10495339032587e-05
4.72504272645019,5.09746161411413e-05
4.72863318444901,5.10275652320328e-05
4.73222364244783,5.09710332634335e-05
4.73581410044665,5.08862622033232e-05
4.73940455844548,5.08102811302132e-05
4.7429950164443,5.08216480058578e-05
4.74658547444312,5.07760992770618e-05
4.75017593244194,5.0714885751919e-05
4.75376639044077,5.0798651382328e-05
4.75735684843959,5.0729955362315e-05
4.76094730643841,5.0624162720462e-05
4.76453776443723,5.0616847808804e-05
4.76812822243606,5.05916059854291e-05
4.77171868043488,5.05036252506586e-05
4.7753091384337,5.05752198158861e-05
4.77889959643252,5.04170231709001e-05
4.78249005443134,5.03297130766441e-05
4.78608051243017,5.03070063239083e-05
4.78967097042899,5.03302121945854e-05
4.79326142842781,5.02322561714471e-05
4.79685188642663,5.03004721216814e-05
4.80044234442546,5.01671472165483e-05
4.80403280242428,5.01400463797357e-05
4.8076232604231,5.01673767787772e-05
4.81121371842192,5.00905298644292e-05
4.81480417642075,4.99701055079262e-05
4.81839463441957,4.99386025052087e-05
4.82198509241839,4.99918881024774e-05
4.82557555041721,4.98756225129051e-05
4.82916600841603,4.99938115883193e-05
4.83275646641486,4.98009273152271e-05
4.83634692441368,4.97432867710281e-05
4.8399373824125,4.97408706906369e-05
4.84352784041132,4.96907209901065e-05
4.84711829841015,4.96398505581517e-05
4.85070875640897,4.96959464959987e-05
4.85429921440779,4.95568424934894e-05
4.85788967240661,4.95912937631349e-05
4.86148013040544,4.94125873850368e-05
4.86507058840426,4.94774074072401e-05
4.86866104640308,4.93889471117831e-05
4.8722515044019,4.94118651316555e-05
4.87584196240072,4.92608969377758e-05
4.87943242039955,4.93391284517577e-05
4.88302287839837,4.93273563938135e-05
4.88661333639719,4.92848668108317e-05
4.89020379439601,4.9201438366765e-05
4.89379425239484,4.90740968212898e-05
4.89738471039366,4.90612883764891e-05
4.90097516839248,4.91041489752771e-05
4.9045656263913,4.90347781604436e-05
4.90815608439013,4.90031740873905e-05
4.91174654238895,4.90104131324997e-05
4.91533700038777,4.8881728704485e-05
4.91892745838659,4.88161832206193e-05
4.92251791638541,4.8935963562242e-05
4.92610837438424,4.87913875761919e-05
4.92969883238306,4.88482539178703e-05
4.93328929038188,4.87454220565645e-05
4.9368797483807,4.86738918328215e-05
4.94047020637953,4.87151931593944e-05
4.94406066437835,4.85683095518806e-05
4.94765112237717,4.85782685427186e-05
4.95124158037599,4.84902521811483e-05
4.95483203837482,4.84102089916516e-05
4.95842249637364,4.86503945414022e-05
4.96201295437246,4.83937238884124e-05
4.96560341237128,4.83284342409139e-05
4.96919387037011,4.83373878458971e-05
4.97278432836893,4.82849349973631e-05
4.97637478636775,4.82110637096337e-05
4.97996524436657,4.83174333510137e-05
4.98355570236539,4.80690113119958e-05
4.98714616036422,4.82559966765008e-05
4.99073661836304,4.80606412249179e-05
4.99432707636186,4.80889805011652e-05
4.99791753436068,4.80935662625627e-05
