freqs,specs
-2.99803242901665,2.88203486266617e-05
-2.99444197101782,2.88425362125737e-05
-2.990851513019,2.8613580628067e-05
-2.98726105502018,2.88901458757216e-05
-2.98367059702136,2.88523281123373e-05
-2.98008013902253,2.86617233416414e-05
-2.97648968102371,2.86927398029819e-05
-2.97289922302489,2.89272184444398e-05
-2.96930876502607,2.87733453767137e-05
-2.96571830702724,2.88565585779547e-05
-2.96212784902842,2.88005249850289e-05
-2.9585373910296,2.89168908989129e-05
-2.95494693303078,2.89309009849079e-05
-2.95135647503196,2.87893970432646e-05
-2.94776601703313,2.8952005273919e-05
-2.94417555903431,2.91677901245147e-05
-2.94058510103549,2.90073385001253e-05
-2.93699464303667,2.89976642302591e-05
-2.93340418503784,2.90711760522363e-05
-2.92981372703902,2.91506613649371e-05
-2.9262232690402,2.90802502918495e-05
-2.92263281104138,2.91579794437193e-05
-2.91904235304255,2.90922477342798e-05
-2.91545189504373,2.92054360185937e-05
-2.91186143704491,2.9189857297711e-05
-2.90827097904609,2.91097520198775e-05
-2.90468052104727,2.92265750560899e-05
-2.90109006304844,2.93452636563526e-05
-2.89749960504962,2.92547471793969e-05
-2.8939091470508,2.93439055174253e-05
-2.89031868905198,2.93077999560327e-05
-2.88672823105315,2.94236652366755e-05
-2.88313777305433,2.94963233073493e-05
-2.87954731505551,2.94752559304751e-05
-2.87595685705669,2.94772000200903e-05
-2.87236639905786,2.95831873457019e-05
-2.86877594105904,2.95645090062431e-05
-2.86518548306022,2.96353749663009e-05
-2.8615950250614,2.96202827655973e-05
-2.85800456706257,2.9692401194092e-05
-2.85441410906375,2.96882271079842e-05
-2.85082365106493,2.97712035291335e-05
-2.84723319306611,2.97494426993469e-05
-2.84364273506729,2.96915432271535e-05
-2.84005227706846,2.98428540254861e-05
-2.83646181906964,2.97927202417292e-05
-2.83287136107082,2.98133738569039e-05
-2.829280903072,2.98527557397257e-05
-2.82569044507317,2.9901296341225e-05
-2.82209998707435,2.99143687818287e-05
-2.81850952907553,2.98978257935099e-05
-2.81491907107671,2.99542413493728e-05
-2.81132861307788,3.00152190607678e-05
-2.80773815507906,3.00346144273536e-05
-2.80414769708024,3.00506121177829e-05
-2.80055723908142,3.00565699052417e-05
-2.7969667810826,3.01657553680677e-05
-2.79337632308377,3.0147441673808e-05
-2.78978586508495,3.01490601569062e-05
-2.78619540708613,3.02204168723137e-05
-2.78260494908731,3.02319593353257e-05
-2.77901449108848,3.01998307564685e-05
-2.77542403308966,3.02795303020611e-05
-2.77183357509084,3.02933056752608e-05
-2.76824311709202,3.02867448768389e-05
-2.76465265909319,3.03009235149633e-05
-2.76106220109437,3.04160946617551e-05
-2.75747174309555,3.03970668595289e-05
-2.75388128509673,3.04317386499944e-05
-2.7502908270979,3.04899036164752e-05
-2.74670036909908,3.04771693778054e-05
-2.74310991110026,3.05522906228588e-05
-2.73951945310144,3.05408411683812e-05
-2.73592899510262,3.06018345368601e-05
-2.73233853710379,3.06398750544883e-05
-2.72874807910497,3.06266965959708e-05
-2.72515762110615,3.06495713059458e-05
-2.72156716310733,3.07626849416399e-05
-2.7179767051085,3.07270487877267e-05
-2.71438624710968,3.07875932638805e-05
-2.71079578911086,3.07727666788972e-05
-2.70720533111204,3.0780648501874e-05
-2.70361487311321,3.08266059551778e-05
-2.70002441511439,3.08684406593158e-05
-2.69643395711557,3.09143068777709e-05
-2.69284349911675,3.0936775459528e-05
-2.68925304111792,3.0985844293319e-05
-2.6856625831191,3.10343942499998e-05
-2.68207212512028,3.10054657252934e-05
-2.67848166712146,3.10832664638125e-05
-2.67489120912264,3.11104659431444e-05
-2.67130075112381,3.11044202207911e-05
-2.66771029312499,3.11954671899838e-05
-2.66411983512617,3.11653709209774e-05
-2.66052937712735,3.12001391610845e-05
-2.65693891912852,3.13218446397396e-05
-2.6533484611297,3.1205926030857e-05
-2.64975800313088,3.12912829440703e-05
-2.64616754513206,3.12956837740132e-05
-2.64257708713324,3.13579150892886e-05
-2.63898662913441,3.14069449657071e-05
-2.63539617113559,3.14016797402227e-05
-2.63180571313677,3.14277216562598e-05
-2.62821525513795,3.15055310421803e-05
-2.62462479713912,3.15388775804341e-05
-2.6210343391403,3.15994600834551e-05
-2.61744388114148,3.15754134497416e-05
-2.61385342314266,3.16586924452972e-05
-2.61026296514383,3.16640431715046e-05
-2.60667250714501,3.16570650803607e-05
-2.60308204914619,3.16801037414215e-05
-2.59949159114737,3.17525101643797e-05
-2.59590113314854,3.18118437774968e-05
-2.59231067514972,3.18272662035513e-05
-2.5887202171509,3.18377427143857e-05
-2.58512975915208,3.18999577702545e-05
-2.58153930115326,3.19391946571073e-05
-2.57794884315443,3.18668493083279e-05
-2.57435838515561,3.1981832166672e-05
-2.57076792715679,3.1986235168561e-05
-2.56717746915797,3.20139130640641e-05
-2.56358701115914,3.20866999476858e-05
-2.55999655316032,3.21330828723854e-05
-2.5564060951615,3.20974060063965e-05
-2.55281563716268,3.22051819296915e-05
-2.54922517916385,3.22150440111592e-05
-2.54563472116503,3.22772758290528e-05
-2.54204426316621,3.22845263058767e-05
-2.53845380516739,3.23585803340383e-05
-2.53486334716857,3.2349062557116e-05
-2.53127288916974,3.23823236445394e-05
-2.52768243117092,3.23568901683262e-05
-2.5240919731721,3.24486464036134e-05
-2.52050151517328,3.24715179262597e-05
-2.51691105717445,3.25251048971554e-05
-2.51332059917563,3.24857595725182e-05
-2.50973014117681,3.24996427745419e-05
-2.50613968317799,3.25906018412236e-05
-2.50254922517916,3.26178833315673e-05
-2.49895876718034,3.26252348984538e-05
-2.49536830918152,3.26672095480213e-05
-2.4917778511827,3.27027870498597e-05
-2.48818739318387,3.27422110969565e-05
-2.48459693518505,3.28613563159674e-05
-2.48100647718623,3.28816858649928e-05
-2.47741601918741,3.28749313298647e-05
-2.47382556118859,3.28891616511088e-05
-2.47023510318976,3.29759785690711e-05
-2.46664464519094,3.29517447319417e-05
-2.46305418719212,3.29976985076656e-05
-2.4594637291933,3.30554778579867e-05
-2.45587327119447,3.30680193912623e-05
-2.45228281319565,3.30819127642296e-05
-2.44869235519683,3.31411486888118e-05
-2.44510189719801,3.31526551148589e-05
-2.44151143919918,3.31825724807004e-05
-2.43792098120036,3.32274722120343e-05
-2.43433052320154,3.32066032281537e-05
-2.43074006520272,3.33450580726533e-05
-2.4271496072039,3.33562198426416e-05
-2.42355914920507,3.34190390190966e-05
-2.41996869120625,3.3427163746493e-05
-2.41637823320743,3.34595800534012e-05
-2.41278777520861,3.35416572330525e-05
-2.40919731720978,3.3551074224885e-05
-2.40560685921096,3.35527564933145e-05
-2.40201640121214,3.35734089884689e-05
-2.39842594321332,3.36007287292614e-05
-2.39483548521449,3.3637352607311e-05
-2.39124502721567,3.36690241234424e-05
-2.38765456921685,3.37077595167999e-05
-2.38406411121803,3.3753595496744e-05
-2.38047365321921,3.38384225098541e-05
-2.37688319522038,3.38073480296051e-05
-2.37329273722156,3.38853856444428e-05
-2.36970227922274,3.39443159449116e-05
-2.36611182122392,3.39297749702973e-05
-2.36252136322509,3.39914677250048e-05
-2.35893090522627,3.40227282776045e-05
-2.35534044722745,3.40291478504358e-05
-2.35174998922863,3.41103892515948e-05
-2.3481595312298,3.41238323936592e-05
-2.34456907323098,3.41756689623063e-05
-2.34097861523216,3.42102108197163e-05
-2.33738815723334,3.42538241781191e-05
-2.33379769923451,3.42842826642738e-05
-2.33020724123569,3.42937956724938e-05
-2.32661678323687,3.43252646864877e-05
-2.32302632523805,3.43732352831801e-05
-2.31943586723923,3.43878987489051e-05
-2.3158454092404,3.44239738640478e-05
-2.31225495124158,3.44702982317967e-05
-2.30866449324276,3.4516064522252e-05
-2.30507403524394,3.45478797448855e-05
-2.30148357724511,3.46095358415599e-05
-2.29789311924629,3.46563152088918e-05
-2.29430266124747,3.46708241444248e-05
-2.29071220324865,3.47122193696151e-05
-2.28712174524982,3.478911454252e-05
-2.283531287251,3.47667139085943e-05
-2.27994082925218,3.48363668727002e-05
-2.27635037125336,3.48994648167099e-05
-2.27275991325454,3.49210679453566e-05
-2.26916945525571,3.49693106071251e-05
-2.26557899725689,3.49725966682955e-05
-2.26198853925807,3.50419354140395e-05
-2.25839808125925,3.51168970154116e-05
-2.25480762326042,3.50612352222654e-05
-2.2512171652616,3.51567838437528e-05
-2.24762670726278,3.51459881060915e-05
-2.24403624926396,3.5212663391156e-05
-2.24044579126513,3.52593179462972e-05
-2.23685533326631,3.52824489790586e-05
-2.23326487526749,3.53364522208989e-05
-2.22967441726867,3.54298524963057e-05
-2.22608395926984,3.53954223949288e-05
-2.22249350127102,3.54844959411221e-05
-2.2189030432722,3.54777600357121e-05
-2.21531258527338,3.56356527783673e-05
-2.21172212727456,3.55716366109437e-05
-2.20813166927573,3.56029570061758e-05
-2.20454121127691,3.5719939035294e-05
-2.20095075327809,3.57095472671489e-05
-2.19736029527927,3.57265463322815e-05
-2.19376983728044,3.57737069437579e-05
-2.19017937928162,3.57680537642673e-05
-2.1865889212828,3.58203644995858e-05
-2.18299846328398,3.58765431539309e-05
-2.17940800528515,3.59569550499258e-05
-2.17581754728633,3.59464807827775e-05
-2.17222708928751,3.60005109282851e-05
-2.16863663128869,3.6084019301583e-05
-2.16504617328986,3.61441676388382e-05
-2.16145571529104,3.61665179421964e-05
-2.15786525729222,3.61194636888279e-05
-2.1542747992934,3.63610563045708e-05
-2.15068434129458,3.63886901863133e-05
-2.14709388329575,3.62052832301285e-05
-2.14350342529693,3.63937990234507e-05
-2.13991296729811,3.64764036770667e-05
-2.13632250929929,3.6425295347977e-05
-2.13273205130046,3.64707471569571e-05
-2.12914159330164,3.64209139981785e-05
-2.12555113530282,3.66062302063324e-05
-2.121960677304,3.65976726147704e-05
-2.11837021930517,3.65386637612437e-05
-2.11477976130635,3.66202475926601e-05
-2.11118930330753,3.68765628009458e-05
-2.10759884530871,3.67610332303314e-05
-2.10400838730989,3.67823383507674e-05
-2.10041792931106,3.68660591714991e-05
-2.09682747131224,3.69394169494763e-05
-2.09323701331342,3.70452789561696e-05
-2.0896465553146,3.70901285762516e-05
-2.08605609731577,3.69183799308401e-05
-2.08246563931695,3.72526561755243e-05
-2.07887518131813,3.70962552106455e-05
-2.07528472331931,3.70993548912757e-05
-2.07169426532048,3.71943733659635e-05
-2.06810380732166,3.71583850615431e-05
-2.06451334932284,3.71073466136494e-05
-2.06092289132402,3.74397069406554e-05
-2.05733243332519,3.71578786359727e-05
-2.05374197532637,3.72642716585981e-05
-2.05015151732755,3.74058305519679e-05
-2.04656105932873,3.7539609388524e-05
-2.04297060132991,3.73637901957441e-05
-2.03938014333108,3.75759496768964e-05
-2.03578968533226,3.75174267535247e-05
-2.03219922733344,3.79632286343105e-05
-2.02860876933462,3.7756564733616e-05
-2.02501831133579,3.74589295217824e-05
-2.02142785333697,3.79320831884105e-05
-2.01783739533815,3.81865631067256e-05
-2.01424693733933,3.76317498251705e-05
-2.01065647934051,3.79416312380333e-05
-2.00706602134168,3.78885678149162e-05
-2.00347556334286,3.81393004357439e-05
-1.99988510534404,3.78767015962069e-05
-1.99629464734522,3.79111127035253e-05
-1.99270418934639,3.81699576223819e-05
-1.98911373134757,3.84680064359988e-05
-1.98552327334875,3.81245184148019e-05
-1.98193281534993,3.82473820255025e-05
-1.9783423573511,3.85719115916256e-05
-1.97475189935228,3.85985159876544e-05
-1.97116144135346,3.84866503110621e-05
-1.96757098335464,3.88243580987204e-05
-1.96398052535581,3.84630773527468e-05
-1.96039006735699,3.88591267720028e-05
-1.95679960935817,3.87143132776108e-05
-1.95320915135935,3.8582803791776e-05
-1.94961869336053,3.88039140514169e-05
-1.9460282353617,3.88356654835731e-05
-1.94243777736288,3.87412713251368e-05
-1.93884731936406,3.89677212289544e-05
-1.93525686136524,3.87693155242761e-05
-1.93166640336641,3.89395656273006e-05
-1.92807594536759,3.90839258782966e-05
-1.92448548736877,3.91241936404698e-05
-1.92089502936995,3.89335450469678e-05
-1.91730457137112,3.92715078357695e-05
-1.9137141133723,3.93054345832388e-05
-1.91012365537348,3.92407647246641e-05
-1.90653319737466,3.92817221738936e-05
-1.90294273937583,3.92072569406382e-05
-1.89935228137701,3.94807973724728e-05
-1.89576182337819,3.95813700202167e-05
-1.89217136537937,3.91942780314489e-05
-1.88858090738055,3.95777904260468e-05
-1.88499044938172,3.96539195535888e-05
-1.8813999913829,3.95528842848167e-05
-1.87780953338408,3.96144623012821e-05
-1.87421907538526,3.96310622226573e-05
-1.87062861738643,3.98718643451252e-05
-1.86703815938761,3.98524280261591e-05
-1.86344770138879,3.97813618212539e-05
-1.85985724338997,3.99446530797056e-05
-1.85626678539114,4.01333828093246e-05
-1.85267632739232,4.01626988622558e-05
-1.8490858693935,4.00637876672473e-05
-1.84549541139468,4.01839922313779e-05
-1.84190495339586,4.02933910759362e-05
-1.83831449539703,4.02750098492754e-05
-1.83472403739821,4.04080279931183e-05
-1.83113357939939,4.02989217621049e-05
-1.82754312140057,4.04677991175313e-05
-1.82395266340174,4.05178233485509e-05
-1.82036220540292,4.04981750098627e-05
-1.8167717474041,4.05405719071343e-05
-1.81318128940528,4.06022762675674e-05
-1.80959083140645,4.07041010283465e-05
-1.80600037340763,4.07224540000608e-05
-1.80240991540881,4.07147864800572e-05
-1.79881945740999,4.08921147085521e-05
-1.79522899941117,4.08351963713979e-05
-1.79163854141234,4.09914801991984e-05
-1.78804808341352,4.09088514835535e-05
-1.7844576254147,4.10481802051698e-05
-1.78086716741588,4.11055431299258e-05
-1.77727670941705,4.11946166261437e-05
-1.77368625141823,4.12461426622927e-05
-1.77009579341941,4.12739091142633e-05
-1.76650533542059,4.13196175763511e-05
-1.76291487742176,4.14520351785662e-05
-1.75932441942294,4.14155795840034e-05
-1.75573396142412,4.1496280687416e-05
-1.7521435034253,4.15070993988022e-05
-1.74855304542647,4.16054911292025e-05
-1.74496258742765,4.1593027579062e-05
-1.74137212942883,4.16404506961888e-05
-1.73778167143001,4.17270942289896e-05
-1.73419121343119,4.17483071523581e-05
-1.73060075543236,4.18484048045966e-05
-1.72701029743354,4.19450054911322e-05
-1.72341983943472,4.20022681838352e-05
-1.7198293814359,4.19958102500424e-05
-1.71623892343707,4.20691894241512e-05
-1.71264846543825,4.21210098011806e-05
-1.70905800743943,4.2144986926936e-05
-1.70546754944061,4.22417530475601e-05
-1.70187709144178,4.23621468532971e-05
-1.69828663344296,4.24020095262161e-05
-1.69469617544414,4.24203377664896e-05
-1.69110571744532,4.25032229499174e-05
-1.6875152594465,4.24951698904435e-05
-1.68392480144767,4.26068931795084e-05
-1.68033434344885,4.2696788154511e-05
-1.67674388545003,4.26669357934662e-05
-1.67315342745121,4.28038835294578e-05
-1.66956296945238,4.28542494727214e-05
-1.66597251145356,4.28164408225623e-05
-1.66238205345474,4.29409141433202e-05
-1.65879159545592,4.29669597802151e-05
-1.65520113745709,4.30118752211504e-05
-1.65161067945827,4.3125388215534e-05
-1.64802022145945,4.307849641138e-05
-1.64442976346063,4.32553648229213e-05
-1.6408393054618,4.32494269986467e-05
-1.63724884746298,4.33110949037421e-05
-1.63365838946416,4.34469765453277e-05
-1.63006793146534,4.34161961171971e-05
-1.62647747346652,4.35049384344744e-05
-1.62288701546769,4.36890120325443e-05
-1.61929655746887,4.35570433110757e-05
-1.61570609947005,4.37808842154574e-05
-1.61211564147123,4.37458265124198e-05
-1.6085251834724,4.37836113112783e-05
-1.60493472547358,4.38622089401824e-05
-1.60134426747476,4.40246854936716e-05
-1.59775380947594,4.40413317715485e-05
-1.59416335147711,4.40884837190751e-05
-1.59057289347829,4.41890150256492e-05
-1.58698243547947,4.40843676471641e-05
-1.58339197748065,4.41880965837497e-05
-1.57980151948183,4.42429460583948e-05
-1.576211061483,4.4389718984638e-05
-1.57262060348418,4.44275331384225e-05
-1.56903014548536,4.44978398221998e-05
-1.56543968748654,4.45943833816283e-05
-1.56184922948771,4.46891571501799e-05
-1.55825877148889,4.45844187177445e-05
-1.55466831349007,4.47605769156248e-05
-1.55107785549125,4.49226688172214e-05
-1.54748739749242,4.48161907799003e-05
-1.5438969394936,4.49528194885483e-05
-1.54030648149478,4.5004070586991e-05
-1.53671602349596,4.51453366359415e-05
-1.53312556549713,4.49774706664871e-05
-1.52953510749831,4.50749183218258e-05
-1.52594464949949,4.53037612210599e-05
-1.52235419150067,4.53294047645875e-05
-1.51876373350185,4.53520824219179e-05
-1.51517327550302,4.5428577312794e-05
-1.5115828175042,4.55683228624492e-05
-1.50799235950538,4.56051404305287e-05
-1.50440190150656,4.56844423911177e-05
-1.50081144350773,4.5889753042282e-05
-1.49722098550891,4.5842659504856e-05
-1.49363052751009,4.58717932272251e-05
-1.49004006951127,4.58391182658133e-05
-1.48644961151244,4.59369229395863e-05
-1.48285915351362,4.59886713491714e-05
-1.4792686955148,4.61922783390375e-05
-1.47567823751598,4.61432003142184e-05
-1.47208777951716,4.60847993556425e-05
-1.46849732151833,4.63389039788175e-05
-1.46490686351951,4.63675227235704e-05
-1.46131640552069,4.64267645845672e-05
-1.45772594752187,4.6528583366891e-05
-1.45413548952304,4.67160412938933e-05
-1.45054503152422,4.67315104361681e-05
-1.4469545735254,4.67291883914549e-05
-1.44336411552658,4.68757172916112e-05
-1.43977365752775,4.68499598018945e-05
-1.43618319952893,4.70088215246294e-05
-1.43259274153011,4.70699988845393e-05
-1.42900228353129,4.70200840260656e-05
-1.42541182553247,4.72110682149964e-05
-1.42182136753364,4.7270464088413e-05
-1.41823090953482,4.72403627824189e-05
-1.414640451536,4.71979808477373e-05
-1.41104999353718,4.73444599314919e-05
-1.40745953553835,4.73831986191536e-05
-1.40386907753953,4.75348037114441e-05
-1.40027861954071,4.77076701870955e-05
-1.39668816154189,4.77094246347263e-05
-1.39309770354306,4.77991926345114e-05
-1.38950724554424,4.79142805690361e-05
-1.38591678754542,4.7934797413364e-05
-1.3823263295466,4.80809079917657e-05
-1.37873587154777,4.8103145432591e-05
-1.37514541354895,4.81014814837903e-05
-1.37155495555013,4.82262944517596e-05
-1.36796449755131,4.82766261250278e-05
-1.36437403955249,4.83850140569962e-05
-1.36078358155366,4.84185328777262e-05
-1.35719312355484,4.84089834110532e-05
-1.35360266555602,4.85724780377242e-05
-1.3500122075572,4.86079070112957e-05
-1.34642174955837,4.88028324226542e-05
-1.34283129155955,4.8795515898542e-05
-1.33924083356073,4.89150410768231e-05
-1.33565037556191,4.90320440299542e-05
-1.33205991756308,4.90391984708405e-05
-1.32846945956426,4.91376516919209e-05
-1.32487900156544,4.92449753457575e-05
-1.32128854356662,4.92216001882756e-05
-1.3176980855678,4.93287720419238e-05
-1.31410762756897,4.93916294823759e-05
-1.31051716957015,4.94706673662847e-05
-1.30692671157133,4.9571017460329e-05
-1.30333625357251,4.96004372226096e-05
-1.29974579557368,4.98026161569833e-05
-1.29615533757486,4.97631589619268e-05
-1.29256487957604,4.98525371994062e-05
-1.28897442157722,4.99786073438156e-05
-1.28538396357839,5.00514611695278e-05
-1.28179350557957,5.01318098536359e-05
-1.27820304758075,5.02208665757336e-05
-1.27461258958193,5.02924301992054e-05
-1.2710221315831,5.04016083537123e-05
-1.26743167358428,5.04400627665937e-05
-1.26384121558546,5.05209801976555e-05
-1.26025075758664,5.06060001513703e-05
-1.25666029958782,5.07089432063592e-05
-1.25306984158899,5.07624184393628e-05
-1.24947938359017,5.08183395662537e-05
-1.24588892559135,5.0967371785024e-05
-1.24229846759253,5.10195608927042e-05
-1.2387080095937,5.11329576689897e-05
-1.23511755159488,5.11194926929989e-05
-1.23152709359606,5.12366981484611e-05
-1.22793663559724,5.14643309537276e-05
-1.22434617759841,5.14634517951963e-05
-1.22075571959959,5.14524123170271e-05
-1.21716526160077,5.16577774571378e-05
-1.21357480360195,5.17471700543875e-05
-1.20998434560313,5.18769035647545e-05
-1.2063938876043,5.1739176794037e-05
-1.20280342960548,5.19221421086923e-05
-1.19921297160666,5.22512684977753e-05
-1.19562251360784,5.21065460919029e-05
-1.19203205560901,5.21437970781128e-05
-1.18844159761019,5.2334170922624e-05
-1.18485113961137,5.2446363195958e-05
-1.18126068161255,5.25531200055125e-05
-1.17767022361372,5.24549503039815e-05
-1.1740797656149,5.27061777078128e-05
-1.17048930761608,5.26278464831988e-05
-1.16689884961726,5.28893980320307e-05
-1.16330839161844,5.27166472057832e-05
-1.15971793361961,5.27250033923726e-05
-1.15612747562079,5.30982561824381e-05
-1.15253701762197,5.28808741985027e-05
-1.14894655962315,5.32781781566213e-05
-1.14535610162432,5.32281188272187e-05
-1.1417656436255,5.29987455544388e-05
-1.13817518562668,5.39592933717148e-05
-1.13458472762786,5.3707141378965e-05
-1.13099426962903,5.33926837983761e-05
-1.12740381163021,5.3979800927163e-05
-1.12381335363139,5.40897380659068e-05
-1.12022289563257,5.45535779518232e-05
-1.11663243763374,5.3873554095372e-05
-1.11304197963492,5.39575954532638e-05
-1.1094515216361,5.46192297054837e-05
-1.10586106363728,5.49922937176291e-05
-1.10227060563846,5.38095335381811e-05
-1.09868014763963,5.41670606859228e-05
-1.09508968964081,5.53592395481016e-05
-1.09149923164199,5.47694974945527e-05
-1.08790877364317,5.422011570858e-05
-1.08431831564434,5.51818183816121e-05
-1.08072785764552,5.48970806892381e-05
-1.0771373996467,5.61558102316346e-05
-1.07354694164788,5.47592591173583e-05
-1.06995648364905,5.51248713557017e-05
-1.06636602565023,5.64963320431018e-05
-1.06277556765141,5.59420688868907e-05
-1.05918510965259,5.51433735465923e-05
-1.05559465165377,5.62938070074903e-05
-1.05200419365494,5.56845112995699e-05
-1.04841373565612,5.61223523146061e-05
-1.0448232776573,5.56172383428387e-05
-1.04123281965848,5.58881038656839e-05
-1.03764236165965,5.5316821159724e-05
-1.03405190366083,5.67593597743806e-05
-1.03046144566201,5.55087476397593e-05
-1.02687098766319,5.6155183499203e-05
-1.02328052966436,5.63147386308727e-05
-1.01969007166554,5.61411789943586e-05
-1.01609961366672,5.71133423541266e-05
-1.0125091556679,5.73724737812326e-05
-1.00891869766907,5.53549328790067e-05
-1.00532823967025,5.8250119478086e-05
-1.00173778167143,5.74812787525958e-05
-0.998147323672608,5.71310526265358e-05
-0.994556865673785,5.66847871445764e-05
-0.990966407674963,5.7682084046265e-05
-0.987375949676141,5.78512512288611e-05
-0.983785491677318,5.78280590464138e-05
-0.980195033678496,5.62834989139373e-05
-0.976604575679674,5.80220545060486e-05
-0.973014117680852,5.88566939552731e-05
-0.969423659682029,5.78794063543488e-05
-0.965833201683207,5.66621543217176e-05
-0.962242743684384,5.97419074407562e-05
-0.958652285685562,5.87254558416243e-05
-0.95506182768674,5.89202961740621e-05
-0.951471369687917,5.85850857006519e-05
-0.947880911689095,5.91049107816258e-05
-0.944290453690273,6.0301690808415e-05
-0.940699995691451,5.96061347476908e-05
-0.937109537692628,5.82804206970103e-05
-0.933519079693806,6.04657692890814e-05
-0.929928621694984,5.96416445472489e-05
-0.926338163696161,5.96115857970708e-05
-0.922747705697339,5.93303431779749e-05
-0.919157247698516,5.98378991984487e-05
-0.915566789699694,5.96658631614389e-05
-0.911976331700872,6.02065978691952e-05
-0.90838587370205,5.9696600076271e-05
-0.904795415703227,5.97336296949229e-05
-0.901204957704405,6.0648095153926e-05
-0.897614499705583,6.05515349168553e-05
-0.89402404170676,6.05016898519716e-05
-0.890433583707938,6.08883446884309e-05
-0.886843125709115,6.01728993295258e-05
-0.883252667710293,6.16088548145509e-05
-0.879662209711471,6.12162557640887e-05
-0.876071751712649,6.02908621365794e-05
-0.872481293713826,6.13124361303081e-05
-0.868890835715004,6.14205222474024e-05
-0.865300377716182,6.13436402127445e-05
-0.861709919717359,6.08509197875781e-05
-0.858119461718537,6.12870850539797e-05
-0.854529003719715,6.20295990879247e-05
-0.850938545720892,6.19029965164368e-05
-0.84734808772207,6.15417582488074e-05
-0.843757629723248,6.1859733622364e-05
-0.840167171724425,6.27697292463166e-05
-0.836576713725603,6.27042694014381e-05
-0.832986255726781,6.20628135635806e-05
-0.829395797727958,6.30593520100627e-05
-0.825805339729136,6.29159869530598e-05
-0.822214881730314,6.32849751973879e-05
-0.818624423731491,6.31163583423706e-05
-0.815033965732669,6.29951703642265e-05
-0.811443507733847,6.36387626406055e-05
-0.807853049735024,6.36826778134282e-05
-0.804262591736202,6.33644531838173e-05
-0.80067213373738,6.36740301658475e-05
-0.797081675738557,6.37613912414883e-05
-0.793491217739735,6.43371002129992e-05
-0.789900759740913,6.3927443772316e-05
-0.78631030174209,6.42197019083995e-05
-0.782719843743268,6.44147026904906e-05
-0.779129385744446,6.4622992699759e-05
-0.775538927745623,6.46484771779003e-05
-0.771948469746801,6.45182610070309e-05
-0.768358011747979,6.48272529985726e-05
-0.764767553749156,6.51377839898645e-05
-0.761177095750334,6.50823143364847e-05
-0.757586637751512,6.53494995161146e-05
-0.753996179752689,6.5556659781755e-05
-0.750405721753867,6.57506360114651e-05
-0.746815263755045,6.58379378693377e-05
-0.743224805756222,6.58824827407307e-05
-0.7396343477574,6.5979986629998e-05
-0.736043889758578,6.6204640813647e-05
-0.732453431759755,6.64399973395972e-05
-0.728862973760933,6.6405070745451e-05
-0.725272515762111,6.64505276673432e-05
-0.721682057763288,6.6760810222842e-05
-0.718091599764466,6.68102366464649e-05
-0.714501141765644,6.70556302838364e-05
-0.710910683766821,6.72618193421375e-05
-0.707320225767999,6.719152788477e-05
-0.703729767769177,6.74021999592585e-05
-0.700139309770354,6.74906421313582e-05
-0.696548851771532,6.78268552320553e-05
-0.69295839377271,6.77595312052457e-05
-0.689367935773887,6.82430478766516e-05
-0.685777477775065,6.82491302053948e-05
-0.682187019776243,6.84801860423306e-05
-0.67859656177742,6.85609035291614e-05
-0.675006103778598,6.87173019773485e-05
-0.671415645779776,6.8618019227456e-05
-0.667825187780953,6.94007466960955e-05
-0.664234729782131,6.91252184142788e-05
-0.660644271783309,6.94107733252165e-05
-0.657053813784486,6.96187963986995e-05
-0.653463355785664,6.97487517898013e-05
-0.649872897786842,6.99522588188071e-05
-0.646282439788019,6.96698950341334e-05
-0.642691981789197,6.98001820712569e-05
-0.639101523790375,7.0230960721111e-05
-0.635511065791552,7.03691694129144e-05
-0.63192060779273,7.0074821485584e-05
-0.628330149793908,7.02753773982383e-05
-0.624739691795085,7.07874759565892e-05
-0.621149233796263,7.08214482368538e-05
-0.617558775797441,7.08644236366697e-05
-0.613968317798618,7.11693260035023e-05
-0.610377859799796,7.15292227613123e-05
-0.606787401800974,7.169920063661e-05
-0.603196943802151,7.16815194981051e-05
-0.599606485803329,7.1832776920934e-05
-0.596016027804507,7.30381822652838e-05
-0.592425569805685,7.24227263460087e-05
-0.588835111806862,7.27438120288387e-05
-0.58524465380804,7.33729485064184e-05
-0.581654195809218,7.36315534067938e-05
-0.578063737810395,7.34741916341915e-05
-0.574473279811573,7.36095496803823e-05
-0.57088282181275,7.39590260424767e-05
-0.567292363813928,7.38375819556299e-05
-0.563701905815106,7.38264778755362e-05
-0.560111447816284,7.32904297057269e-05
-0.556520989817461,7.38799426911451e-05
-0.552930531818639,7.4133785034525e-05
-0.549340073819817,7.36668975810421e-05
-0.545749615820994,7.40501780194023e-05
-0.542159157822172,7.42994038242357e-05
-0.53856869982335,7.54263051513341e-05
-0.534978241824527,7.53526029800898e-05
-0.531387783825705,7.54591442491081e-05
-0.527797325826883,7.57450755257833e-05
-0.52420686782806,7.55186422871659e-05
-0.520616409829238,7.62842732253785e-05
-0.517025951830416,7.63881014070843e-05
-0.513435493831593,7.66020169219297e-05
-0.509845035832771,7.6595218256448e-05
-0.506254577833949,7.6636072439108e-05
-0.502664119835126,7.70408045172927e-05
-0.499073661836304,7.70644154333155e-05
-0.495483203837482,7.80026793342198e-05
-0.491892745838659,7.62299687940996e-05
-0.488302287839837,7.75578572027404e-05
-0.484711829841015,7.83405666617451e-05
-0.481121371842192,7.80227068657689e-05
-0.47753091384337,7.87047654431125e-05
-0.473940455844548,7.65624194100853e-05
-0.470349997845725,7.89077254398593e-05
-0.466759539846903,7.89117539502282e-05
-0.463169081848081,7.80007479146691e-05
-0.459578623849258,7.65475972848111e-05
-0.455988165850436,7.89621579005709e-05
-0.452397707851614,7.89173858454046e-05
-0.448807249852791,8.04882230769849e-05
-0.445216791853969,7.94333242774021e-05
-0.441626333855147,7.77011479087255e-05
-0.438035875856324,8.15465260804701e-05
-0.434445417857502,8.11435003377915e-05
-0.43085495985868,8.12133354717592e-05
-0.427264501859857,8.12440384598724e-05
-0.423674043861035,8.39906393350715e-05
-0.420083585862213,8.26703408779061e-05
-0.41649312786339,8.12621753409271e-05
-0.412902669864568,8.2227020250232e-05
-0.409312211865746,8.39482391032584e-05
-0.405721753866923,8.26294924590407e-05
-0.402131295868101,8.29179163795803e-05
-0.398540837869279,8.54167697225011e-05
-0.394950379870456,8.51230038157624e-05
-0.391359921871634,8.395292498643e-05
-0.387769463872812,8.36865612204629e-05
-0.384179005873989,8.41581476564128e-05
-0.380588547875167,8.17882821842552e-05
-0.376998089876345,8.51501545959932e-05
-0.373407631877522,8.66514254218976e-05
-0.3698171738787,8.5298323492488e-05
-0.366226715879878,8.60931290887773e-05
-0.362636257881055,8.64414640941208e-05
-0.359045799882233,8.40178188060378e-05
-0.355455341883411,8.74622779145499e-05
-0.351864883884588,8.67285486834314e-05
-0.348274425885766,8.63746540139919e-05
-0.344683967886944,8.79818017198296e-05
-0.341093509888121,8.55116824271833e-05
-0.337503051889299,8.99200329828025e-05
-0.333912593890477,9.13176026491796e-05
-0.330322135891654,8.64517617575542e-05
-0.326731677892832,9.27167534130455e-05
-0.32314121989401,9.31464728148765e-05
-0.319550761895187,8.87026576165232e-05
-0.315960303896365,9.37891892462065e-05
-0.312369845897543,9.31187889619382e-05
-0.30877938789872,8.93648128098427e-05
-0.305188929899898,8.97331263983965e-05
-0.301598471901076,8.83149944164376e-05
-0.298008013902253,9.13733485574197e-05
-0.294417555903431,9.35054810794068e-05
-0.290827097904609,9.10472174417106e-05
-0.287236639905786,8.91786013149951e-05
-0.283646181906964,9.2285313409396e-05
-0.280055723908142,9.05250027742578e-05
-0.276465265909319,9.13354945042504e-05
-0.272874807910497,9.79837586115086e-05
-0.269284349911675,9.98476605823273e-05
-0.265693891912852,9.36842024162137e-05
-0.26210343391403,9.67213107225857e-05
-0.258512975915208,9.70622663302177e-05
-0.254922517916385,9.54057233696021e-05
-0.251332059917563,0.000101518312258697
-0.247741601918741,9.70644475442365e-05
-0.244151143919918,9.93830471553818e-05
-0.240560685921096,9.15930349679802e-05
-0.236970227922274,0.00010527892679831
-0.233379769923451,9.76946219569252e-05
-0.229789311924629,9.15153680122055e-05
-0.226198853925807,0.000109099512721649
-0.222608395926984,0.000109331916449389
-0.219017937928162,9.58576907893028e-05
-0.21542747992934,0.000104701784855165
-0.211837021930517,0.000104319046527206
-0.208246563931695,0.000112725328250763
-0.204656105932873,9.58504759150453e-05
-0.20106564793405,9.38390704390155e-05
-0.197475189935228,9.98114714222688e-05
-0.193884731936406,9.34072126571201e-05
-0.190294273937583,8.91020521489059e-05
-0.186703815938761,0.000102845932145009
-0.183113357939939,0.000102903704471095
-0.179522899941117,0.000107338723096182
-0.175932441942294,0.000119036229711035
-0.172341983943472,0.000110730520296357
-0.16875152594465,0.000116060357861441
-0.165161067945827,0.000126978089985379
-0.161570609947005,0.000124635086724915
-0.157980151948183,0.000101454728352374
-0.15438969394936,0.000110653075655172
-0.150799235950538,0.000116053273859739
-0.147208777951716,7.08853144523914e-05
-0.143618319952893,9.05223287706208e-05
-0.140027861954071,0.0001097529581987
-0.136437403955249,0.000127225743498807
-0.132846945956426,8.24262550158796e-05
-0.129256487957604,8.20430998100435e-05
-0.125666029958782,6.39241656587378e-05
-0.122075571959959,0.000134777051081153
-0.118485113961137,6.72781055244722e-05
-0.114894655962315,8.83161239775072e-05
-0.111304197963492,0.000122382020496652
-0.10771373996467,0.000146470277015363
-0.104123281965848,9.1774424155981e-05
-0.100532823967025,0.000228853227068739
-0.0969423659682029,0.000188780903481527
-0.0933519079693806,0.00017972326227078
-0.0897614499705583,0.000277363421064915
-0.0861709919717359,0.000117986072234177
-0.0825805339729136,1.65101806076043e-05
-0.0789900759740913,0.00031948573802747
-0.0753996179752689,0.000101447342606022
-0.0718091599764466,0.000225947595747283
-0.0682187019776243,0.000252502351247646
-0.0646282439788019,0.000452783911144172
-0.0610377859799796,0.000480388066896545
-0.0574473279811573,0.000230255526030277
-0.053856869982335,0.00040003971163484
-0.0502664119835126,0.00116791264414038
-0.0466759539846903,0.000575597578075946
-0.043085495985868,0.000930466370863893
-0.0394950379870456,0.00038428667038598
-0.0359045799882233,0.00151784045183634
-0.032314121989401,0.000771314259516745
-0.0287236639905786,0.00113567720895055
-0.0251332059917563,0.000392842820183657
-0.021542747992934,0.00173617665972658
-0.0179522899941117,0.00292777649078873
-0.0143618319952893,0.00934278674228674
-0.010771373996467,0.0157897597598117
-0.00718091599764466,0.0164532661301695
-0.00359045799882233,0.0211069203954283
0,0.0278996569780588
0.00359045799882233,0.01942443226092
0.00718091599764466,0.00440878068286821
0.010771373996467,0.00168268700782584
0.0143618319952893,0.00227076806107895
0.0179522899941117,0.00352579626619978
0.021542747992934,0.00310964038628646
0.0251332059917563,0.00114292303069603
0.0287236639905786,0.0013541433697034
0.032314121989401,0.000676269705212639
0.0359045799882233,0.00246200513226046
0.0394950379870456,0.00034419546756932
0.043085495985868,0.00131866951515233
0.0466759539846903,0.00108391128610206
0.0502664119835126,0.00107000070549348
0.053856869982335,0.000305840392215137
0.0574473279811573,0.000254470435333997
0.0610377859799796,0.00054403632219607
0.0646282439788019,0.000618939387290237
0.0682187019776243,0.0002310931559824
0.0718091599764466,0.000626831449633656
0.0753996179752689,4.60977509272667e-05
0.0789900759740913,7.78043298248745e-05
0.0825805339729136,0.00016113089641473
0.0861709919717359,0.000345549444339988
0.0897614499705583,0.000114614219586465
0.0933519079693806,0.000154686214112517
0.0969423659682029,0.000127154803920953
0.100532823967025,0.000193505678940617
0.104123281965848,9.00205720407398e-05
0.10771373996467,0.000199525154919714
0.111304197963492,0.000113163680997356
0.114894655962315,0.000231030870398776
0.118485113961137,8.57289158250956e-05
0.122075571959959,9.2431374430199e-05
0.125666029958782,0.000199593156905886
0.129256487957604,0.000199255813071675
0.132846945956426,0.000214079285928926
0.136437403955249,0.000186435480216926
0.140027861954071,0.000139070013371317
0.143618319952893,0.000230557244229091
0.147208777951716,0.000124225999887407
0.150799235950538,0.000210230831361774
0.15438969394936,0.000173464229253186
0.157980151948183,0.000145049851640657
0.161570609947005,0.000188475359162087
0.165161067945827,0.000179526447483056
0.16875152594465,0.000145385052380179
0.172341983943472,0.00016282230067392
0.175932441942294,0.000208388943531604
0.179522899941117,0.0001675397097997
0.183113357939939,0.000163425028513108
0.186703815938761,0.000183873339463344
0.190294273937583,0.000172130411539449
0.193884731936406,0.000167577155116163
0.197475189935228,0.00016933110878525
0.20106564793405,0.000153664729169491
0.204656105932873,0.000176705991720125
0.208246563931695,0.000160220024191177
0.211837021930517,0.000148982498778221
0.21542747992934,0.000187801823298551
0.219017937928162,0.000161610949118866
0.222608395926984,0.000156948889886821
0.226198853925807,0.000151922279917781
0.229789311924629,0.0001708671459045
0.233379769923451,0.000163669040339106
0.236970227922274,0.000158304951630346
0.240560685921096,0.000168982455992451
0.244151143919918,0.000158992068839313
0.247741601918741,0.000155566663848839
0.251332059917563,0.000173397554086393
0.254922517916385,0.00014780943457677
0.258512975915208,0.000177808928982504
0.26210343391403,0.000150966105045777
0.265693891912852,0.000151577944511883
0.269284349911675,0.000168248175423496
0.272874807910497,0.000154553035868571
0.276465265909319,0.000166329698934182
0.280055723908142,0.000168706869535119
0.283646181906964,0.000167163741203165
0.287236639905786,0.000180398418885003
0.290827097904609,0.000169211725851255
0.294417555903431,0.000172546951268405
0.298008013902253,0.00016378016950061
0.301598471901076,0.000166335533734158
0.305188929899898,0.000176456579511332
0.30877938789872,0.000151928090028191
0.312369845897543,0.00016920176038052
0.315960303896365,0.00016470088612379
0.319550761895187,0.000161286586490935
0.32314121989401,0.000172935194302976
0.326731677892832,0.000161393908071688
0.330322135891654,0.000169751761731085
0.333912593890477,0.000177014154770766
0.337503051889299,0.000174952185071077
0.341093509888121,0.00017492601936742
0.344683967886944,0.000185489460102619
0.348274425885766,0.00017825663435972
0.351864883884588,0.000182956135114647
0.355455341883411,0.000171043895619465
0.359045799882233,0.000182520481157275
0.362636257881055,0.000175798582922031
0.366226715879878,0.000177227525284155
0.3698171738787,0.000182291375789367
0.373407631877522,0.000181423938121364
0.376998089876345,0.000191898919475398
0.380588547875167,0.000191767981787469
0.384179005873989,0.00019732508620203
0.387769463872812,0.000190456007793242
0.391359921871634,0.0001951575021844
0.394950379870456,0.000188791428207934
0.398540837869279,0.00018843012590971
0.402131295868101,0.000197975032530605
0.405721753866923,0.000191914052661316
0.409312211865746,0.00019736184052418
0.412902669864568,0.000193513988369901
0.41649312786339,0.000195519047102855
0.420083585862213,0.000193197096821175
0.423674043861035,0.000201602908151165
0.427264501859857,0.000195957258904094
0.43085495985868,0.000208059255384938
0.434445417857502,0.000191902863236045
0.438035875856324,0.000215157919081338
0.441626333855147,0.000209660937697246
0.445216791853969,0.000202214790072542
0.448807249852791,0.000212944632318427
0.452397707851614,0.000216901494731515
0.455988165850436,0.000220389890604585
0.459578623849258,0.000219171032782344
0.463169081848081,0.000213919891666753
0.466759539846903,0.000221998716156301
0.470349997845725,0.000228182408357072
0.473940455844548,0.000231243967494947
0.47753091384337,0.000219159177605754
0.481121371842192,0.000223671990434402
0.484711829841015,0.000230874597387311
0.488302287839837,0.000233171541243639
0.491892745838659,0.000223064402040034
0.495483203837482,0.000219673763974497
0.499073661836304,0.000223382105462264
0.502664119835126,0.000233593905617976
0.506254577833949,0.000237287823469615
0.509845035832771,0.000228933265790945
0.513435493831593,0.000231715656237554
0.517025951830416,0.000238480247440245
0.520616409829238,0.00024254900173693
0.52420686782806,0.000249959346000904
0.527797325826883,0.000236310874433695
0.531387783825705,0.000240581859718025
0.534978241824527,0.000250032393070886
0.53856869982335,0.000255151786581642
0.542159157822172,0.000259545427606993
0.545749615820994,0.000258334922363836
0.549340073819817,0.000255229179359348
0.552930531818639,0.000264870344463334
0.556520989817461,0.000261380070064074
0.560111447816284,0.000265159326618099
0.563701905815106,0.000263972451461176
0.567292363813928,0.000262749411483499
0.57088282181275,0.000268760598043846
0.574473279811573,0.000269079782295279
0.578063737810395,0.000269938655167402
0.581654195809218,0.000277350572687058
0.58524465380804,0.000272048452452618
0.588835111806862,0.000277752256207908
0.592425569805685,0.000280719114617722
0.596016027804507,0.000285893551927669
0.599606485803329,0.000282276767623646
0.603196943802151,0.000285967106017434
0.606787401800974,0.000294626180613679
0.610377859799796,0.000295765520434644
0.613968317798618,0.000298591540603927
0.617558775797441,0.000297919388867067
0.621149233796263,0.000302738735276229
0.624739691795085,0.000305318677789233
0.628330149793908,0.000308849391340044
0.63192060779273,0.0003087835891687
0.635511065791552,0.000316160087813081
0.639101523790375,0.000317284274696302
0.642691981789197,0.000319205658813619
0.646282439788019,0.000324943313077432
0.649872897786842,0.000328265324179832
0.653463355785664,0.00032837200482435
0.657053813784486,0.000336227303643434
0.660644271783309,0.000336079159434811
0.664234729782131,0.000336816236893991
0.667825187780953,0.000348548185283758
0.671415645779776,0.000348168198019848
0.675006103778598,0.000354031311511595
0.67859656177742,0.000357141172608284
0.682187019776243,0.000358033686138604
0.685777477775065,0.000366015846745346
0.689367935773887,0.000367835589054384
0.69295839377271,0.000370514907490004
0.696548851771532,0.000375452210275288
0.700139309770354,0.000377772507906451
0.703729767769177,0.000385939926202956
0.707320225767999,0.000389553172743452
0.710910683766821,0.000395875181199655
0.714501141765644,0.00040182266627821
0.718091599764466,0.000405878887107169
0.721682057763288,0.000415497183917652
0.725272515762111,0.000417301405815975
0.728862973760933,0.000424200697807219
0.732453431759755,0.000433505524292227
0.736043889758578,0.000431687080072394
0.7396343477574,0.000441427712914504
0.743224805756222,0.000445180033480506
0.746815263755045,0.000450100604642442
0.750405721753867,0.000458123615177866
0.753996179752689,0.000460867245738012
0.757586637751512,0.000468509704927541
0.761177095750334,0.000475768133430693
0.764767553749156,0.000484963013782745
0.768358011747979,0.00049517254943197
0.771948469746801,0.000500338505749155
0.775538927745623,0.000512378084360966
0.779129385744446,0.000519846598033328
0.782719843743268,0.000530609095789179
0.78631030174209,0.000537109213590476
0.789900759740913,0.000544397530015757
0.793491217739735,0.000557403902662903
0.797081675738557,0.000564079189145771
0.80067213373738,0.000575909627118723
0.804262591736202,0.000584344894146396
0.807853049735024,0.000596571406214235
0.811443507733847,0.000608825221277814
0.815033965732669,0.000615304060087204
0.818624423731491,0.000632057431915738
0.822214881730314,0.00064146927748851
0.825805339729136,0.000655941584272269
0.829395797727958,0.000675565497914532
0.832986255726781,0.000683445412640362
0.836576713725603,0.000703268301126781
0.840167171724425,0.000718141347551285
0.843757629723248,0.000730709351689066
0.84734808772207,0.000752680244200778
0.850938545720892,0.000763928437513594
0.854529003719715,0.000785263601406811
0.858119461718537,0.000805927678850842
0.861709919717359,0.000825295473637713
0.865300377716182,0.000849563132800549
0.868890835715004,0.000869056693331268
0.872481293713826,0.000900192581466785
0.876071751712649,0.000923828762637427
0.879662209711471,0.000946642933944918
0.883252667710293,0.000980153277283762
0.886843125709115,0.00101084132272686
0.890433583707938,0.00104495293111934
0.89402404170676,0.00108217939576867
0.897614499705583,0.00111354195246157
0.901204957704405,0.00115955083983932
0.904795415703227,0.00119975541735429
0.90838587370205,0.00124399820812033
0.911976331700872,0.0012964783040833
0.915566789699694,0.00135095582112491
0.919157247698516,0.00141292830876401
0.922747705697339,0.00147815997558843
0.926338163696161,0.00155427888041364
0.929928621694984,0.00163260940882458
0.933519079693806,0.00172195237258221
0.937109537692628,0.00182061552364786
0.940699995691451,0.00192542114127525
0.944290453690273,0.00205598874649829
0.947880911689095,0.00219613990128449
0.951471369687917,0.00235649301533055
0.95506182768674,0.0025466951650554
0.958652285685562,0.00276441526191026
0.962242743684384,0.00302749296476829
0.965833201683207,0.00334503700089573
0.969423659682029,0.00373280667539153
0.973014117680852,0.00423078839758868
0.976604575679674,0.00488111308507821
0.980195033678496,0.00577091463778113
0.983785491677318,0.00704462707445151
0.987375949676141,0.0090475474352175
0.990966407674963,0.0126449615765609
0.994556865673785,0.0209848686727366
0.998147323672608,0.0616583794264203
1.00173778167143,0.0657156958379576
1.00532823967025,0.0214388338789968
1.00891869766907,0.0128046641822154
1.0125091556679,0.00913267037504694
1.01609961366672,0.00709516398683558
1.01969007166554,0.00580211012828052
1.02328052966436,0.0049115921827619
1.02687098766319,0.00425059715986539
1.03046144566201,0.0037516761557499
1.03405190366083,0.0033543449995785
1.03764236165965,0.00303293526245104
1.04123281965848,0.00277122810081482
1.0448232776573,0.00254539011951948
1.04841373565612,0.002357138016197
1.05200419365494,0.00219148489065119
1.05559465165377,0.00205034144092316
1.05918510965259,0.00192859853070628
1.06277556765141,0.00181508343109044
1.06636602565023,0.00172057881829357
1.06995648364905,0.00163310568798834
1.07354694164788,0.00155293041390041
1.0771373996467,0.00148150677853799
1.08072785764552,0.00141477311137183
1.08431831564434,0.00135454064715701
1.08790877364317,0.00129874135141167
1.09149923164199,0.00124841811898359
1.09508968964081,0.00120226372450125
1.09868014763963,0.00115619150487888
1.10227060563846,0.0011155869701884
1.10586106363728,0.001075897283265
1.1094515216361,0.00104241069331362
1.11304197963492,0.00101011077482759
1.11663243763374,0.000976835680017024
1.12022289563257,0.000949752511836718
1.12381335363139,0.000922385494134268
1.12740381163021,0.000895305072988141
1.13099426962903,0.000872499058876994
1.13458472762786,0.000847652563515967
1.13817518562668,0.000826548422324986
1.1417656436255,0.000803282301188451
1.14535610162432,0.000785879107017145
1.14894655962315,0.000767040829153983
1.15253701762197,0.000748057297530632
1.15612747562079,0.000732844553091928
1.15971793361961,0.000713453287622845
1.16330839161844,0.00069911019426848
1.16689884961726,0.000684409545604214
1.17048930761608,0.000667286866930381
1.1740797656149,0.000656949010715988
1.17767022361372,0.000642491595361514
1.18126068161255,0.000627608546083135
1.18485113961137,0.000619005855072822
1.18844159761019,0.000603947259041777
1.19203205560901,0.000594363768509582
1.19562251360784,0.000583779107401954
1.19921297160666,0.000571028743200115
1.20280342960548,0.00056177265341572
1.2063938876043,0.00055174881958253
1.20998434560313,0.000542983550762145
1.21357480360195,0.000532950402751457
1.21716526160077,0.000523738447990934
1.22075571959959,0.000517263597910442
1.22434617759841,0.000507667576841494
1.22793663559724,0.000500765398590817
1.23152709359606,0.000492245071749365
1.23511755159488,0.000485741068636929
1.2387080095937,0.000479276730065659
1.24229846759253,0.000470900108667441
1.24588892559135,0.00046375723892759
1.24947938359017,0.000458187774290763
1.25306984158899,0.000450586115667657
1.25666029958782,0.000444154214608442
1.26025075758664,0.000437853694267452
1.26384121558546,0.000432439138548842
1.26743167358428,0.000425533778548387
1.2710221315831,0.000421080620708631
1.27461258958193,0.000415061119268576
1.27820304758075,0.000409566713548046
1.28179350557957,0.000405589482547706
1.28538396357839,0.000398968551295997
1.28897442157722,0.000394375197603684
1.29256487957604,0.000391125321123303
1.29615533757486,0.000385153996912959
1.29974579557368,0.000381166968141684
1.30333625357251,0.000376489633137509
1.30692671157133,0.000372262529014177
1.31051716957015,0.000368093464596935
1.31410762756897,0.00036408097550002
1.3176980855678,0.000359839873018611
1.32128854356662,0.000355835383243853
1.32487900156544,0.000351269194480117
1.32846945956426,0.000347547037890351
1.33205991756308,0.000343746399974892
1.33565037556191,0.000340942421523213
1.33924083356073,0.000336136064410895
1.34283129155955,0.000332340212767246
1.34642174955837,0.000330811560702977
1.3500122075572,0.000325580054936564
1.35360266555602,0.000323551246247631
1.35719312355484,0.000319918532003533
1.36078358155366,0.000315590246698676
1.36437403955249,0.000312672827871271
1.36796449755131,0.000309555098235309
1.37155495555013,0.000306571791101834
1.37514541354895,0.00030448211519769
1.37873587154777,0.000301311314129645
1.3823263295466,0.000298583062742378
1.38591678754542,0.000295300723195342
1.38950724554424,0.000293323216016677
1.39309770354306,0.000290952883380085
1.39668816154189,0.000287425675591587
1.40027861954071,0.00028568374766558
1.40386907753953,0.00028188148053792
1.40745953553835,0.000279444837975221
1.41104999353718,0.000279107506946287
1.414640451536,0.000276333189487059
1.41823090953482,0.000272730942929923
1.42182136753364,0.000271223360384413
1.42541182553247,0.000269023159110721
1.42900228353129,0.000265650425144261
1.43259274153011,0.000263995348199032
1.43618319952893,0.000260361612891981
1.43977365752775,0.000258654030342883
1.44336411552658,0.000256548152953061
1.4469545735254,0.000254296555348508
1.45054503152422,0.000252628946937169
1.45413548952304,0.000250561323232077
1.45772594752187,0.000248778401763095
1.46131640552069,0.000246751473145689
1.46490686351951,0.000245187681001013
1.46849732151833,0.000243896368099105
1.47208777951716,0.000240746658722304
1.47567823751598,0.000239892540133757
1.4792686955148,0.000236974684125328
1.48285915351362,0.000236929081061629
1.48644961151244,0.000235663156057524
1.49004006951127,0.000232777324529077
1.49363052751009,0.000229934144443421
1.49722098550891,0.000229460174743828
1.50081144350773,0.00022788605382249
1.50440190150656,0.000226157108111236
1.50799235950538,0.000224212943150928
1.5115828175042,0.000221898791463109
1.51517327550302,0.000220735891913081
1.51876373350185,0.000219125294653055
1.52235419150067,0.000218933738300784
1.52594464949949,0.000216290176687285
1.52953510749831,0.000214594269633437
1.53312556549713,0.000214943878544907
1.53671602349596,0.000213345869675194
1.54030648149478,0.000209840121866475
1.5438969394936,0.000209740790726761
1.54748739749242,0.000207761646060734
1.55107785549125,0.000206658592272825
1.55466831349007,0.000205206219228678
1.55825877148889,0.000203776632798213
1.56184922948771,0.000202123348930787
1.56543968748654,0.000202106697677969
1.56903014548536,0.000199734492254005
1.57262060348418,0.000198620381346273
1.576211061483,0.000197256734753299
1.57980151948183,0.000196356342957335
1.58339197748065,0.000195720289959431
1.58698243547947,0.000193683378788313
1.59057289347829,0.000192665460945486
1.59416335147711,0.000192045415324451
1.59775380947594,0.000190794435540947
1.60134426747476,0.00018945778991304
1.60493472547358,0.00018903409339375
1.6085251834724,0.000187276166272794
1.61211564147123,0.000186260772120392
1.61570609947005,0.000184877431369165
1.61929655746887,0.000183806653250032
1.62288701546769,0.000182379211231587
1.62647747346652,0.000181541697591247
1.63006793146534,0.000181199501200184
1.63365838946416,0.000179915025127798
1.63724884746298,0.000179007428941466
1.6408393054618,0.00017831086640893
1.64442976346063,0.000177325649518068
1.64802022145945,0.000176691799483837
1.65161067945827,0.000174082757410037
1.65520113745709,0.000173830954194722
1.65879159545592,0.000172770936932575
1.66238205345474,0.000171688234426756
1.66597251145356,0.000170826605493235
1.66956296945238,0.000170093350128893
1.67315342745121,0.000169156803870816
1.67674388545003,0.000168326850142639
1.68033434344885,0.000167816105602254
1.68392480144767,0.000166795948635505
1.6875152594465,0.000166435495361589
1.69110571744532,0.000164663930609382
1.69469617544414,0.000163814853114096
1.69828663344296,0.000163492663260236
1.70187709144178,0.000162619631579048
1.70546754944061,0.000161574975218948
1.70905800743943,0.000161336103510897
1.71264846543825,0.000159573328180834
1.71623892343707,0.000159362177837679
1.7198293814359,0.000158416538336323
1.72341983943472,0.000157360490324688
1.72701029743354,0.000157007608801269
1.73060075543236,0.000155617409158681
1.73419121343119,0.00015497271056737
1.73778167143001,0.000154568443934189
1.74137212942883,0.000153253750916524
1.74496258742765,0.000153474059860992
1.74855304542647,0.000152538989460655
1.7521435034253,0.000152031602346998
1.75573396142412,0.000150561759419091
1.75932441942294,0.000150235106947461
1.76291487742176,0.000149278403131556
1.76650533542059,0.000148635003134323
1.77009579341941,0.000147402140329124
1.77368625141823,0.000147259655889761
1.77727670941705,0.00014594959752981
1.78086716741588,0.000145829002852555
1.7844576254147,0.000144990415232435
1.78804808341352,0.00014530372709873
1.79163854141234,0.000144389190070418
1.79522899941117,0.000143213152227628
1.79881945740999,0.000142333763822192
1.80240991540881,0.000142835758038448
1.80600037340763,0.000141545630215374
1.80959083140645,0.000141075601086213
1.81318128940528,0.000140994517944113
1.8167717474041,0.000139609039191873
1.82036220540292,0.000138813102008083
1.82395266340174,0.000138637924891041
1.82754312140057,0.000137647256251399
1.83113357939939,0.000137068164578717
1.83472403739821,0.000136560695629659
1.83831449539703,0.000136084438568128
1.84190495339586,0.000134632982139184
1.84549541139468,0.000134734440405636
1.8490858693935,0.000134326384803781
1.85267632739232,0.000133317933414619
1.85626678539114,0.000133017709458058
1.85985724338997,0.000131761793480304
1.86344770138879,0.000131978301928147
1.86703815938761,0.000130594345540279
1.87062861738643,0.000131190967008845
1.87421907538526,0.000130581209800782
1.87780953338408,0.000129381865973412
1.8813999913829,0.000128982052830477
1.88499044938172,0.00012930420601213
1.88858090738055,0.000128572373631526
1.89217136537937,0.000128116394706577
1.89576182337819,0.000126817803450865
1.89935228137701,0.000127049270166534
1.90294273937583,0.00012607288366731
1.90653319737466,0.000126108514143412
1.91012365537348,0.000125593724311004
1.9137141133723,0.000125422392376898
1.91730457137112,0.000124246512654847
1.92089502936995,0.000123219559178327
1.92448548736877,0.000123605631120755
1.92807594536759,0.000123318383566133
1.93166640336641,0.000122502433112749
1.93525686136524,0.00012193421702076
1.93884731936406,0.000121756136187923
1.94243777736288,0.000120765231765847
1.9460282353617,0.00012038565579806
1.94961869336053,0.000120252733770443
1.95320915135935,0.00011944760688661
1.95679960935817,0.000119217690645289
1.96039006735699,0.000118486355764712
1.96398052535581,0.00011806940832486
1.96757098335464,0.00011729783135555
1.97116144135346,0.000116603602501787
1.97475189935228,0.000116416035843589
1.9783423573511,0.000116726171135036
1.98193281534993,0.000116105854024675
1.98552327334875,0.00011513059968673
1.98911373134757,0.000115038700745365
1.99270418934639,0.000114173587882335
1.99629464734522,0.000114708170069867
1.99988510534404,0.000114617542795356
2.00347556334286,0.000111879463546452
2.00706602134168,0.000113491707121441
2.01065647934051,0.000112513097710316
2.01424693733933,0.000111074019261095
2.01783739533815,0.000112368555914718
2.02142785333697,0.000111701248318137
2.02501831133579,0.000111107454731487
2.02860876933462,0.0001116212786729
2.03219922733344,0.000111187609446765
2.03578968533226,0.000110736307588267
2.03938014333108,0.000110502310483983
2.04297060132991,0.000109240853481707
2.04656105932873,0.000108876676669882
2.05015151732755,0.000108859471135052
2.05374197532637,0.000107767289357521
2.05733243332519,0.000107595132173494
2.06092289132402,0.000108090948020896
2.06451334932284,0.000107089960221117
2.06810380732166,0.000106804094130085
2.07169426532048,0.000106302015939166
2.07528472331931,0.000105729659405144
2.07887518131813,0.000106217642174075
2.08246563931695,0.000105179220798576
2.08605609731577,0.000104883156677142
2.0896465553146,0.000104847682749306
2.09323701331342,0.000104032970632996
2.09682747131224,0.000103894615738395
2.10041792931106,0.000103254205695311
2.10400838730989,0.00010394533114342
2.10759884530871,0.000102857004372415
2.11118930330753,0.000102404650220316
2.11477976130635,0.000102170132568936
2.11837021930517,0.000101911775891419
2.121960677304,0.00010173358791697
2.12555113530282,0.000101430612254799
2.12914159330164,0.000101067652042174
2.13273205130046,0.000100988659094195
2.13632250929929,9.95944529802578e-05
2.13991296729811,0.00010033561925363
2.14350342529693,0.000100082478544258
2.14709388329575,9.95416920190393e-05
2.15068434129458,9.90977004942489e-05
2.1542747992934,9.87910913799896e-05
2.15786525729222,9.86432205256926e-05
2.16145571529104,9.7937497687523e-05
2.16504617328986,9.75559222883808e-05
2.16863663128869,9.76484966553229e-05
2.17222708928751,9.71811724137354e-05
2.17581754728633,9.65687925615196e-05
2.17940800528515,9.6496725569157e-05
2.18299846328398,9.63109350631249e-05
2.1865889212828,9.62861213936378e-05
2.19017937928162,9.58350542246322e-05
2.19376983728044,9.5459753034481e-05
2.19736029527927,9.59376347834184e-05
2.20095075327809,9.49044344557651e-05
2.20454121127691,9.44235960439148e-05
2.20813166927573,9.45343262645911e-05
2.21172212727456,9.37772608991469e-05
2.21531258527338,9.40579075820845e-05
2.2189030432722,9.35444284998451e-05
2.22249350127102,9.31241213764626e-05
2.22608395926984,9.33149882914258e-05
2.22967441726867,9.28105235044504e-05
2.23326487526749,9.23609355319168e-05
2.23685533326631,9.19445512650705e-05
2.24044579126513,9.20266772208167e-05
2.24403624926396,9.15624008823433e-05
2.24762670726278,9.13914947197286e-05
2.2512171652616,9.0927455265503e-05
2.25480762326042,9.05734903701037e-05
2.25839808125925,9.04594121421903e-05
2.26198853925807,9.03554896732071e-05
2.26557899725689,8.97486499624505e-05
2.26916945525571,9.00905699807328e-05
2.27275991325454,8.94044412016713e-05
2.27635037125336,8.95746497337573e-05
2.27994082925218,8.91485985794672e-05
2.283531287251,8.87989784007309e-05
2.28712174524982,8.85529837178081e-05
2.29071220324865,8.82001487313596e-05
2.29430266124747,8.79938326420067e-05
2.29789311924629,8.78519860327946e-05
2.30148357724511,8.75576329022251e-05
2.30507403524394,8.7236476140103e-05
2.30866449324276,8.71618793688522e-05
2.31225495124158,8.66604354008566e-05
2.3158454092404,8.66700208778574e-05
2.31943586723923,8.66154965282676e-05
2.32302632523805,8.6055488631262e-05
2.32661678323687,8.60584368065776e-05
2.33020724123569,8.57925706851314e-05
2.33379769923451,8.51679395085046e-05
2.33738815723334,8.54514858746898e-05
2.34097861523216,8.50090077240429e-05
2.34456907323098,8.47037838031298e-05
2.3481595312298,8.4675969800744e-05
2.35174998922863,8.37752256737147e-05
2.35534044722745,8.43196954592946e-05
2.35893090522627,8.39723727582044e-05
2.36252136322509,8.34370988835386e-05
2.36611182122392,8.34982315398767e-05
2.36970227922274,8.31758051888827e-05
2.37329273722156,8.29977958359537e-05
2.37688319522038,8.30924740309373e-05
2.38047365321921,8.25555328515844e-05
2.38406411121803,8.26604627067316e-05
2.38765456921685,8.21270389165101e-05
2.39124502721567,8.17032867296467e-05
2.39483548521449,8.15267323392503e-05
2.39842594321332,8.16162717839637e-05
2.40201640121214,8.13944931774035e-05
2.40560685921096,8.10886107023575e-05
2.40919731720978,8.09654585253215e-05
2.41278777520861,8.05381029325772e-05
2.41637823320743,8.02547898585011e-05
2.41996869120625,8.02425468163185e-05
2.42355914920507,7.99321631431901e-05
2.4271496072039,7.98048346437367e-05
2.43074006520272,7.97518509929062e-05
2.43433052320154,7.95571169384355e-05
2.43792098120036,7.9406346368505e-05
2.44151143919918,7.92071673964473e-05
2.44510189719801,7.87239752611321e-05
2.44869235519683,7.88058630094321e-05
2.45228281319565,7.86409970915686e-05
2.45587327119447,7.82748184809645e-05
2.4594637291933,7.82164106183687e-05
2.46305418719212,7.78690214089395e-05
2.46664464519094,7.77965392696814e-05
2.47023510318976,7.75765348279202e-05
2.47382556118859,7.77578562155694e-05
2.47741601918741,7.72085558523439e-05
2.48100647718623,7.68956255568901e-05
2.48459693518505,7.67377354132284e-05
2.48818739318387,7.68152064691898e-05
2.4917778511827,7.63280687352616e-05
2.49536830918152,7.60642866616373e-05
2.49895876718034,7.6250991465471e-05
2.50254922517916,7.57934451474878e-05
2.50613968317799,7.59157356152826e-05
2.50973014117681,7.5285067596719e-05
2.51332059917563,7.50705839281339e-05
2.51691105717445,7.50329623018663e-05
2.52050151517328,7.55367540775109e-05
2.5240919731721,7.4784597189283e-05
2.52768243117092,7.44937787995204e-05
2.53127288916974,7.4409839718955e-05
2.53486334716857,7.45474053951893e-05
2.53845380516739,7.4103900734034e-05
2.54204426316621,7.43437533944354e-05
2.54563472116503,7.38328757068324e-05
2.54922517916385,7.36953721409399e-05
2.55281563716268,7.3317808520119e-05
2.5564060951615,7.33119803954017e-05
2.55999655316032,7.28790570436659e-05
2.56358701115914,7.26077089620022e-05
2.56717746915797,7.27942346966401e-05
2.57076792715679,7.24958768494258e-05
2.57435838515561,7.25031804731812e-05
2.57794884315443,7.22415913561589e-05
2.58153930115326,7.18646189191374e-05
2.58512975915208,7.19162850916228e-05
2.5887202171509,7.16246095482482e-05
2.59231067514972,7.16034449427629e-05
2.59590113314854,7.14627641471742e-05
2.59949159114737,7.13199000692929e-05
2.60308204914619,7.11468422250657e-05
2.60667250714501,7.11319254500066e-05
2.61026296514383,7.08812505432773e-05
2.61385342314266,7.05885326634907e-05
2.61744388114148,7.05062818187152e-05
2.6210343391403,7.01151286830806e-05
2.62462479713912,7.02784115704878e-05
2.62821525513795,7.00175769950876e-05
2.63180571313677,7.00565304718148e-05
2.63539617113559,6.9724414096059e-05
2.63898662913441,6.97476985669129e-05
2.64257708713324,6.95625991450229e-05
2.64616754513206,6.92315806611405e-05
2.64975800313088,6.89624324056459e-05
2.6533484611297,6.88995095345066e-05
2.65693891912852,6.88248624115945e-05
2.66052937712735,6.86189389333937e-05
2.66411983512617,6.84495955060298e-05
2.66771029312499,6.83605602072774e-05
2.67130075112381,6.8405778672135e-05
2.67489120912264,6.7942687024406e-05
2.67848166712146,6.79363370855443e-05
2.68207212512028,6.78388608678055e-05
2.6856625831191,6.75877328881768e-05
2.68925304111792,6.74286484090729e-05
2.69284349911675,6.73775413034674e-05
2.69643395711557,6.72134886094636e-05
2.70002441511439,6.70018969332127e-05
2.70361487311321,6.69596388833317e-05
2.70720533111204,6.67713907978826e-05
2.71079578911086,6.64619205909281e-05
2.71438624710968,6.63909757043368e-05
2.7179767051085,6.64096347762087e-05
2.72156716310733,6.60875123927719e-05
2.72515762110615,6.60936075437157e-05
2.72874807910497,6.60966334510401e-05
2.73233853710379,6.59225276164645e-05
2.73592899510262,6.56363084650486e-05
2.73951945310144,6.55198984851816e-05
2.74310991110026,6.54294529606628e-05
2.74670036909908,6.50912930729428e-05
2.7502908270979,6.48352760500047e-05
2.75388128509673,6.50046406311573e-05
2.75747174309555,6.47231384452447e-05
2.76106220109437,6.46267096575975e-05
2.76465265909319,6.43429457393479e-05
2.76824311709202,6.46305797147605e-05
2.77183357509084,6.44102674957823e-05
2.77542403308966,6.42700615108354e-05
2.77901449108848,6.41630274883693e-05
2.78260494908731,6.3810922153364e-05
2.78619540708613,6.37582807721152e-05
2.78978586508495,6.38547517729812e-05
2.79337632308377,6.34231345992378e-05
2.7969667810826,6.35824516111313e-05
2.80055723908142,6.35408649503418e-05
2.80414769708024,6.31530050991689e-05
2.80773815507906,6.30094314964633e-05
2.81132861307788,6.27083981199924e-05
2.81491907107671,6.28981691343277e-05
2.81850952907553,6.26107261829918e-05
2.82209998707435,6.24337965647094e-05
2.82569044507317,6.23508979437982e-05
2.829280903072,6.24009270921541e-05
2.83287136107082,6.2214648956792e-05
2.83646181906964,6.21121245015176e-05
2.84005227706846,6.20779375281014e-05
2.84364273506729,6.20761905405074e-05
2.84723319306611,6.17665546728059e-05
2.85082365106493,6.18389740438367e-05
2.85441410906375,6.15277826454991e-05
2.85800456706257,6.11251697191904e-05
2.8615950250614,6.13367740131017e-05
2.86518548306022,6.107162272507e-05
2.86877594105904,6.08286851308166e-05
2.87236639905786,6.08615132472335e-05
2.87595685705669,6.05843884461353e-05
2.87954731505551,6.04869374443079e-05
2.88313777305433,6.06510365416363e-05
2.88672823105315,6.04810922892122e-05
2.89031868905198,6.03954229388756e-05
2.8939091470508,6.01518184839786e-05
2.89749960504962,6.01426923961487e-05
2.90109006304844,5.99939004516789e-05
2.90468052104727,5.99750046317284e-05
2.90827097904609,5.98345136674522e-05
2.91186143704491,5.96280888492651e-05
2.91545189504373,5.97621656359374e-05
2.91904235304255,5.93699318345138e-05
2.92263281104138,5.92797359203998e-05
2.9262232690402,5.91823343044818e-05
2.92981372703902,5.90930314964107e-05
2.93340418503784,5.90849887505175e-05
2.93699464303667,5.88604677875824e-05
2.94058510103549,5.87798974276211e-05
2.94417555903431,5.87644274204995e-05
2.94776601703313,5.86129649816429e-05
2.95135647503196,5.87129285696338e-05
2.95494693303078,5.83893254165589e-05
2.9585373910296,5.83421060103125e-05
2.96212784902842,5.85139472664117e-05
2.96571830702724,5.76630644021455e-05
2.96930876502607,5.81517546188659e-05
2.97289922302489,5.79034784049183e-05
2.97648968102371,5.78685669340783e-05
2.98008013902253,5.7696894240365e-05
2.98367059702136,5.73069166177337e-05
2.98726105502018,5.7428653891359e-05
2.990851513019,5.75923858880826e-05
2.99444197101782,5.74094871318536e-05
2.99803242901665,5.70688351111908e-05
