w1,w2,w3,w4,w5,w6,it
-0.0813171928812622,0.0541867256375949,6929.98541180318,-0.0494011501225035,-0.130967486363783,1.39999951203713,2.91178855883194
-0.0873096033427826,0.0282275413427758,6930.25263562229,-0.0130541694978241,-0.139364902611335,1.39999959612889,2.97669027741662
-0.0862322297070703,0.00160759267624597,6930.5198594512,0.0242200094480113,-0.137864629763389,1.39999965610598,3.04324761535339
-0.0775235804633605,-0.0251061130425297,6930.80177095577,0.0616285157002803,-0.125682732299481,1.39999949389762,3.11004481016109
-0.0617241144748926,-0.0483425050375526,6931.08368246516,0.0941717476335989,-0.103575277310655,1.39999967698194,3.16815449752638
-0.0400816368627822,-0.0662662771347676,6931.36559398085,0.119280883275065,-0.0732874270957783,1.39999966275758,3.21298975006455
-0.0143049415838705,-0.0774614979736404,6931.64750550092,0.134972310979796,-0.0372099380221277,1.39999966998088,3.24100860080762
0.0135710285527528,-0.0810435094412962,6931.92941701831,0.140007774128705,0.00180905569049129,1.39999963106779,3.25
0.0413455719461188,-0.0767288139481852,6932.21132853428,0.133989745060807,0.0406886178913741,1.39999967237112,3.23925411623506
0.0668258897696245,-0.0648574078389993,6932.49324004874,0.117393444407891,0.0763591346743699,1.39999962779285,3.2096195106637
0.0918460694648807,-0.0416139455442618,6932.8362069384,0.0848812211421642,0.111390960578303,1.39999944347531,3.15156519284446
0.107591709590694,-0.0113017316560193,6933.17917384134,0.042470068313254,0.133448495561639,1.3999998018477,3.07583519661239
0.112259972109921,0.0163839906049807,6933.46068606728,0.0037280373595588,0.140002797939168,1.39999940841324,3.00665683991971
0.109057104740891,0.0442726965055474,6933.74219828533,-0.0353016322138054,0.135539911003869,1.39999963844661,2.93696487135537
0.0982343515355931,0.070176059539634,6934.02371050833,-0.0715603396506712,0.120406255924478,1.3999996515809,2.87222077471054
0.0806401132432378,0.0920561443602552,6934.3052227438,-0.102207244718988,0.0957782821921287,1.39999967334078,2.8174971972895
0.0576553712181328,0.108184997624363,6934.58673497815,-0.124823004426976,0.0635898791377621,1.39999958606066,2.77711415454647
0.0310880727539509,0.117287916579921,6934.86824719502,-0.13760831085608,0.0263925378799554,1.39999951052616,2.75428451792687
0.00303130171472315,0.118649429238937,6935.14975940247,-0.139550746606058,-0.0128639080584149,1.39999956687177,2.75081607525991
-0.0243044462765803,0.112167316868617,6935.43127162972,-0.130508097625174,-0.0510934398591894,1.39999973872669,2.76696276610826
-0.0512268751864666,0.0964018301371415,6935.7441252062,-0.108471569007903,-0.0887415955475727,1.39999941976008,2.80631152505112
-0.0719955779671524,0.0731215162142398,6936.0569787951,-0.0759157322499031,-0.117789606832616,1.39999982903266,2.8644437197821
-0.0845959945312704,0.0445840122249238,6936.36983239655,-0.035998505935709,-0.13541318188099,1.39999968017726,2.93572052309285
-0.0878063576126581,0.0135588402610604,6936.68268600044,0.00740424882558628,-0.139892433320068,1.39999970615007,3.01322113873973
-0.0813167709418001,-0.0169419000300217,6936.99553960433,0.0500793482923544,-0.130792111958962,1.39999974451541,3.08942244208225
-0.0657594980251811,-0.0439574924810029,6937.30839321765,0.0878822030574527,-0.108999367595643,1.39999981808655,3.15692379156151
-0.042647326650188,-0.064866654695838,6937.6212468334,0.117142867976941,-0.0766317270681089,1.39999972785758,3.20917207759702
-0.0123367342082053,-0.0781335617377186,6937.95360509711,0.135710874471052,-0.0341839753171942,1.39999949871984,3.24232739095312
0.0206404270702603,-0.0807757385807634,6938.28596335495,0.139411719415894,0.0120032546843764,1.39999978177712,3.24893567568565
0.0526692400460794,-0.0725045043537138,6938.61832163427,0.127840628888217,0.0568718466665337,1.39999975600969,3.22827416135246
0.0802396803683324,-0.0542267179596157,6938.95067993185,0.102263292171137,0.0955079239939732,1.39999976621767,3.18260288188913
0.100331364355702,-0.0279449108876033,6939.28303823012,0.0654799845271405,0.123683691072026,1.39999977098593,3.11692205117651
0.110742794973089,0.00346268581414417,6939.61539652741,0.0215167137858276,0.138316403610099,1.39999982939684,3.03842056971431
0.110331349079837,0.0365572680881136,6939.94775482592,-0.0248149617054006,0.137804767601134,1.3999997962319,2.95569002889334
0.0991384284180518,0.0677153362726208,6940.28011312791,-0.0684452479872532,0.122203554364518,1.39999981871336,2.87778312952048
0.0763961827606405,0.0952406874331273,6940.63866483251,-0.107020722967845,0.0904251812118139,1.39999937626833,2.80890217769361
0.0454223124719986,0.113035846394811,6940.9972165535,-0.132009972081534,0.0471048126137553,1.40000004813978,2.76428099635349
0.0101555560155267,0.118827553365627,6941.35576832261,-0.140213906594259,-0.00221362627555585,1.39999987132045,2.74963192675043
-0.0249171609046006,0.111877900618341,6941.71432011062,-0.130585399900265,-0.0512409406191124,1.39999987027792,2.76682473399616
-0.0553361746363046,0.0930734691526728,6942.07287192129,-0.104360145902726,-0.0937585086813251,1.40000019710047,2.81365294435938
-0.0772375120054377,0.0648039656960527,6942.43142375754,-0.0648831299148896,-0.124376858292088,1.40000016869912,2.88414370145038
-0.0878419548869124,0.0306571461171316,6942.78997557996,-0.0171747228286027,-0.139203001896619,1.39999993638312,2.96933255503938
-0.0870624643412783,0.000951320848392492,6943.08760931445,0.0243383342087568,-0.138100854555186,1.39999948019699,3.0434588978366
-0.077625002998043,-0.0272115627336962,6943.38524301156,0.0636963384275531,-0.124877027827031,1.39999973156161,3.11373714571199
-0.0603582352346069,-0.0513658306250897,6943.68287672463,0.0974477779608984,-0.10069182044276,1.39999973021699,3.17400422684978
-0.0367798711327954,-0.0693930905907673,6943.9805104623,0.122624932469914,-0.0676707347403436,1.39999971743259,3.21896093490707
-0.00896509744032977,-0.0797100085525388,6944.27814419316,0.137012239391564,-0.0287178558931987,1.39999962026637,3.24465112784668
0.0206374429772958,-0.0814119804256709,6944.57577791048,0.139342745969732,0.0127407127331454,1.39999971214461,3.24881251565652
0.0494226553107398,-0.0743539995650363,6944.87341162556,0.129412254781015,0.05305952650848,1.39999968141764,3.23108048032756
0.0782349994479052,-0.0562530482911508,6945.21561760041,0.104015797324804,0.0934268995430129,1.39999945515697,3.1857321816094
0.0992818694112501,-0.0295228095757826,6945.55782358852,0.0665377455269442,0.122933250773801,1.39999980211876,3.11881080522318
0.110115291151368,0.00272619927193645,6945.90002960873,0.0213302732876442,0.138153092673295,1.39999979897356,3.03808765873964
0.11045360008685,0.0307063381742751,6946.18109153423,-0.0178940936179756,0.138677019770151,1.3999994010257,2.96804803567278
0.103008272321044,0.0576837496985804,6946.4621534372,-0.0557178885113877,0.12830549798042,1.39999965040141,2.90050929518355
0.0883599698283239,0.0815448513663686,6946.74321534795,-0.089183313990949,0.107847285323114,1.39999965284507,2.84075292506799
0.0676533514595183,0.100414283866883,6947.02427727406,-0.115670224516379,0.0788986651116645,1.39999962321293,2.79345749684934
0.0425099061029142,0.112803877644307,6947.3053391998,-0.133093140521135,0.0437351626104019,1.39999959130649,2.76234687439787
0.0149013513874078,0.117735869835448,6947.58640111214,-0.14007687653217,0.00512812733356456,1.3999995559712,2.74987660970276
-0.0130064382667899,0.114821634827892,6947.86746302327,-0.136074511459036,-0.0338907579031183,1.39999964629556,2.75702329333879
-0.0390896580232827,0.104251365609936,6948.14927011998,-0.121353290376743,-0.0703567148990092,1.39999941149982,2.78330972845624
-0.0612189122264814,0.0868528673800493,6948.43107722439,-0.0970731928875189,-0.101293617068815,1.39999969273103,2.82666463792524
-0.0776515226190535,0.0639936423899481,6948.71288434246,-0.0651477941067433,-0.124260493163728,1.39999962059506,2.88367111306467
-0.0870936821595556,0.0374724825370105,6948.99469146562,-0.0280948122387516,-0.137442124439096,1.39999963365889,2.94983347815221
-0.0888026160719947,0.00937828577576305,6949.27649858706,0.0111633499371716,-0.139798335865797,1.39999964989029,3.0199334465651
-0.0826457336793043,-0.0180756737592463,6949.55830571116,0.0495283862091122,-0.131144235205106,1.39999969765518,3.08843863584957
-0.0691113219076135,-0.0427271981353399,6949.8401128375,0.0839732948779568,-0.11216323783312,1.39999965441528,3.14994398596888
-0.0440117471256614,-0.0663337748243991,6950.18613552945,0.116946077828159,-0.0769836947927326,1.39999949642932,3.20882068612964
-0.0124072019064429,-0.0800135415937263,6950.53215823312,0.136031571856483,-0.0326935779929153,1.39999982221905,3.24290003305715
0.0155736186959713,-0.0826602503802891,6950.8143203559,0.139690769489004,0.00651958257300085,1.39999948930286,3.24943395171862
0.0431659282057995,-0.0774065526561298,6951.09648247098,0.132291352295005,0.0451918560323444,1.39999966552201,3.23622144041336
0.0681923515613789,-0.06467067533187,6951.37864458807,0.114417476270027,0.080275105826973,1.39999967431774,3.20430557692612
0.0886736840461602,-0.0454616445816701,6951.66080671504,0.0874800617867602,0.108997561426367,1.39999969827044,3.15620572202359
0.10298516109503,-0.0213011680062822,6951.94296883424,0.0536101421708372,0.129085273185055,1.3999995379125,3.09572708105758
0.109990045463625,0.0058964411604437,6952.22513094327,0.0154874039165325,0.138946711896671,1.39999962136147,3.0276545427797
0.109131989963237,0.0339764582169457,6952.50729305371,-0.0238726747097606,0.137802451001867,1.3999996366679,2.95737259081089
0.100170889838867,0.061336064462283,6952.79638165445,-0.0622287194314583,0.125316634331266,1.39999939185852,2.88888345697459
0.0837692656006462,0.0850138855658279,6953.08547025662,-0.0954342832259361,0.102414279936497,1.39999965870913,2.82959109981599
0.0612853725411283,0.103041323368628,6953.37455887583,-0.120732996775827,0.0709961613681438,1.39999965162998,2.78441733409596
0.034582212939755,0.113918740907692,6953.66364750786,-0.136024889081339,0.0336694539945912,1.39999966011792,2.75711189980726
0.00587324207356104,0.116739989467811,6953.95273614097,-0.140040843160309,-0.00646808834359533,1.39999967025277,2.74994095143679
-0.0224614932185411,0.111267586768883,6954.2418247707,-0.132447758599728,-0.0460850308350931,1.39999967529877,2.76349927812228
-0.0480731084026219,0.0979523770147756,6954.53091339986,-0.113875807458567,-0.0818933624239177,1.39999967683154,2.79666163509984
-0.0726906142380038,0.0725511960977332,6954.88568862992,-0.0783987191997548,-0.116306632384487,1.39999943667943,2.86001006071333
-0.0869645946086603,0.0401813461669765,6955.24046388518,-0.0331618621916375,-0.136251415715138,1.3999999276806,2.9407856770847
-0.0896936029683305,0.0118334493783329,6955.52568242838,0.00646455824853752,-0.140049725391238,1.399999471226,3.0115432130265
-0.0843510167230236,-0.0161243770780592,6955.81090095948,0.0455473866286224,-0.132550248917132,1.39999969208758,3.08133010276049
-0.0713700624097629,-0.0414450820480249,6956.09611948857,0.0809432350835065,-0.114356594313362,1.39999969532298,3.14453346535082
-0.0517997115910402,-0.0620889278595936,6956.38133802959,0.109794168590145,-0.0869366747353273,1.39999973498138,3.19605012877573
-0.0272221683688449,-0.076388174573122,6956.66655656368,0.129766098980501,-0.0525062463093675,1.39999954059851,3.23171230988433
0.000374427910832794,-0.083187878055656,6956.95177508952,0.139241757540974,-0.0138484399175,1.3999996729745,3.24863218919003
0.0287576781902176,-0.0819420023042617,6957.23699361662,0.137456673189667,0.0259131731225263,1.39999965584796,3.24544471556149
0.0561101139392137,-0.0725095218541567,6957.52758929889,0.124211456403677,0.0642359870131609,1.39999946478004,3.22179385604955
0.0796015310266701,-0.0556305578359326,6957.81818498032,0.100541693122136,0.0971575247583729,1.39999965818461,3.17952876857701
0.0972601500476684,-0.0327233168444562,6958.10878067338,0.0684318632838724,0.121916873767614,1.39999965467983,3.12219297055063
0.107603109353073,-0.00571154788660823,6958.39937637612,0.0305736718880711,0.136437015550389,1.39999965982715,3.05459281114627
0.109761004443425,0.0231364168829661,6958.68997207853,-0.00985779278216897,0.139500988373732,1.39999965052635,2.9823977760458
0.103550940382308,0.05139817678916,6958.98056777849,-0.0494717421509371,0.130852169098869,1.39999967462197,2.91166250863781
0.0894918132898714,0.0767006814433628,6959.27116347784,-0.0849464009046877,0.111215776166244,1.3999996586294,2.84831842118531
0.0633967495630838,0.100541383292858,6959.62640876316,-0.118393407435948,0.0747386233270468,1.39999938711564,2.78859494022255
0.030611372131559,0.113817724715533,6959.98165407559,-0.137062751017594,0.0288908041918838,1.39999994642543,2.75525867782957
0.00275473426947986,0.115702459600058,6960.2614667711,-0.139774652683539,-0.010072141656218,1.3999993970606,2.75041626517995
-0.0245448626140477,0.109828199364996,6960.54127944997,-0.131626653351968,-0.048258052631167,1.39999964990534,2.76496545607716
-0.0491746533258004,0.0966475787153262,6960.82109212677,-0.113247965502032,-0.0827094684268965,1.39999966730069,2.79778271919757
-0.069223281214484,0.0771805081772418,6961.10090481411,-0.0860670692326343,-0.11074944042546,1.39999965624013,2.84631733886163
-0.0831298834040143,0.0529369961300399,6961.38071750223,-0.0521986173088971,-0.130193602154554,1.39999958643816,2.90679335909427
-0.0898117967650427,0.0257998618816465,6961.66053018604,-0.0142784101049635,-0.139526271902186,1.39999964093039,2.97450425486402
-0.0887513968392515,-0.0021228112250987,6961.94034287115,0.0247438997656096,-0.138022005431273,1.39999966612125,3.0441830818317
-0.0796954646685221,-0.0293434660363882,6962.22774702145,0.0627853140466693,-0.125324722625965,1.39999948251048,3.1121104067924
-0.0633090144418812,-0.0528764254628667,6962.51515117269,0.0956679631250835,-0.102365070656704,1.39999967631908,3.17082616254784
-0.0409377549045795,-0.070794804370957,6962.80255533569,0.120694330617613,-0.0710263494467758,1.39999966130804,3.21551362302686
-0.0144184332456102,-0.0816322665995199,6963.08995950795,0.135809986099766,-0.033879124095978,1.39999967691751,3.24250436617705
0.0140715370839392,-0.084503434346833,6963.37736367795,0.139775800609217,0.00602947807696793,1.39999964441107,3.24958578457351
0.0421930045634427,-0.0791765161858735,6963.66476784538,0.132266630615128,0.0454253005162135,1.39999968957863,3.2361772970077
0.0676372446282544,-0.0660922530727369,6963.952172011,0.113898556715001,0.0810765344633116,1.39999964237149,3.20337898631668
0.0916942071924397,-0.0417350454872207,6964.29662630274,0.0797382550052228,0.114797847666127,1.39999944221405,3.14238183468998
0.106088668263151,-0.0106715144606977,6964.6410806091,0.0361861119782997,0.135001816389658,1.39999982507735,3.06461446909554
0.10945106773713,0.0174612841419157,6964.92572881882,-0.00325567309650613,0.139759457735036,1.39999941501046,2.99418662085594
0.104766474384315,0.0454062017010271,6965.21037702099,-0.0424380766631234,0.133253665155777,1.39999966002078,2.92422192816216
0.09240946733971,0.0709177402740667,6965.49502522853,-0.0782164134898501,0.116006702115658,1.39999967027627,2.86033558854748
0.0733709654360796,0.0919417957167392,6965.77967344656,-0.107714967762768,0.0894046044452891,1.39999966689036,2.80766252368288
0.0491801472211815,0.106780574527873,6966.06432166226,-0.128557323513351,0.055588525537265,1.39999959668601,2.7704460978803
0.0217818293509241,0.11423405596039,6966.3489698702,-0.139063456080436,0.0172809261810762,1.39999962325684,2.75168618859586
-0.00662072035606622,0.113698965565442,6966.63361807947,-0.138387956777837,-0.022434988831327,1.39999966695272,2.75289237037184
-0.0337438028722405,0.105215929360962,6966.91826629732,-0.126586593858585,-0.0603632147969166,1.39999968071439,2.77396506257178
-0.0618960072031669,0.0851861044563402,6967.26474885699,-0.0986363444090988,-0.0997297969756432,1.39999942800624,2.82387345091562
-0.0815903834576146,0.0567860787839391,6967.61123143274,-0.0589665649694039,-0.127266389279989,1.39999988130023,2.89470840934305
-0.090484050710752,0.0233910891678158,6967.95771405027,-0.0122987843639207,-0.13969540511312,1.39999987952879,2.97803910454177
-0.0875218484613595,-0.0110296821600127,6968.30419669245,0.0358129947463332,-0.135537257126567,1.39999987929666,3.06394822532035
-0.0730610807828142,-0.0423891762283844,6968.65067932975,0.0796520022402706,-0.115287575103434,1.39999986686135,3.14222782044776
-0.0488254553599953,-0.0669664537464008,6968.99716195885,0.114010134853046,-0.0813543148525597,1.39999990796224,3.20357822192831
-0.0176986588418897,-0.0818458260058702,6969.34364458037,0.134804496686325,-0.0377702222460294,1.39999981220266,3.24070894906593
0.00969346029081429,-0.0855440012986044,6969.62091428657,0.139959221080971,0.000587509313148872,1.39999948002613,3.24991330294329
0.0370400957476555,-0.08160374221474,6969.89818397193,0.134421978059327,0.0388841506471752,1.39999965077722,3.24002591801752
0.0622582955785173,-0.0703264564542965,6970.17545366405,0.118612970909844,0.0742033074260967,1.39999965650388,3.21179711563875
0.0834222896411772,-0.052573732256174,6970.45272336838,0.0937373642813481,0.103848600061106,1.39999963454012,3.16737885603977
0.0989121540013373,-0.0297031686677161,6970.72999306724,0.0616966895273823,0.125553153212241,1.39999955880936,3.11016654237833
0.107542271214778,-0.00346417758255354,6971.007262758,0.0249397150860061,0.137657037984877,1.39999962451132,3.04453273263076
0.108653273399859,0.0241367440540687,6971.28453245042,-0.013725805892288,0.139236312079475,1.39999963364566,2.97549099330786
0.101724454709957,0.0520735347909905,6971.57348288823,-0.0528658186097584,0.129562085373437,1.39999940097988,2.90560199435576
0.0871150236482138,0.0768801998888799,6971.86243332759,-0.0876275647086204,0.109135515418317,1.39999966013757,2.84353089452721
0.0660353760931261,0.0964974404614331,6972.15138378379,-0.115127802370716,0.0796506185735388,1.39999965383359,2.79442605404025
0.0402325033365703,0.109296446603882,6972.44033425272,-0.133085885267787,0.0435520150996158,1.39999966384142,2.76235982948803
0.0118451364430361,0.114214087539487,6972.72928472285,-0.140013015555708,0.00383267989534528,1.3999996739512,2.74999064082863
-0.0167737518848656,0.110840794802514,6973.01823518954,-0.135335169671296,-0.0362139535896963,1.39999967704479,2.75834347322227
-0.0432521007621793,0.0994543188580642,6973.30718565513,-0.119440205247413,-0.0732674339113289,1.39999967467211,2.78672576221086
-0.0697994346825174,0.0757259744348719,6973.66468304851,-0.0862776173467631,-0.110421303140012,1.39999943497394,2.84594138096316
-0.0863701711174226,0.044199363489156,6974.02218046763,-0.0421947207470388,-0.133621027923929,1.39999993037451,2.92465646816824
-0.0910026418756117,0.0151512431296395,6974.31701770372,-0.00156803914301037,-0.140117168924338,1.39999946550742,2.99720008557959
-0.0870031880448382,-0.013982138176981,6974.61185492991,0.0391809832039825,-0.13453204033113,1.39999971582284,3.06996215647276
-0.0747177017647843,-0.0406972560058564,6974.90669215743,0.076550387980257,-0.117346443366053,1.3999997239255,3.13668953109326
-0.0552050528708199,-0.0626940138589044,6975.20152939841,0.107317692073419,-0.0900416911647292,1.3999997593203,3.19162809483487
-0.0301479583479944,-0.0780733724696853,6975.49636663083,0.128824903265543,-0.0549740843731241,1.39999955961217,3.23003169657407
-0.00170902391896548,-0.0855071615191485,6975.79120385323,0.139212127177104,-0.015170891209581,1.39999969111726,3.24857928076396
0.0276565921091414,-0.0843558258600133,6976.08604107675,0.137583881029736,0.0259327164031859,1.39999967399867,3.24567185980555
0.0554141793481158,-0.0747220311061438,6976.38087831114,0.124081770836952,0.0647894167355623,1.39999972414321,3.22156228753927
0.0827692645830612,-0.0537048073819885,6976.72755388127,0.0946408566575958,0.103089921278047,1.39999945073046,3.16899214569792
0.10134410160364,-0.024637022229198,6977.07422945761,0.0539274692404616,0.129109369484144,1.39999982953081,3.0962937050747
0.108442659624596,0.00284757934040392,6977.35913234963,0.0154313021993178,0.139067372164345,1.39999942172509,3.02755436670455
0.107526154596383,0.0312142845921331,6977.64403523444,-0.0243031780611615,0.137806959328607,1.39999966625074,2.95660387751251
0.0986685190957488,0.05818172289577,6977.928938126,-0.062081412486794,0.125429873742687,1.39999967084756,2.88914649048394
0.0825822810975572,0.0815769895096734,6978.21384102841,-0.0948614965904115,0.102932312423582,1.39999967325662,2.83061387629945
0.0605627445750306,0.0995103309447291,6978.49874392723,-0.119998197706778,0.0721279261125897,1.3999995938551,2.78572940243221
0.0343845393219053,0.110532232295434,6978.78364681764,-0.13546224916025,0.035500793664082,1.39999962699987,2.7581165581639
0.00615814356442194,0.113752705801475,6979.06854970975,-0.140007050467914,-0.00399584782196283,1.39999966889246,2.75000129217966
-0.0231056397547112,0.108491109063164,6979.36675923686,-0.132680657670931,-0.0449476709386714,1.39999941126929,2.76308341001664
-0.0495382162629694,0.0948648509940718,6979.66496876815,-0.113645006008937,-0.0819405272213365,1.39999971380695,2.79707375766065
-0.0708063291945107,0.0740751879068368,6979.96317832085,-0.0845804617226017,-0.111708306160125,1.39999970560129,2.84897184772602
-0.0850330048532219,0.0479556460728702,6980.26138788797,-0.0480532986213668,-0.131622170105677,1.39999971116386,2.91419530286727
-0.0909631845572715,0.01881028408138,6980.5595974532,-0.00728701355194184,-0.139924906987971,1.39999970119459,2.98698819833882
-0.0880741426041902,-0.0107897361178368,6980.85780701358,0.0341196869313016,-0.135883902567642,1.39999972611641,3.06092462926369
-0.0766214875637477,-0.0382331680326359,6981.15601657136,0.0725116266584646,-0.119855779584333,1.39999968884186,3.1294778577649
-0.0534241809123774,-0.0646277378882395,6981.50893460416,0.109437944688098,-0.0873866458752985,1.39999948461079,3.19541404998607
-0.0225325142708676,-0.0813715492988919,6981.8618526496,0.132865776519137,-0.0441429570006526,1.39999983793762,3.23724714099982
0.00505817708588333,-0.0863854361570335,6982.1431172657,0.139883223462273,-0.00551629665624968,1.39999948125666,3.24977760044539
0.0329464012216233,-0.0835453544699595,6982.42438187345,0.135906986130862,0.0335297295357415,1.39999967243273,3.24267757090032
0.0589487778191523,-0.0730753456783077,6982.70564648255,0.12124945418609,0.0699390086177804,1.39999967583064,3.21650486007054
0.081024369040273,-0.0557973859137263,6982.98691110144,0.0970597779101135,0.100853231868152,1.39999969961428,3.17331140808811
0.0974351250690653,-0.0330689410230297,6983.26817571123,0.0652393299097275,0.123839726995754,1.39999952107116,3.11649233465021
0.106888388424312,-0.00667711262322477,6983.54944031109,0.0282896242266071,0.13708871524185,1.39999962743133,3.05051438108108
0.10864118082827,0.0213026205128837,6983.83070491419,-0.0108849622306928,0.139559730438944,1.39999964514691,2.98056364673599
0.102236965599062,0.04950816639524,6984.12092939208,-0.0503791809624324,0.130613225980577,1.39999940184341,2.91004217216517
0.0880266426268621,0.0747028502746021,6984.41115387158,-0.0856623503856794,0.110738831914192,1.39999966822517,2.84704001095873
0.0671981487407411,0.0947784570288168,6984.70137836752,-0.113782690910741,0.0815988333638322,1.39999966040587,2.79682790541662
0.0414929562154877,0.108054955862716,6984.99160287599,-0.132387780874663,0.0456301416004656,1.39999966887797,2.7636063752557
0.0130607401597331,0.113421115379456,6985.28182738557,-0.139921505868174,0.0058412116458428,1.39999967770035,2.75015404191137
-0.0157206137145184,0.110427421406049,6985.57205189171,-0.135753962970612,-0.0344396208243958,1.39999968113072,2.75759566957007
-0.0424441417804873,0.0993236035385977,6985.86227639686,-0.120233758945605,-0.0718431532346058,1.39999968038485,2.78530878071978
-0.0692739612858227,0.0758854992563322,6986.22014272992,-0.0874516471089283,-0.109401124085782,1.39999943563655,2.8438450156551
-0.0861925240205193,0.0445246734245829,6986.57800908828,-0.0435751536791947,-0.133096642293254,1.39999993232951,2.92219154623668
-0.0911281117692538,0.0154078403867564,6986.87418705262,-0.00283124233051057,-0.14002462631304,1.39999946508151,2.99494449085394
-0.0873546954798687,-0.0138751496177319,6987.17036500726,0.0381482726034652,-0.134763537157225,1.39999971875598,3.06811813279811
-0.0752012784425914,-0.0407836660744215,6987.46654296364,0.075809580094854,-0.117770497699127,1.39999972740673,3.13536673332362
-0.0557244262528119,-0.0629786245758177,6987.76272093369,0.106875622959299,-0.0905235509473657,1.39999976260487,3.19083872953557
-0.030618497564835,-0.0785252586976445,6988.05889889493,0.12863837763794,-0.0553952543966013,1.39999956156989,3.22969863359103
-0.00206943826570859,-0.0860675059636762,6988.35507684593,0.139198876259581,-0.0154455099973962,1.39999969368153,3.24855561972512
0.0274362328778888,-0.0849492371527185,6988.65125479807,0.137638421243637,0.0258466519959274,1.39999967647762,3.24576924763676
0.0553290954347394,-0.075269826074164,6988.94743276129,0.124093983234159,0.0648853504771073,1.39999972722975,3.22158409418052
0.0827285972425447,-0.0541829743034845,6989.29473450544,0.094580877508211,0.103239567476103,1.39999944958767,3.1688850460212
0.101309678062518,-0.0250239640581045,6989.64203625584,0.0537649855671218,0.129259485484972,1.39999983378044,3.09600357176898
0.108381628742482,0.00256183117830442,6989.927704486,0.0151477756277705,0.139173583571347,1.39999942145172,3.02704809736823
0.107393683470025,0.0310165902263166,6990.213372709,-0.0246894542960735,0.13780656230402,1.39999966964431,2.95591413682254
0.0984263515000121,0.0580408374632919,6990.49904093897,-0.0625267944029999,0.125269341567874,1.39999967442515,2.88835120979511
0.0822052337878718,0.0814466465315269,6990.78470917994,-0.0953013092034285,0.102576398727144,1.39999967694943,2.82982854024266
0.0600438622953175,0.0993344826538976,6991.07037741732,-0.120354076785863,0.0715668920313167,1.39999959716348,2.78509393936364
0.0337382274114564,0.110251944644276,6991.35604564619,-0.135651786892966,0.0347547906707205,1.3999996304933,2.75777811672039
0.00542079784091915,0.113313933055976,6991.64171387677,-0.13995466675261,-0.00487590472964627,1.39999967257981,2.75009482933434
-0.0237205417138246,0.107896928056646,6991.93906323131,-0.132389663583867,-0.0456633043900059,1.39999941266804,2.76360301346166
-0.0499975482751147,0.094180041587917,6992.23641258936,-0.113206090640299,-0.0824452876851856,1.39999971100855,2.7978574915843
-0.0711036641092088,0.0733668649361306,6992.53376196816,-0.0840875799536054,-0.11199306932485,1.39999970236982,2.84985194487074
-0.0851864927745725,0.0472837571831591,6992.83111136116,-0.047590408123104,-0.13171221616543,1.39999970802791,2.91502184714515
-0.0910103324083722,0.0182197073165388,6993.12846075237,-0.00691702883777688,-0.139872640128311,1.39999969745318,2.98764884864283
-0.0880643385544978,-0.0112746385076965,6993.42581013881,0.0343625429321011,-0.135758388586699,1.39999972261771,3.06135827661347
-0.0766072532088583,-0.0386109335938411,6993.72315952268,0.0726251818936965,-0.119730489425933,1.39999968598859,3.12968062371118
-0.0533939396511308,-0.0649625586124784,6994.07595598564,0.109515700652168,-0.0872465343725569,1.39999948402355,3.19555289221207
-0.022497742092404,-0.0816651250305472,6994.42875246155,0.132909989230943,-0.0440040500690644,1.39999983721495,3.23732608788702
0.00509256752127858,-0.0866503824909085,6994.70994492706,0.139906577200249,-0.00538392644857961,1.39999948042569,3.2498193012333
0.0329766750595332,-0.083785564724483,6994.99113738418,0.135914893712236,0.033650340439762,1.39999967156982,3.24269169079728
0.0589729496802582,-0.0732954589892011,6995.27232984262,0.121248371401116,0.0700450855750289,1.39999967515567,3.2165029266333
0.0810423040603118,-0.0560021293905776,6995.55352231091,0.0970562798172917,0.100944593411294,1.39999969921803,3.17330516184064
0.0974483992521592,-0.0332624856263766,6995.83471477018,0.0652392133252368,0.12391858749951,1.39999952077791,3.11649212647518
0.106899931474682,-0.00686252336859559,6996.11590721952,0.0282971426662971,0.1371591830901,1.39999962706406,3.05052780612076
0.108654760906173,0.0211237710474797,6996.39709967208,-0.0108676400131205,0.13962708752019,1.39999964475059,2.9805945775498
0.102268164003408,0.0493069107430793,6996.68693593863,-0.050310935608728,0.130699087372914,1.39999940174522,2.91016403210139
0.088095111271229,0.0744900029432976,6996.97677220671,-0.0855583307573838,0.110870715540341,1.3999996669875,2.84722574998097
0.0673176175370969,0.0945725837007653,6997.2666084911,-0.113668890700154,0.081795972078622,1.39999965915275,2.79703110879461
0.0416686199111748,0.107879672655339,6997.55644478796,-0.132297266802622,0.0458998304268428,1.39999966763002,2.76376799855234
0.0132877504018451,0.113301594638401,6997.84628108595,-0.139889532312667,0.00617670031877769,1.39999967638893,2.75021113437588
-0.0154573467230523,0.110386533350627,6998.13611738051,-0.13581257094292,-0.0340594119791655,1.39999967989064,2.7574910182879
-0.042168771159308,0.0993781557696709,6998.42595367411,-0.12040651165496,-0.0714519897643851,1.39999967930865,2.78500031086796
-0.0690595708034668,0.0760256600217451,6998.78387014415,-0.0877203182431516,-0.109102666641461,1.39999943599324,2.84336527241246
-0.0860573782256865,0.0447219782820113,6999.14178663971,-0.0438999826225355,-0.132916441768495,1.399999932688,2.92161152676033
-0.0910648128722557,0.015602540900585,6999.43826016102,-0.00313275525369457,-0.139951100867517,1.39999946541542,2.99440610481598
-0.0873463530751326,-0.0137034511402786,6999.73473367271,0.0378986054317521,-0.134773069245935,1.39999971984284,3.06767232331848
-0.0770140232861542,-0.0377628778663962,6999.99729521762,0.0715871818177158,-0.120331481074217,1.39999948667763,3.1278271550691
