t,thetadot
4949.99149963196,1.39999951203713
4950.18237385321,1.39999959612889
4950.37324807445,1.39999965610598
4950.5746134933,1.39999949389762
4950.77597891215,1.39999967698194
4950.977344331,1.39999966275758
4951.17870974985,1.39999966998088
4951.38007516869,1.39999963106779
4951.58144058754,1.39999967237112
4951.78280600639,1.39999962779285
4952.02778243365,1.39999944347531
4952.27275886092,1.3999998018477
4952.47383907811,1.39999940841324
4952.6749192953,1.39999963844661
4952.87599951249,1.3999996515809
4953.07707972968,1.39999967334078
4953.27815994687,1.39999958606066
4953.47924016406,1.39999951052616
4953.68032038125,1.39999956687177
4953.88140059844,1.39999973872669
4954.10486750248,1.39999941976008
4954.32833440652,1.39999982903266
4954.55180131056,1.39999968017726
4954.7752682146,1.39999970615007
4954.99873511864,1.39999974451541
4955.22220202268,1.39999981808655
4955.44566892672,1.39999972785758
4955.68306774584,1.39999949871984
4955.92046656497,1.39999978177712
4956.1578653841,1.39999975600969
4956.39526420322,1.39999976621767
4956.63266302235,1.39999977098593
4956.87006184148,1.39999982939684
4957.1074606606,1.3999997962319
4957.34485947973,1.39999981871336
4957.60096790817,1.39999937626833
4957.8570763366,1.40000004813978
4958.11318476504,1.39999987132045
4958.36929319347,1.39999987027792
4958.62540162191,1.40000019710047
4958.88151005034,1.40000016869912
4959.13761847878,1.39999993638312
4959.35021404208,1.39999948019699
4959.56280960539,1.39999973156161
4959.77540516869,1.39999973021699
4959.988000732,1.39999971743259
4960.2005962953,1.39999962026637
4960.4131918586,1.39999971214461
4960.62578742191,1.39999968141764
4960.87022033445,1.39999945515697
4961.11465324698,1.39999980211876
4961.35908615952,1.39999979897356
4961.55984472836,1.3999994010257
4961.76060329719,1.39999965040141
4961.96136186603,1.39999965284507
4962.16212043486,1.39999962321293
4962.3628790037,1.39999959130649
4962.56363757253,1.3999995559712
4962.76439614137,1.39999964629556
4962.96568699313,1.39999941149982
4963.16697784488,1.39999969273103
4963.36826869664,1.39999962059506
4963.5695595484,1.39999963365889
4963.77085040015,1.39999964989029
4963.97214125191,1.39999969765518
4964.17343210367,1.39999965441528
4964.42059123898,1.39999949642932
4964.66775037428,1.39999982221905
4964.86929479674,1.39999948930286
4965.0708392192,1.39999966552201
4965.27238364165,1.39999967431774
4965.47392806411,1.39999969827044
4965.67547248657,1.3999995379125
4965.87701690902,1.39999962136147
4966.07856133148,1.3999996366679
4966.2850532589,1.39999939185852
4966.49154518632,1.39999965870913
4966.69803711374,1.39999965162998
4966.90452904115,1.39999966011792
4967.11102096857,1.39999967025277
4967.31751289599,1.39999967529877
4967.52400482341,1.39999967683154
4967.77741578028,1.39999943667943
4968.03082673715,1.3999999276806
4968.23455431027,1.399999471226
4968.43828188339,1.39999969208758
4968.64200945652,1.39999969532298
4968.84573702964,1.39999973498138
4969.04946460276,1.39999954059851
4969.25319217588,1.3999996729745
4969.45691974901,1.39999965584796
4969.66448815666,1.39999946478004
4969.87205656432,1.39999965818461
4970.07962497197,1.39999965467983
4970.28719337963,1.39999965982715
4970.49476178728,1.39999965052635
4970.70233019494,1.39999967462197
4970.90989860259,1.3999996586294
4971.16364531808,1.39999938711564
4971.41739203357,1.39999994642543
4971.61725828948,1.3999993970606
4971.81712454539,1.39999964990534
4972.01699080129,1.39999966730069
4972.2168570572,1.39999965624013
4972.41672331311,1.39999958643816
4972.61658956901,1.39999964093039
4972.81645582492,1.39999966612125
4973.02174456537,1.39999948251048
4973.22703330581,1.39999967631908
4973.43232204626,1.39999966130804
4973.63761078671,1.39999967691751
4973.84289952715,1.39999964441107
4974.0481882676,1.39999968957863
4974.25347700804,1.39999964237149
4974.4995158646,1.39999944221405
4974.74555472115,1.39999982507735
4974.94887492526,1.39999941501046
4975.15219512936,1.39999966002078
4975.35551533346,1.39999967027627
4975.55883553757,1.39999966689036
4975.76215574167,1.39999959668601
4975.96547594578,1.39999962325684
4976.16879614988,1.39999966695272
4976.37211635398,1.39999968071439
4976.61960396895,1.39999942800624
4976.86709158391,1.39999988130023
4977.11457919887,1.39999987952879
4977.36206681384,1.39999987929666
4977.6095544288,1.39999986686135
4977.85704204377,1.39999990796224
4978.10452965873,1.39999981220266
4978.3025794956,1.39999948002613
4978.50062933246,1.39999965077722
4978.69867916933,1.39999965650388
4978.8967290062,1.39999963454012
4979.09477884306,1.39999955880936
4979.29282867993,1.39999962451132
4979.4908785168,1.39999963364566
4979.69727175586,1.39999940097988
4979.90366499493,1.39999966013757
4980.110058234,1.39999965383359
4980.31645147307,1.39999966384142
4980.52284471213,1.3999996739512
4980.7292379512,1.39999967704479
4980.93563119027,1.39999967467211
4981.1909865505,1.39999943497394
4981.44634191073,1.39999993037451
4981.65693998074,1.39999946550742
4981.86753805075,1.39999971582284
4982.07813612077,1.3999997239255
4982.28873419078,1.3999997593203
4982.49933226079,1.39999955961217
4982.70993033081,1.39999969111726
4982.92052840082,1.39999967399867
4983.13112647083,1.39999972414321
4983.37875194507,1.39999945073046
4983.6263774193,1.39999982953081
4983.82987953967,1.39999942172509
4984.03338166004,1.39999966625074
4984.23688378041,1.39999967084756
4984.44038590078,1.39999967325662
4984.64388802115,1.3999995938551
4984.84739014152,1.39999962699987
4985.05089226189,1.39999966889246
4985.26389913559,1.39999941126929
4985.47690600928,1.39999971380695
4985.68991288297,1.39999970560129
4985.90291975666,1.39999971116386
4986.11592663036,1.39999970119459
4986.32893350405,1.39999972611641
4986.54194037774,1.39999968884186
4986.79402475828,1.39999948461079
4987.04610913883,1.39999983793762
4987.24701248388,1.39999948125666
4987.44791582894,1.39999967243273
4987.648819174,1.39999967583064
4987.84972251906,1.39999969961428
4988.05062586412,1.39999952107116
4988.25152920917,1.39999962743133
4988.45243255423,1.39999964514691
4988.65973582105,1.39999940184341
4988.86703908788,1.39999966822517
4989.0743423547,1.39999966040587
4989.28164562153,1.39999966887797
4989.48894888835,1.39999967770035
4989.69625215517,1.39999968113072
4989.903555422,1.39999968038485
4990.15917431003,1.39999943563655
4990.41479319807,1.39999993232951
4990.62634893131,1.39999946508151
4990.83790466454,1.39999971875598
4991.04946039778,1.39999972740673
4991.26101613101,1.39999976260487
4991.47257186425,1.39999956156989
4991.68412759749,1.39999969368153
4991.89568333072,1.39999967647762
4992.10723906396,1.39999972722975
4992.35531180523,1.39999944958767
4992.60338454649,1.39999983378044
4992.80743333685,1.39999942145172
4993.01148212721,1.39999966964431
4993.21553091756,1.39999967442515
4993.41957970792,1.39999967694943
4993.62362849828,1.39999959716348
4993.82767728864,1.3999996304933
4994.03172607899,1.39999967257981
4994.24411854309,1.39999941266804
4994.45651100718,1.39999971100855
4994.66890347127,1.39999970236982
4994.88129593536,1.39999970802791
4995.09368839945,1.39999969745318
4995.30608086354,1.39999972261771
4995.51847332763,1.39999968598859
4995.77047087292,1.39999948402355
4996.02246841821,1.39999983721495
4996.2233202272,1.39999948042569
4996.4241720362,1.39999967156982
4996.62502384519,1.39999967515567
4996.82587565419,1.39999969921803
4997.02672746318,1.39999952077791
4997.22757927218,1.39999962706406
4997.42843108117,1.39999964475059
4997.63545705413,1.39999940174522
4997.84248302709,1.3999996669875
4998.04950900005,1.39999965915275
4998.25653497301,1.39999966763002
4998.46356094597,1.39999967638893
4998.67058691893,1.39999967989064
4998.87761289189,1.39999967930865
4999.13326759216,1.39999943599324
4999.38892229243,1.399999932688
4999.60068913778,1.39999946541542
4999.81245598314,1.39999971984284
5000,1.39999948667763
