freqs,specs
0,6.2791094749676e-08
0.00359045799882233,1.99885527586569e-08
0.00718091599764466,4.66623014205296e-09
0.010771373996467,7.22014140607918e-09
0.0143618319952893,3.67620578531922e-09
0.0179522899941117,3.84545941068447e-09
0.021542747992934,5.39201479401022e-09
0.0251332059917563,4.95786287677283e-09
0.0287236639905786,5.27192588729966e-09
0.032314121989401,2.49737540774235e-09
0.0359045799882233,1.89938414600748e-09
0.0394950379870456,5.49594872256485e-09
0.043085495985868,4.02967660034502e-09
0.0466759539846903,3.92963691028032e-09
0.0502664119835126,3.2369762652633e-09
0.053856869982335,5.28050310262762e-09
0.0574473279811573,5.23742714008551e-09
0.0610377859799796,3.43152768011321e-09
0.0646282439788019,1.81477773043207e-09
0.0682187019776243,4.25063551741097e-09
0.0718091599764466,5.63793966417309e-09
0.0753996179752689,3.56269802378891e-09
0.0789900759740913,4.88251757342055e-09
0.0825805339729136,3.05679644819228e-09
0.0861709919717359,6.57404230640657e-09
0.0897614499705583,1.9802576871716e-09
0.0933519079693806,4.71169524375948e-09
0.0969423659682029,4.67156982767187e-09
0.100532823967025,3.86520043239974e-09
0.104123281965848,7.12424008714807e-10
0.10771373996467,1.99478538028109e-09
0.111304197963492,4.51488980805435e-09
0.114894655962315,5.44663721112169e-09
0.118485113961137,3.83835211803065e-09
0.122075571959959,3.87566440924759e-10
0.125666029958782,6.5415474282284e-10
0.129256487957604,1.10491793226823e-09
0.132846945956426,4.12066407881943e-09
0.136437403955249,8.64738699928881e-10
0.140027861954071,2.54277858388637e-09
0.143618319952893,9.93616798565561e-09
0.147208777951716,8.43014590435741e-09
0.150799235950538,1.0020292271553e-09
0.15438969394936,6.3456568607515e-09
0.157980151948183,9.9613496504151e-10
0.161570609947005,3.41672072851443e-09
0.165161067945827,2.80557778310318e-09
0.16875152594465,4.90691693571964e-09
0.172341983943472,4.91544902016104e-09
0.175932441942294,1.59674952209781e-09
0.179522899941117,2.31868168508539e-09
0.183113357939939,5.82463722926676e-09
0.186703815938761,5.68675644323878e-09
0.190294273937583,1.67434468618552e-09
0.193884731936406,2.54008858859591e-09
0.197475189935228,6.33801700083447e-09
0.20106564793405,4.55289157096148e-09
0.204656105932873,2.75298016474584e-09
0.208246563931695,2.95620244455428e-09
0.211837021930517,6.09905552986962e-09
0.21542747992934,5.36657776609228e-09
0.219017937928162,4.27444612925603e-09
0.222608395926984,1.45649901145714e-09
0.226198853925807,6.71618759236865e-09
0.229789311924629,5.7872799180061e-09
0.233379769923451,1.08667974986714e-09
0.236970227922274,4.6912112199545e-09
0.240560685921096,4.62117928335215e-09
0.244151143919918,1.97964918633221e-09
0.247741601918741,7.78870255936887e-09
0.251332059917563,8.1706948540131e-09
0.254922517916385,4.27271754833083e-09
0.258512975915208,2.006635845208e-09
0.26210343391403,3.63560889863142e-09
0.265693891912852,3.94984818679353e-09
0.269284349911675,3.40950426000449e-09
0.272874807910497,2.23603270716161e-09
0.276465265909319,2.85461135967692e-09
0.280055723908142,4.80402415514059e-09
0.283646181906964,4.46024486806186e-09
0.287236639905786,1.91128913225647e-09
0.290827097904609,1.66261674654937e-09
0.294417555903431,2.27812987091512e-09
0.298008013902253,6.06662088529827e-09
0.301598471901076,2.71430285764181e-09
0.305188929899898,3.12424116055372e-09
0.30877938789872,5.34724870631223e-09
0.312369845897543,5.23197206200092e-09
0.315960303896365,2.84264281031306e-09
0.319550761895187,3.51083188760955e-09
0.32314121989401,3.40303435654504e-09
0.326731677892832,4.07399776802655e-09
0.330322135891654,1.86289335881179e-09
0.333912593890477,7.74999113674523e-09
0.337503051889299,5.4722995938614e-09
0.341093509888121,5.29952716783326e-09
0.344683967886944,5.35284657030047e-09
0.348274425885766,3.59603407177198e-09
0.351864883884588,1.85220286416518e-09
0.355455341883411,1.80103576784686e-09
0.359045799882233,6.82342259999732e-09
0.362636257881055,3.08161123799951e-09
0.366226715879878,3.54040481634935e-09
0.3698171738787,1.85171918694e-09
0.373407631877522,6.20897380441131e-09
0.376998089876345,5.03824173372132e-09
0.380588547875167,1.11926223054525e-09
0.384179005873989,6.92576200414234e-09
0.387769463872812,2.3804668310974e-09
0.391359921871634,5.22951321004209e-09
0.394950379870456,2.62405498028613e-09
0.398540837869279,1.20489226084761e-08
0.402131295868101,1.79096181684413e-09
0.405721753866923,1.16012280818207e-09
0.409312211865746,1.70626057301704e-09
0.412902669864568,6.74770564202464e-09
0.41649312786339,5.63356836019142e-09
0.420083585862213,5.38593032019236e-09
0.423674043861035,7.65666117922321e-09
0.427264501859857,1.43683187275697e-09
0.43085495985868,4.84781668918744e-09
0.434445417857502,4.52774551871905e-09
0.438035875856324,4.77176302617861e-09
0.441626333855147,7.34792842937104e-09
0.445216791853969,3.75719345161329e-09
0.448807249852791,4.5131389972105e-09
0.452397707851614,6.19320123582605e-09
0.455988165850436,4.47927678344036e-09
0.459578623849258,3.55273590777726e-09
0.463169081848081,2.52285951240081e-09
0.466759539846903,9.40393885165477e-10
0.470349997845725,4.13196243886654e-09
0.473940455844548,3.92647068763856e-10
0.47753091384337,8.79189301579374e-09
0.481121371842192,1.3051109346825e-08
0.484711829841015,2.15286646731033e-09
0.488302287839837,5.35287554023996e-09
0.491892745838659,4.71724229246347e-09
0.495483203837482,3.10665857786456e-09
0.499073661836304,2.22922638759941e-09
0.502664119835126,7.45088422549989e-09
0.506254577833949,2.76726151666718e-09
0.509845035832771,6.24990348584605e-09
0.513435493831593,1.94792098295976e-09
0.517025951830416,4.86908038449418e-09
0.520616409829238,6.80867799681235e-09
0.52420686782806,1.64336766376413e-09
0.527797325826883,5.59256663799594e-09
0.531387783825705,1.26244991411795e-09
0.534978241824527,7.43016320723626e-09
0.53856869982335,5.81311342971307e-09
0.542159157822172,1.80772894593347e-09
0.545749615820994,2.09479217964327e-09
0.549340073819817,1.93364236446436e-09
0.552930531818639,7.65544130543164e-09
0.556520989817461,7.01430569758426e-09
0.560111447816284,6.37199556667636e-09
0.563701905815106,5.83831011653979e-09
0.567292363813928,4.17677608768345e-09
0.57088282181275,1.78023495354889e-09
0.574473279811573,1.05969097172655e-08
0.578063737810395,1.27326450722349e-08
0.581654195809218,3.97560001427668e-09
0.58524465380804,6.40786191675985e-09
0.588835111806862,5.88425748589534e-09
0.592425569805685,3.81876026887605e-09
0.596016027804507,6.62788515811954e-09
0.599606485803329,3.8135017832048e-09
0.603196943802151,5.01912687710035e-09
0.606787401800974,1.19488698856507e-08
0.610377859799796,5.79036780045697e-09
0.613968317798618,4.97850180122528e-09
0.617558775797441,4.62702197124985e-09
0.621149233796263,3.77242196120846e-09
0.624739691795085,7.51016749952951e-09
0.628330149793908,4.11804491215301e-09
0.63192060779273,2.63280050250982e-09
0.635511065791552,3.92399162416304e-09
0.639101523790375,6.35766666321619e-09
0.642691981789197,6.25068626113047e-09
0.646282439788019,4.94879224311574e-09
0.649872897786842,6.50614160627933e-09
0.653463355785664,4.28111946362784e-09
0.657053813784486,4.30327787518349e-09
0.660644271783309,8.48087996457761e-09
0.664234729782131,7.82713692505324e-09
0.667825187780953,1.85273487572362e-09
0.671415645779776,1.99582068143427e-09
0.675006103778598,5.09830679332017e-09
0.67859656177742,3.87638078722828e-09
0.682187019776243,8.20378364132167e-09
0.685777477775065,3.82083884706897e-09
0.689367935773887,9.50677244149488e-10
0.69295839377271,5.61223270380318e-09
0.696548851771532,6.59051556472374e-09
0.700139309770354,5.07367321075383e-09
0.703729767769177,6.21932557124973e-09
0.707320225767999,6.26157477363747e-09
0.710910683766821,4.80785893221074e-09
0.714501141765644,4.47367744794954e-09
0.718091599764466,4.24091810475819e-09
0.721682057763288,1.48929043987657e-09
0.725272515762111,5.90067041304964e-09
0.728862973760933,4.26647107525306e-09
0.732453431759755,1.79436280220054e-09
0.736043889758578,2.30571312149151e-09
0.7396343477574,5.55863730906871e-09
0.743224805756222,5.71382243964002e-09
0.746815263755045,6.44660611989223e-09
0.750405721753867,2.11456376535994e-09
0.753996179752689,2.45508879629762e-09
0.757586637751512,7.60683026665713e-09
0.761177095750334,2.39666217338574e-09
0.764767553749156,3.67557764469037e-09
0.768358011747979,2.18950323108001e-09
0.771948469746801,3.99675283504307e-09
0.775538927745623,3.93874670145369e-09
0.779129385744446,5.62752436949275e-09
0.782719843743268,6.86362753310258e-10
0.78631030174209,1.08009700985149e-08
0.789900759740913,3.69420692129526e-09
0.793491217739735,1.0322497669127e-08
0.797081675738557,1.58788806846497e-09
0.80067213373738,4.1916294517227e-09
0.804262591736202,5.13988714286093e-09
0.807853049735024,1.80444263838865e-09
0.811443507733847,3.55048820640252e-09
0.815033965732669,4.82672090073281e-09
0.818624423731491,1.85928755966506e-09
0.822214881730314,5.67737143497368e-09
0.825805339729136,9.49232415132577e-09
0.829395797727958,2.91037953990711e-09
0.832986255726781,4.37097238469388e-09
0.836576713725603,1.55526414901491e-09
0.840167171724425,7.93337564283282e-09
0.843757629723248,3.5349725586513e-09
0.84734808772207,1.10183367904711e-08
0.850938545720892,1.47871792116254e-09
0.854529003719715,8.71817857455185e-09
0.858119461718537,5.44886344436735e-09
0.861709919717359,6.19848886990571e-09
0.865300377716182,3.38180112227901e-09
0.868890835715004,1.06275843734201e-08
0.872481293713826,6.88434495850553e-09
0.876071751712649,8.62180512074603e-09
0.879662209711471,5.59198212358612e-09
0.883252667710293,4.345821876696e-09
0.886843125709115,2.55582761448557e-09
0.890433583707938,7.76813167871301e-09
0.89402404170676,9.1379215412513e-09
0.897614499705583,4.4726790406416e-09
0.901204957704405,1.25358377389549e-08
0.904795415703227,2.50815617953979e-09
0.90838587370205,6.81824698568323e-09
0.911976331700872,9.18271001625728e-09
0.915566789699694,6.05695739610109e-09
0.919157247698516,6.17005226179023e-10
0.922747705697339,1.29016833887816e-08
0.926338163696161,3.89920227584225e-09
0.929928621694984,5.62655125296707e-09
0.933519079693806,4.38309287212927e-09
0.937109537692628,3.78798917432481e-09
0.940699995691451,2.14541645793555e-09
0.944290453690273,1.4317624160713e-08
0.947880911689095,8.52802662320314e-09
0.951471369687917,1.31716282244011e-08
0.95506182768674,1.45130485059719e-08
0.958652285685562,7.00108919280484e-09
0.962242743684384,6.13397053165956e-09
0.965833201683207,1.14551593709193e-08
0.969423659682029,1.81780091802748e-08
0.973014117680852,1.05648266053321e-08
0.976604575679674,1.39175267579029e-08
0.980195033678496,2.1469199047339e-08
0.983785491677318,2.25770719581745e-08
0.987375949676141,2.68630326729825e-08
0.990966407674963,4.35064972024178e-08
0.994556865673785,7.20254056098746e-08
0.998147323672608,2.10982882839546e-07
1.00173778167143,2.20614372666746e-07
1.00532823967025,7.04702367894931e-08
1.00891869766907,4.24478119593949e-08
1.0125091556679,2.53447435793226e-08
1.01609961366672,2.65573203049845e-08
1.01969007166554,1.78940627614309e-08
1.02328052966436,1.94157208427995e-08
1.02687098766319,1.06359395555293e-08
1.03046144566201,2.1027062986246e-08
1.03405190366083,1.16999788201189e-08
1.03764236165965,6.23469866221875e-09
1.04123281965848,1.0790388308276e-08
1.0448232776573,1.19048922945551e-08
1.04841373565612,1.18461852555895e-08
1.05200419365494,6.68470069154183e-09
1.05559465165377,1.28729814811369e-08
1.05918510965259,3.82568006930829e-09
1.06277556765141,7.45677923607696e-09
1.06636602565023,6.99506115812986e-09
1.06995648364905,1.03809245267399e-08
1.07354694164788,1.57620428482375e-09
1.0771373996467,1.64292444183537e-08
1.08072785764552,1.28884397103705e-09
1.08431831564434,1.00162180907795e-08
1.08790877364317,9.00698694631278e-09
1.09149923164199,9.51851716836356e-09
1.09508968964081,5.20215571955179e-09
1.09868014763963,1.17147063315549e-08
1.10227060563846,4.0921173599696e-09
1.10586106363728,4.90877879474257e-09
1.1094515216361,1.91399396714566e-09
1.11304197963492,5.83701694868329e-09
1.11663243763374,6.79346931937805e-09
1.12022289563257,5.85864065439939e-09
1.12381335363139,8.13221112577483e-09
1.12740381163021,6.45205762308662e-09
1.13099426962903,6.66765178577475e-09
1.13458472762786,2.30463365662377e-09
1.13817518562668,3.03140689998393e-09
1.1417656436255,6.85319697306657e-09
1.14535610162432,1.12449037138849e-08
1.14894655962315,1.99025013443802e-09
1.15253701762197,9.90449766595839e-09
1.15612747562079,3.02625189363739e-09
1.15971793361961,7.04437267484217e-09
1.16330839161844,1.55076903543661e-09
1.16689884961726,2.03348331704965e-09
1.17048930761608,2.84483874328356e-09
1.1740797656149,7.91171223686218e-09
1.17767022361372,6.10579742183293e-09
1.18126068161255,3.14549519056786e-09
1.18485113961137,1.01132674576265e-08
1.18844159761019,4.84684743192548e-09
1.19203205560901,4.26401832862464e-09
1.19562251360784,3.56083553524126e-09
1.19921297160666,3.00232229813814e-09
1.20280342960548,3.10225828949651e-09
1.2063938876043,7.92370750514099e-09
1.20998434560313,3.25073290444338e-09
1.21357480360195,9.75157159707058e-09
1.21716526160077,1.99243718010066e-09
1.22075571959959,5.99499946663223e-09
1.22434617759841,6.6291610410274e-09
1.22793663559724,3.97258416476486e-09
1.23152709359606,2.37340667693808e-09
1.23511755159488,7.86504492195544e-10
1.2387080095937,2.62349873282902e-09
1.24229846759253,8.62929042406211e-09
1.24588892559135,1.2360045937447e-09
1.24947938359017,3.34930410891561e-09
1.25306984158899,4.21299048009533e-09
1.25666029958782,6.49238556535096e-09
1.26025075758664,4.7362070259597e-09
1.26384121558546,3.30820497254448e-09
1.26743167358428,1.43488793262782e-09
1.2710221315831,5.38336551830261e-09
1.27461258958193,4.71417550943088e-09
1.27820304758075,4.99102602490702e-09
1.28179350557957,3.37005769969127e-09
1.28538396357839,7.47548501282943e-09
1.28897442157722,1.90129398821941e-09
1.29256487957604,4.60836281159019e-09
1.29615533757486,3.29499252578086e-09
1.29974579557368,1.05885243594494e-09
1.30333625357251,7.22713766353305e-09
1.30692671157133,4.78145631267189e-09
1.31051716957015,3.14160880099371e-09
1.31410762756897,4.65486440633748e-09
1.3176980855678,8.32137965108088e-09
1.32128854356662,7.61337858103783e-09
1.32487900156544,7.74080567019985e-09
1.32846945956426,2.79584533037025e-09
1.33205991756308,1.95342013170041e-09
1.33565037556191,5.61325375591601e-09
1.33924083356073,8.94322043394304e-09
1.34283129155955,6.98993357459875e-09
1.34642174955837,3.27697756665411e-09
1.3500122075572,2.18825548599324e-09
1.35360266555602,4.24751729043973e-09
1.35719312355484,1.97514029820186e-09
1.36078358155366,1.71171805018785e-09
1.36437403955249,1.56317455491504e-09
1.36796449755131,4.83023440741343e-09
1.37155495555013,4.49862696561501e-09
1.37514541354895,7.11483933646054e-09
1.37873587154777,2.14883193397303e-09
1.3823263295466,6.1998914475103e-10
1.38591678754542,5.89361428686668e-09
1.38950724554424,6.02734127938095e-09
1.39309770354306,7.95865766916183e-09
1.39668816154189,3.11359819727162e-09
1.40027861954071,2.60510200215e-09
1.40386907753953,3.23776900274207e-09
1.40745953553835,5.08860694790367e-09
1.41104999353718,4.02918596319521e-09
1.414640451536,7.12604290424302e-09
1.41823090953482,4.08890898931936e-09
1.42182136753364,9.70701969769615e-09
1.42541182553247,9.04092082611555e-09
1.42900228353129,3.06682490580323e-09
1.43259274153011,6.9447221586326e-09
1.43618319952893,5.32231209047107e-09
1.43977365752775,4.38290409977219e-09
1.44336411552658,6.37233432913756e-09
1.4469545735254,2.35840707488911e-09
1.45054503152422,3.24590096349859e-09
1.45413548952304,1.66269708145258e-09
1.45772594752187,1.67209051246554e-09
1.46131640552069,5.45159949110478e-09
1.46490686351951,9.11124035978915e-09
1.46849732151833,2.46357915070124e-09
1.47208777951716,3.44145029969833e-09
1.47567823751598,3.87689945493569e-09
1.4792686955148,6.27370554052359e-09
1.48285915351362,6.80349840642926e-09
1.48644961151244,2.89554867408524e-09
1.49004006951127,6.86836838947199e-09
1.49363052751009,3.07399438673531e-09
1.49722098550891,8.64681877234789e-09
1.50081144350773,5.31224231648146e-10
1.50440190150656,7.98542104897739e-10
1.50799235950538,8.26659721262924e-09
1.5115828175042,5.19501293828099e-09
1.51517327550302,4.94941413562241e-10
1.51876373350185,8.36020059699397e-09
1.52235419150067,5.52920462836585e-09
1.52594464949949,1.33707933244378e-09
1.52953510749831,5.00448923781036e-09
1.53312556549713,5.6436534040392e-09
1.53671602349596,4.1651907521993e-09
1.54030648149478,4.40396500409526e-09
1.5438969394936,2.58036210028402e-09
1.54748739749242,3.20632567896156e-09
1.55107785549125,3.513291237996e-09
1.55466831349007,6.94492412899089e-09
1.55825877148889,6.75623328032049e-09
1.56184922948771,4.92379577514617e-09
1.56543968748654,5.3986567923465e-09
1.56903014548536,2.36382105915459e-09
1.57262060348418,2.67038178090861e-09
1.576211061483,8.95597039357302e-09
1.57980151948183,6.45791646328421e-09
1.58339197748065,4.90665337808609e-09
1.58698243547947,2.44196229347063e-09
1.59057289347829,4.82433511005246e-09
1.59416335147711,2.01334265798305e-09
1.59775380947594,2.49625585123254e-09
1.60134426747476,1.05447380441611e-08
1.60493472547358,2.3321136631407e-09
1.6085251834724,9.88073269216474e-09
1.61211564147123,3.56560973921774e-09
1.61570609947005,7.22970145875511e-09
1.61929655746887,4.98569864907169e-09
1.62288701546769,2.33541472591522e-09
1.62647747346652,6.0500278641944e-09
1.63006793146534,3.98095211751162e-09
1.63365838946416,4.76044467351039e-09
1.63724884746298,2.12887234599108e-09
1.6408393054618,5.77035614613631e-09
1.64442976346063,3.20803426750718e-09
1.64802022145945,2.02373537620093e-09
1.65161067945827,5.38969561905148e-09
1.65520113745709,5.20985374943592e-09
1.65879159545592,5.72430735219657e-09
1.66238205345474,9.72631811268872e-09
1.66597251145356,1.04456833306949e-08
1.66956296945238,2.05163879584299e-09
1.67315342745121,3.73513663167683e-09
1.67674388545003,2.63688464954329e-09
1.68033434344885,4.98373409109549e-09
1.68392480144767,6.67962728372493e-09
1.6875152594465,1.29966861422907e-09
1.69110571744532,6.04912692389706e-09
1.69469617544414,1.82475993326908e-09
1.69828663344296,1.32127961816719e-09
1.70187709144178,5.73933349579692e-09
1.70546754944061,7.24842520808016e-09
1.70905800743943,3.12620981386284e-09
1.71264846543825,7.01116601280789e-09
1.71623892343707,1.85008545520675e-09
1.7198293814359,5.40132324981066e-09
1.72341983943472,2.84339304924986e-09
1.72701029743354,1.56405135213065e-09
1.73060075543236,1.99288151203266e-09
1.73419121343119,2.21331636064707e-09
1.73778167143001,4.11205616597606e-09
1.74137212942883,1.03253761306753e-09
1.74496258742765,4.20040911791047e-09
1.74855304542647,1.94003473252371e-09
1.7521435034253,2.36865528626455e-09
1.75573396142412,1.16743331476596e-09
1.75932441942294,4.65950783958047e-09
1.76291487742176,3.21956376276612e-09
1.76650533542059,2.48403257684373e-09
1.77009579341941,2.40426227625871e-09
1.77368625141823,3.35576902920794e-09
1.77727670941705,8.70497448024227e-10
1.78086716741588,2.78788385321263e-09
1.7844576254147,5.55688138265389e-09
1.78804808341352,5.15912517227648e-09
1.79163854141234,2.31976343330276e-09
1.79522899941117,5.88993334752374e-09
1.79881945740999,2.5127426119872e-09
1.80240991540881,7.55085747863019e-09
1.80600037340763,8.74301762492727e-10
1.80959083140645,3.20819797680439e-09
1.81318128940528,3.1858363049752e-09
1.8167717474041,2.02814344960616e-09
1.82036220540292,1.47470134855017e-09
1.82395266340174,3.40752855569123e-09
1.82754312140057,4.09957569918487e-09
1.83113357939939,5.28564093333986e-09
1.83472403739821,5.51038390476238e-09
1.83831449539703,2.68215418643368e-09
1.84190495339586,2.50602025186089e-09
1.84549541139468,2.1749089622573e-09
1.8490858693935,1.91286101701965e-09
1.85267632739232,7.27751030481768e-09
1.85626678539114,7.81206192479841e-09
1.85985724338997,3.56240548836625e-09
1.86344770138879,1.74889528778391e-09
1.86703815938761,7.56309481949129e-10
1.87062861738643,1.0590970817195e-09
1.87421907538526,6.67326564931546e-10
1.87780953338408,9.71229897221243e-10
1.8813999913829,3.14304033381539e-09
1.88499044938172,4.54530073558223e-09
1.88858090738055,6.12039614998838e-09
1.89217136537937,1.16860066780556e-09
1.89576182337819,2.69920232456674e-09
1.89935228137701,2.99724886964192e-09
1.90294273937583,2.31453674167643e-09
1.90653319737466,6.07639535721386e-09
1.91012365537348,4.30619171610448e-09
1.9137141133723,5.7489323626616e-09
1.91730457137112,1.64610052240659e-09
1.92089502936995,3.80314110789425e-09
1.92448548736877,2.13164949636374e-09
1.92807594536759,3.03636005519489e-09
1.93166640336641,5.2274302986165e-09
1.93525686136524,1.74632560342363e-09
1.93884731936406,9.04792355787692e-10
1.94243777736288,2.07244604561536e-09
1.9460282353617,2.19254882359672e-09
1.94961869336053,1.06584591936103e-09
1.95320915135935,4.3764527020702e-09
1.95679960935817,3.33302793065124e-09
1.96039006735699,7.30038845057447e-10
1.96398052535581,4.96893421856585e-09
1.96757098335464,1.0828557554129e-10
1.97116144135346,2.75919479702969e-09
1.97475189935228,3.00651309413487e-09
1.9783423573511,5.83583314845367e-09
1.98193281534993,7.47363058280265e-10
1.98552327334875,5.8671163560985e-09
1.98911373134757,6.01196010514075e-09
1.99270418934639,4.67430134518259e-09
1.99629464734522,9.27308785811437e-09
1.99988510534404,9.89058845556392e-08
2.00347556334286,1.23016742591438e-08
2.00706602134168,9.04904160355802e-09
2.01065647934051,5.73795104485765e-09
2.01424693733933,5.14591930883582e-09
2.01783739533815,1.75195196131708e-09
2.02142785333697,1.69726327560114e-09
2.02501831133579,1.11025045586811e-09
2.02860876933462,7.59344222267328e-09
2.03219922733344,2.42533004362094e-09
2.03578968533226,2.87200184408434e-09
2.03938014333108,4.18345426785571e-09
2.04297060132991,3.05209399697494e-09
2.04656105932873,1.85634336316642e-09
2.05015151732755,3.25456216335789e-09
2.05374197532637,3.30313517352544e-09
2.05733243332519,4.22509826737098e-09
2.06092289132402,5.46577245713857e-09
2.06451334932284,1.05858728613497e-09
2.06810380732166,1.40730791096559e-09
2.07169426532048,2.59856352497895e-09
2.07528472331931,3.43975587907098e-09
2.07887518131813,4.94191206261734e-09
2.08246563931695,2.71301173719797e-09
2.08605609731577,3.33313579589609e-09
2.0896465553146,3.02349594951421e-09
2.09323701331342,4.20105350906292e-09
2.09682747131224,1.91400071406881e-09
2.10041792931106,3.6230873040409e-09
2.10400838730989,2.46355161999545e-09
2.10759884530871,6.52446114840444e-10
2.11118930330753,1.27116420838575e-09
2.11477976130635,1.56833612774135e-09
2.11837021930517,1.56530331531549e-09
2.121960677304,1.15621062064101e-09
2.12555113530282,1.70806383573683e-09
2.12914159330164,7.75010459382075e-10
2.13273205130046,3.51713958814563e-09
2.13632250929929,3.01147369906565e-09
2.13991296729811,1.70939550483023e-09
2.14350342529693,2.63678448142834e-09
2.14709388329575,2.37831833290458e-09
2.15068434129458,1.82477239270605e-09
2.1542747992934,9.82856347203859e-10
2.15786525729222,1.84472259963908e-09
2.16145571529104,2.58714761138513e-09
2.16504617328986,1.79738963437839e-09
2.16863663128869,5.23497427539363e-09
2.17222708928751,5.42539864016064e-09
2.17581754728633,1.79301194075258e-09
2.17940800528515,2.00426285709214e-09
2.18299846328398,3.21303145011411e-09
2.1865889212828,4.94004154181558e-09
2.19017937928162,1.17594668790885e-09
2.19376983728044,2.23456606761821e-09
2.19736029527927,3.4985592062247e-09
2.20095075327809,1.48130612189291e-09
2.20454121127691,1.75188135320752e-09
2.20813166927573,4.08761186367377e-09
2.21172212727456,2.62232965988091e-09
2.21531258527338,3.54366537008639e-09
2.2189030432722,1.10434928074204e-09
2.22249350127102,1.24013956201442e-09
2.22608395926984,3.83782484834711e-09
2.22967441726867,3.81361119059076e-09
2.23326487526749,8.17486262310181e-10
2.23685533326631,2.81823775436833e-09
2.24044579126513,9.62778125833972e-10
2.24403624926396,4.21568694106901e-09
2.24762670726278,5.42032173700414e-09
2.2512171652616,5.57296971428303e-09
2.25480762326042,2.0152694909351e-09
2.25839808125925,3.98397872845331e-09
2.26198853925807,1.63431120348151e-09
2.26557899725689,1.42512013671748e-09
2.26916945525571,5.00965918054049e-10
2.27275991325454,1.43969706875899e-09
2.27635037125336,4.33840613052879e-09
2.27994082925218,3.148099068996e-09
2.283531287251,1.41632423969336e-09
2.28712174524982,4.29564088784817e-09
2.29071220324865,2.25905638830731e-09
2.29430266124747,1.31279022905462e-09
2.29789311924629,4.25541420620571e-09
2.30148357724511,9.40282316077251e-10
2.30507403524394,8.51888334801851e-10
2.30866449324276,1.79383269620774e-09
2.31225495124158,5.18187885508319e-09
2.3158454092404,2.96724216379732e-09
2.31943586723923,1.91933539773311e-09
2.32302632523805,3.44078850741375e-09
2.32661678323687,2.70069282165341e-09
2.33020724123569,2.75347999518514e-09
2.33379769923451,4.34965309145118e-09
2.33738815723334,9.23950647356336e-10
2.34097861523216,3.59121906766108e-09
2.34456907323098,2.76941403506678e-09
2.3481595312298,4.4506000364928e-09
2.35174998922863,2.8136364568083e-09
2.35534044722745,2.63012279798818e-09
2.35893090522627,2.50224689101375e-09
2.36252136322509,9.80614542450961e-10
2.36611182122392,1.05246671722315e-09
2.36970227922274,1.52074738851513e-09
2.37329273722156,1.7428936975251e-09
2.37688319522038,5.22230813938068e-09
2.38047365321921,3.08991726688991e-09
2.38406411121803,1.62875694372833e-09
2.38765456921685,1.7824276520329e-09
2.39124502721567,3.03522548303944e-09
2.39483548521449,4.08016878902097e-09
2.39842594321332,3.62183398437084e-09
2.40201640121214,2.04027817017657e-09
2.40560685921096,2.15231287759565e-09
2.40919731720978,3.04244971483084e-09
2.41278777520861,1.16056403271631e-09
2.41637823320743,2.64431742207776e-09
2.41996869120625,2.64654697903613e-09
2.42355914920507,1.2021295587548e-09
2.4271496072039,2.18288935668916e-09
2.43074006520272,2.90201083280796e-09
2.43433052320154,1.53366814002434e-09
2.43792098120036,3.0856313203909e-09
2.44151143919918,4.78358080420749e-09
2.44510189719801,1.87883794553494e-09
2.44869235519683,3.82777645967563e-09
2.45228281319565,3.20912575733798e-09
2.45587327119447,1.62955876800202e-09
2.4594637291933,1.95468784038609e-09
2.46305418719212,6.25222447183801e-10
2.46664464519094,2.19270434664488e-09
2.47023510318976,1.41244214652589e-09
2.47382556118859,2.00936848670029e-09
2.47741601918741,8.23560342537165e-10
2.48100647718623,4.09071816401578e-09
2.48459693518505,1.75670194107695e-09
2.48818739318387,2.85029498640188e-09
2.4917778511827,3.67260196087724e-09
2.49536830918152,3.15440108426673e-09
2.49895876718034,2.71543367081607e-09
2.50254922517916,2.76271664626028e-09
2.50613968317799,8.45279620431335e-10
2.50973014117681,1.83840206002619e-09
2.51332059917563,1.03691936748365e-09
2.51691105717445,2.651772061892e-09
2.52050151517328,2.25238893440077e-09
2.5240919731721,1.86959707637893e-09
2.52768243117092,4.36020905026805e-09
2.53127288916974,2.262210587194e-09
2.53486334716857,7.54845272478783e-10
2.53845380516739,3.64587431020342e-09
2.54204426316621,2.4651092380724e-09
2.54563472116503,1.73224861585767e-09
2.54922517916385,1.88816106941839e-09
2.55281563716268,4.22746123098849e-09
2.5564060951615,3.01059503287152e-09
2.55999655316032,1.28907338799298e-09
2.56358701115914,1.86026723684787e-09
2.56717746915797,1.49628031876473e-09
2.57076792715679,1.30209628127555e-09
2.57435838515561,4.53395431278793e-09
2.57794884315443,8.51434783522096e-10
2.58153930115326,1.42226385177617e-09
2.58512975915208,2.7564651375302e-09
2.5887202171509,3.43133443004851e-09
2.59231067514972,1.09480254307834e-09
2.59590113314854,2.99623656488953e-09
2.59949159114737,2.01191746050551e-09
2.60308204914619,8.41957789509719e-10
2.60667250714501,4.52156289545054e-09
2.61026296514383,4.6586711806319e-10
2.61385342314266,5.85054679026316e-10
2.61744388114148,2.72577518327847e-09
2.6210343391403,1.77523082328853e-09
2.62462479713912,5.63216628974546e-10
2.62821525513795,1.66301865730183e-09
2.63180571313677,3.65314790295493e-09
2.63539617113559,1.12895877637332e-09
2.63898662913441,2.71291319775657e-09
2.64257708713324,2.23500407967105e-09
2.64616754513206,3.16011236071185e-09
2.64975800313088,1.63465941793615e-09
2.6533484611297,1.67535341625451e-09
2.65693891912852,3.8319784193271e-09
2.66052937712735,1.84296565697981e-09
2.66411983512617,2.60652992534885e-09
2.66771029312499,3.88172647709335e-09
2.67130075112381,1.15666010911317e-09
2.67489120912264,3.67525146807042e-09
2.67848166712146,1.96182293368178e-09
2.68207212512028,2.6933754319652e-09
2.6856625831191,1.61442908956416e-09
2.68925304111792,2.38794568917296e-09
2.69284349911675,4.46903149315791e-10
2.69643395711557,6.6360270622086e-10
2.70002441511439,3.1227843728167e-09
2.70361487311321,1.03138892690862e-09
2.70720533111204,1.92923252124355e-09
2.71079578911086,1.30868359812751e-09
2.71438624710968,3.15709980168189e-09
2.7179767051085,8.42496518238626e-10
2.72156716310733,2.4962247119468e-09
2.72515762110615,2.96670880058927e-10
2.72874807910497,2.22870303026629e-09
2.73233853710379,5.52447450027133e-10
2.73592899510262,4.12529663182641e-09
2.73951945310144,3.6477629379157e-09
2.74310991110026,5.01838750224408e-10
2.74670036909908,1.50707115883922e-09
2.7502908270979,4.13287667276988e-09
2.75388128509673,1.97950105112984e-09
2.75747174309555,2.418564920294e-09
2.76106220109437,1.08797770795827e-09
2.76465265909319,2.2412730421448e-09
2.76824311709202,3.47247157569172e-09
2.77183357509084,2.19223007110761e-09
2.77542403308966,1.83110184441145e-09
2.77901449108848,1.88070109050451e-09
2.78260494908731,1.5002915179905e-09
2.78619540708613,3.94888876682456e-09
2.78978586508495,1.26408688804515e-09
2.79337632308377,1.8753954712691e-09
2.7969667810826,3.7918756966447e-09
2.80055723908142,5.11396427110973e-10
2.80414769708024,1.01521604802815e-09
2.80773815507906,2.7520482502598e-09
2.81132861307788,1.3782756687363e-09
2.81491907107671,2.57356386741763e-09
2.81850952907553,2.05834413897639e-09
2.82209998707435,5.49214635712525e-10
2.82569044507317,2.01349898639488e-09
2.829280903072,6.87405028091121e-10
2.83287136107082,2.30767361901591e-09
2.83646181906964,4.91072929781868e-10
2.84005227706846,1.82182240047451e-09
2.84364273506729,1.26172579246504e-09
2.84723319306611,4.18311716108843e-09
2.85082365106493,3.65157138846628e-09
2.85441410906375,2.72994785885704e-09
2.85800456706257,2.41014841598293e-09
2.8615950250614,1.64613994292102e-09
2.86518548306022,2.68275409165676e-09
2.86877594105904,2.01721647279874e-09
2.87236639905786,2.47844013332925e-09
2.87595685705669,3.39575089963439e-09
2.87954731505551,1.94308638353923e-09
2.88313777305433,4.00518556944379e-09
2.88672823105315,3.76634965290172e-09
2.89031868905198,5.475046920788e-09
2.8939091470508,3.25550066428594e-09
2.89749960504962,1.52970277675078e-09
2.90109006304844,4.4750145725287e-09
2.90468052104727,3.56015697616027e-09
2.90827097904609,4.18193510278781e-09
2.91186143704491,2.5698535933547e-09
2.91545189504373,4.14239431410641e-09
2.91904235304255,4.87479556926627e-10
2.92263281104138,3.36778344772181e-09
2.9262232690402,2.66331793187224e-09
2.92981372703902,3.48326301504138e-09
2.93340418503784,1.96350811871521e-09
2.93699464303667,4.92927014272144e-09
2.94058510103549,1.47879216910775e-09
2.94417555903431,3.9651403368548e-09
2.94776601703313,2.77668228662651e-09
2.95135647503196,2.11501183715418e-09
2.95494693303078,2.53872545695553e-09
2.9585373910296,4.3612096935275e-09
2.96212784902842,1.02476230583113e-09
2.96571830702724,1.19736796962302e-09
2.96930876502607,3.63931504385459e-09
2.97289922302489,3.43578619923059e-09
2.97648968102371,2.56311586617826e-09
2.98008013902253,1.74290648476742e-09
2.98367059702136,4.71575746872868e-09
2.98726105502018,2.21069824471036e-09
2.990851513019,2.69118204654101e-09
2.99444197101782,2.14350079588696e-09
2.99803242901665,3.28957511478873e-09
3.00162288701547,3.89948459579811e-09
3.00521334501429,3.00552037590668e-09
3.00880380301311,3.71050421503048e-09
3.01239426101194,1.89134789702543e-09
3.01598471901076,6.60721066019688e-09
3.01957517700958,3.43150241238418e-09
3.0231656350084,3.68927239109899e-09
3.02675609300722,2.07043776697192e-09
3.03034655100605,2.44116120607811e-09
3.03393700900487,1.19109922005108e-09
3.03752746700369,4.78906805018751e-09
3.04111792500251,1.86293781454489e-09
3.04470838300134,6.98407317297384e-10
3.04829884100016,3.68321332339003e-09
3.05188929899898,2.71302238885501e-09
3.0554797569978,4.53262034395578e-09
3.05907021499663,2.36190080363939e-09
3.06266067299545,3.10110986393261e-09
3.06625113099427,1.45635161812861e-09
3.06984158899309,2.70992710890221e-09
3.07343204699191,5.15937774339404e-09
3.07702250499074,3.78869157843956e-09
3.08061296298956,1.11731016146565e-09
3.08420342098838,4.4165096480252e-09
3.0877938789872,2.59595477235345e-09
3.09138433698603,1.46260738259493e-09
3.09497479498485,1.8951582541769e-09
3.09856525298367,2.01929181595604e-09
3.10215571098249,9.39992143547485e-10
3.10574616898132,2.43980556073712e-09
3.10933662698014,2.68101804897507e-09
3.11292708497896,2.58027247103607e-09
3.11651754297778,1.74372135203404e-09
3.1201080009766,2.62935638245097e-09
3.12369845897543,1.69030728987644e-09
3.12728891697425,6.36312943846215e-10
3.13087937497307,3.79766277223529e-09
3.13446983297189,3.86317938079866e-09
3.13806029097072,5.20814069560631e-09
3.14165074896954,2.99349322653626e-09
3.14524120696836,1.59513759583865e-09
3.14883166496718,2.65677410299795e-09
3.15242212296601,3.73423851353217e-09
3.15601258096483,1.51566642190865e-09
3.15960303896365,3.70100047986503e-09
3.16319349696247,1.32832446557261e-09
3.1667839549613,3.07506779302062e-09
3.17037441296012,2.65859836716231e-09
3.17396487095894,5.6040580663616e-09
3.17755532895776,3.96231328879261e-09
3.18114578695658,1.57486901411153e-09
3.18473624495541,3.6888369425967e-09
3.18832670295423,8.11473287812186e-10
3.19191716095305,2.29051763606575e-09
3.19550761895187,1.55455902671701e-09
3.1990980769507,1.02777451777054e-09
3.20268853494952,1.54928510954052e-09
3.20627899294834,2.29530154625003e-09
3.20986945094716,5.03698153298851e-09
3.21345990894599,1.77075226557399e-09
3.21705036694481,8.1326872413667e-10
3.22064082494363,1.17956950402889e-09
3.22423128294245,1.95631686606831e-09
3.22782174094128,4.37691946095367e-09
3.2314121989401,1.63069438360586e-09
3.23500265693892,2.80683096694111e-09
3.23859311493774,2.02573574735046e-09
3.24218357293656,1.43284546046006e-09
3.24577403093539,2.0256119438785e-09
3.24936448893421,2.04709668727185e-09
3.25295494693303,2.24762875000042e-09
3.25654540493185,4.30628973375662e-09
3.26013586293068,5.59116637759061e-10
3.2637263209295,1.88754974892894e-09
3.26731677892832,1.36964804518655e-09
3.27090723692714,2.28613445714002e-09
3.27449769492596,9.59108237354357e-10
3.27808815292479,9.5869191357823e-10
3.28167861092361,7.50111053294654e-10
3.28526906892243,6.36689908880234e-09
3.28885952692125,5.29251680390067e-09
3.29244998492008,2.36469158766063e-09
3.2960404429189,3.65629704585269e-09
3.29963090091772,3.74055764709382e-09
3.30322135891654,1.1888102461774e-09
3.30681181691537,2.95415087450773e-09
3.31040227491419,8.84393075235339e-10
3.31399273291301,2.71712475983551e-09
3.31758319091183,2.81332283137149e-09
3.32117364891066,2.83023395049398e-09
3.32476410690948,1.91626692142286e-09
3.3283545649083,3.58133733259228e-09
3.33194502290712,3.15293837885619e-09
3.33553548090594,4.86730020103706e-09
3.33912593890477,2.29510756759506e-09
3.34271639690359,5.21999007956399e-09
3.34630685490241,1.42007996157061e-09
3.34989731290123,5.14022567250172e-09
3.35348777090006,5.09968912668266e-09
3.35707822889888,1.90097317239001e-09
3.3606686868977,1.1694877034234e-09
3.36425914489652,3.55148157816926e-09
3.36784960289535,1.91702813846047e-09
3.37144006089417,1.68867086788343e-09
3.37503051889299,1.95772940702916e-09
3.37862097689181,2.20110426403503e-09
3.38221143489063,4.85526008408121e-09
3.38580189288946,2.61550445909716e-09
3.38939235088828,4.54853515931135e-09
3.3929828088871,1.56314506073472e-09
3.39657326688592,1.30121315970697e-09
3.40016372488475,1.96095296640722e-09
3.40375418288357,3.68138229181222e-09
3.40734464088239,5.31039667551e-09
3.41093509888121,1.79048843536718e-09
3.41452555688004,3.00222014510979e-09
3.41811601487886,3.00953842518986e-09
3.42170647287768,1.7317252290245e-09
3.4252969308765,4.09085114510164e-10
3.42888738887533,2.59318813092801e-09
3.43247784687415,4.45113810077131e-09
3.43606830487297,3.60664936166109e-09
3.43965876287179,3.27085826272091e-09
3.44324922087061,2.47361340226356e-09
3.44683967886944,5.23438728410241e-09
3.45043013686826,1.88667248846993e-09
3.45402059486708,2.94996191661419e-09
3.4576110528659,8.6425113820272e-10
3.46120151086473,1.09473556623506e-09
3.46479196886355,3.27200433114598e-09
3.46838242686237,9.35000107623775e-10
3.47197288486119,1.87603572196735e-09
3.47556334286002,1.82075193316514e-09
3.47915380085884,1.47592300284833e-09
3.48274425885766,2.56257980315317e-09
3.48633471685648,2.18337654629667e-09
3.48992517485531,5.01650798719358e-09
3.49351563285413,1.22887906734334e-09
3.49710609085295,2.77176783223697e-09
3.50069654885177,2.69258130892878e-09
3.50428700685059,1.0168237720241e-09
3.50787746484942,2.11316884361045e-09
3.51146792284824,2.42324455652792e-09
3.51505838084706,5.33261508513245e-10
3.51864883884588,2.89736964189119e-09
3.52223929684471,1.64413048220331e-09
3.52582975484353,1.32721486443726e-09
3.52942021284235,3.59095787658771e-09
3.53301067084117,2.74849412721378e-09
3.53660112884,1.73944315934752e-09
3.54019158683882,2.77372669191601e-09
3.54378204483764,3.16376502863782e-09
3.54737250283646,4.56880684442446e-09
3.55096296083528,2.69068489775448e-09
3.55455341883411,3.53877671259992e-09
3.55814387683293,2.33023565931289e-09
3.56173433483175,1.86766102942394e-09
3.56532479283057,3.19972810325909e-09
3.5689152508294,3.3103628807038e-09
3.57250570882822,4.31100467058016e-09
3.57609616682704,2.14892191875458e-09
3.57968662482586,3.74968740750149e-09
3.58327708282469,2.14159429844093e-09
3.58686754082351,2.98367684027011e-09
3.59045799882233,5.48551552617952e-09
3.59404845682115,8.99649360418013e-10
3.59763891481997,2.6799738702193e-09
3.6012293728188,2.02309414128983e-09
3.60481983081762,1.50685270437428e-09
3.60841028881644,2.93186367497224e-09
3.61200074681526,1.48309566290562e-09
3.61559120481409,5.22661249159171e-09
3.61918166281291,1.92284053886226e-09
3.62277212081173,8.13859091887259e-10
3.62636257881055,1.3693243972099e-09
3.62995303680938,3.53008218286078e-09
3.6335434948082,1.12442507988383e-09
3.63713395280702,5.09910473272862e-09
3.64072441080584,2.13457080528173e-09
3.64431486880467,3.23567212240042e-09
3.64790532680349,3.15807562586466e-09
3.65149578480231,4.64851703918354e-09
3.65508624280113,1.42809965029613e-09
3.65867670079995,3.09187491205038e-09
3.66226715879878,5.73358144794832e-09
3.6658576167976,4.84233914004499e-09
3.66944807479642,3.1838831568872e-09
3.67303853279524,4.4429225696243e-10
3.67662899079407,4.21133379267201e-09
3.68021944879289,1.883795047684e-09
3.68380990679171,1.79680823470357e-09
3.68740036479053,3.06312651868685e-09
3.69099082278936,3.62811419007704e-09
3.69458128078818,1.25093304841086e-09
3.698171738787,1.87538895193741e-09
3.70176219678582,3.07918320681988e-09
3.70535265478464,4.08731757492293e-09
3.70894311278347,1.26062288335527e-09
3.71253357078229,1.81243941165001e-09
3.71612402878111,4.24711330111937e-09
3.71971448677993,1.24751112793767e-09
3.72330494477876,2.04714049519312e-09
3.72689540277758,2.54836502881848e-09
3.7304858607764,7.84707418827778e-10
3.73407631877522,2.67624785004588e-09
3.73766677677405,4.50867924827115e-09
3.74125723477287,1.04587320862902e-09
3.74484769277169,2.45791195977215e-09
3.74843815077051,4.8354688780062e-09
3.75202860876934,4.15482993832012e-09
3.75561906676816,1.26960149908117e-09
3.75920952476698,1.45641150538422e-09
3.7627999827658,6.52954529051465e-10
3.76639044076462,2.71105625459304e-09
3.76998089876345,3.91354341360882e-09
3.77357135676227,4.85328777160637e-10
3.77716181476109,2.53786367418331e-09
3.78075227275991,1.27133799265078e-09
3.78434273075874,4.53277411666396e-09
3.78793318875756,1.98511140853335e-09
3.79152364675638,2.97356841744883e-09
3.7951141047552,2.87213604643776e-09
3.79870456275403,3.03860485092917e-09
3.80229502075285,4.4219181301073e-09
3.80588547875167,1.70221453169094e-09
3.80947593675049,2.49270449910775e-09
3.81306639474931,1.07422279409942e-09
3.81665685274814,1.80506984322387e-09
3.82024731074696,4.34653476884257e-09
3.82383776874578,3.60441027685313e-09
3.8274282267446,3.30440793306233e-09
3.83101868474343,3.01462056681005e-09
3.83460914274225,4.71520932043889e-09
3.83819960074107,3.59056961365203e-09
3.84179005873989,1.21374239388961e-09
3.84538051673872,2.8888609589836e-09
3.84897097473754,1.3602431429973e-09
3.85256143273636,9.15530835481814e-10
3.85615189073518,8.00730921033003e-10
3.85974234873401,2.07139439330522e-09
3.86333280673283,2.60458172139519e-10
3.86692326473165,1.08883520694825e-09
3.87051372273047,8.4733358148661e-10
3.87410418072929,4.81141447758583e-10
3.87769463872812,2.00352739823937e-09
3.88128509672694,9.64497308162088e-10
3.88487555472576,2.09736776153777e-09
3.88846601272458,1.58837867918939e-09
3.89205647072341,2.86065752332683e-09
3.89564692872223,2.44785583051232e-09
3.89923738672105,1.87244561802788e-09
3.90282784471987,4.42131421074827e-09
3.9064183027187,2.26624242623072e-09
3.91000876071752,7.31895611526485e-09
3.91359921871634,1.18136631310776e-09
3.91718967671516,2.23851856587439e-09
3.92078013471399,9.95412679156052e-10
3.92437059271281,1.75058308838766e-09
3.92796105071163,4.28323608095639e-09
3.93155150871045,2.79051417359828e-09
3.93514196670927,2.2656442841031e-09
3.9387324247081,1.14793362118316e-09
3.94232288270692,1.96828997349502e-09
3.94591334070574,1.07770158011727e-09
3.94950379870456,3.51517495797761e-09
3.95309425670339,2.05848949180436e-09
3.95668471470221,4.4853664576434e-10
3.96027517270103,1.65407549650714e-09
3.96386563069985,2.22762457180479e-09
3.96745608869867,4.11488661366571e-09
3.9710465466975,3.5822435849888e-09
3.97463700469632,1.06569364382556e-09
3.97822746269514,5.22953397173707e-09
3.98181792069396,2.55734168511984e-09
3.98540837869279,5.42733879465232e-09
3.98899883669161,2.01824648930332e-09
3.99258929469043,1.8815111262143e-09
3.99617975268925,3.84903587807824e-09
3.99977021068808,1.42417323460041e-08
4.0033606686869,4.4601275224599e-09
4.00695112668572,6.72199404829585e-09
4.01054158468454,5.11653206307643e-09
4.01413204268337,1.97555757766118e-09
4.01772250068219,2.67047886317453e-09
4.02131295868101,4.77514898700915e-09
4.02490341667983,5.84054535252716e-09
4.02849387467865,1.53987283413088e-09
4.03208433267748,1.47238594609174e-09
4.0356747906763,8.19279352264143e-10
4.03926524867512,3.50309535163413e-09
4.04285570667394,2.64538650441322e-09
4.04644616467277,3.71772938978568e-09
4.05003662267159,4.69499232655223e-10
4.05362708067041,4.1197143978465e-09
4.05721753866923,3.72655783680361e-09
4.06080799666806,7.56781003311619e-10
4.06439845466688,3.00981423340991e-09
4.0679889126657,1.03522179428773e-09
4.07157937066452,1.66483919118824e-09
4.07516982866334,2.94978966082839e-09
4.07876028666217,2.02595458832283e-09
4.08235074466099,1.66050921523161e-09
4.08594120265981,4.12808491261301e-09
4.08953166065863,1.95421145808343e-09
4.09312211865746,2.27609672856758e-09
4.09671257665628,1.1840688481505e-09
4.1003030346551,1.88230056476462e-09
4.10389349265392,3.61657760441435e-09
4.10748395065275,1.36726794067921e-09
4.11107440865157,7.15621909040344e-10
4.11466486665039,1.19267171261842e-09
4.11825532464921,1.02303843091816e-09
4.12184578264803,1.5316817901042e-09
4.12543624064686,2.94707337020484e-09
4.12902669864568,3.01506221415861e-09
4.1326171566445,2.41048611214583e-09
4.13620761464332,1.45249574718049e-09
4.13979807264215,1.2205763786149e-09
4.14338853064097,4.86749668932508e-09
4.14697898863979,2.85457260682703e-09
4.15056944663861,3.01002648255696e-09
4.15415990463744,2.13229368390927e-09
4.15775036263626,2.20164070296423e-09
4.16134082063508,2.85134601137216e-09
4.1649312786339,8.67278227008495e-10
4.16852173663272,4.22449495466446e-09
4.17211219463155,1.41480321404272e-09
4.17570265263037,2.54849177679409e-09
4.17929311062919,3.61625980159757e-09
4.18288356862801,4.28855830064497e-10
4.18647402662684,3.28011932983578e-09
4.19006448462566,8.80937666027051e-10
4.19365494262448,3.14094834440143e-09
4.1972454006233,2.5498452906386e-09
4.20083585862213,3.15411645481724e-09
4.20442631662095,2.15431184493107e-09
4.20801677461977,1.47645623545642e-09
4.21160723261859,1.61411233306342e-09
4.21519769061742,2.07611248972058e-09
4.21878814861624,4.21423593607388e-10
4.22237860661506,2.95081728949035e-09
4.22596906461388,2.60107891876925e-09
4.22955952261271,8.47634606852484e-10
4.23314998061153,2.753841485187e-09
4.23674043861035,1.27329203383606e-09
4.24033089660917,1.93888001701203e-09
4.24392135460799,2.70915900925065e-09
4.24751181260682,8.21454407957886e-10
4.25110227060564,2.66323321031241e-09
4.25469272860446,2.46234931474331e-09
4.25828318660328,3.18953421385843e-09
4.26187364460211,7.62045586054786e-10
4.26546410260093,1.52659685525622e-09
4.26905456059975,1.2429954608095e-09
4.27264501859857,1.33624437445707e-09
4.2762354765974,9.3135196985131e-10
4.27982593459622,3.56068722732246e-09
4.28341639259504,2.64338231534008e-09
4.28700685059386,4.95340911796701e-09
4.29059730859268,3.53201502706697e-09
4.29418776659151,2.75602703410034e-09
4.29777822459033,2.35049260384427e-09
4.30136868258915,2.60284772735123e-09
4.30495914058797,6.73584718453236e-10
4.3085495985868,1.93586966576258e-09
4.31214005658562,2.34022639798187e-09
4.31573051458444,3.79334312832968e-09
4.31932097258326,1.86284025815004e-09
4.32291143058209,3.54272568728652e-09
4.32650188858091,9.15537260300582e-10
4.33009234657973,1.86520075597668e-09
4.33368280457855,6.15904243484148e-10
4.33727326257737,2.82866236231706e-09
4.3408637205762,2.79129429506992e-09
4.34445417857502,3.61157195187984e-09
4.34804463657384,2.62225172918246e-09
4.35163509457266,6.32018067042917e-09
4.35522555257149,1.82440670235888e-09
4.35881601057031,1.53146605568457e-09
4.36240646856913,2.57036039132721e-09
4.36599692656795,1.96077788682652e-09
4.36958738456678,2.51814535494489e-09
4.3731778425656,1.40421770320987e-09
4.37676830056442,2.72108619350907e-09
4.38035875856324,2.52790758065337e-09
4.38394921656207,1.13804860502069e-09
4.38753967456089,8.66704108403212e-10
4.39113013255971,4.09653632298695e-09
4.39472059055853,2.72868560080422e-09
4.39831104855736,1.39986979177325e-09
4.40190150655618,3.93669921037535e-09
4.405491964555,1.45688520659543e-09
4.40908242255382,6.24006786727332e-09
4.41267288055264,4.4926275964021e-09
4.41626333855147,3.08127197778148e-09
4.41985379655029,1.49304369073392e-09
4.42344425454911,2.89362459999251e-09
4.42703471254793,1.59862047526605e-09
4.43062517054676,3.82514313068368e-09
4.43421562854558,1.55271607538822e-09
4.4378060865444,4.90253347435752e-09
4.44139654454322,3.39917932566483e-09
4.44498700254205,2.24649366350004e-09
4.44857746054087,2.66685458823612e-09
4.45216791853969,2.12804983572067e-09
4.45575837653851,4.05852276067752e-09
4.45934883453733,2.32958621478734e-09
4.46293929253616,4.50591462707694e-09
4.46652975053498,3.37876272629277e-09
4.4701202085338,3.17758561610902e-09
4.47371066653262,2.74442992039732e-09
4.47730112453145,4.81019576918284e-09
4.48089158253027,4.99566080575265e-09
4.48448204052909,2.69161616395719e-09
4.48807249852791,1.55069476123255e-09
4.49166295652673,1.92080624204786e-09
4.49525341452556,1.58485112822834e-09
4.49884387252438,1.75536392947475e-09
4.5024343305232,3.31201619358498e-09
4.50602478852202,1.95618819263856e-09
4.50961524652085,3.10059284783526e-09
4.51320570451967,1.99130346116141e-09
4.51679616251849,1.99802142057681e-09
4.52038662051731,3.31621604519653e-09
4.52397707851614,1.78977095767948e-09
4.52756753651496,2.99183342778125e-09
4.53115799451378,3.18777700562132e-09
4.5347484525126,1.60209701868519e-09
4.53833891051143,9.60472060245812e-10
4.54192936851025,6.93798945270899e-10
4.54551982650907,3.62772992144262e-09
4.54911028450789,3.64616240048437e-09
4.55270074250671,2.0112335608939e-09
4.55629120050554,2.68287796463793e-10
4.55988165850436,3.37071442304731e-09
4.56347211650318,4.07451154525328e-10
4.567062574502,3.45695218907403e-09
4.57065303250083,2.87094208959862e-09
4.57424349049965,4.41850159166752e-09
4.57783394849847,9.08607151295234e-10
4.58142440649729,3.36398261883382e-09
4.58501486449612,1.62537500865997e-09
4.58860532249494,2.01122422981559e-09
4.59219578049376,5.09615756410718e-09
4.59578623849258,9.12421979377793e-10
4.59937669649141,7.52939146320379e-10
4.60296715449023,3.67255180704501e-09
4.60655761248905,2.90147197908053e-09
4.61014807048787,1.77593494530741e-09
4.61373852848669,4.13262230820827e-09
4.61732898648552,1.56151243219378e-09
4.62091944448434,3.63787398661012e-09
4.62450990248316,2.62852491836621e-09
4.62810036048198,2.72242090172534e-09
4.63169081848081,3.18290330330583e-09
4.63528127647963,1.11553350291565e-09
4.63887173447845,3.65032466098209e-09
4.64246219247727,1.69696851298722e-10
4.6460526504761,1.23783860343706e-09
4.64964310847492,1.68252436336426e-09
4.65323356647374,9.83560933478494e-10
4.65682402447256,4.18050297357728e-09
4.66041448247138,5.7019577746866e-09
4.66400494047021,3.72592039945606e-09
4.66759539846903,4.77685760321336e-09
4.67118585646785,2.28572235436848e-09
4.67477631446667,2.02605532268414e-09
4.6783667724655,1.95087393905384e-09
4.68195723046432,1.90933200198114e-09
4.68554768846314,2.05181579244931e-09
4.68913814646196,3.11104945019187e-09
4.69272860446079,3.07731205646403e-09
4.69631906245961,2.6966012378036e-09
4.69990952045843,1.14752958348838e-09
4.70349997845725,2.84678748899159e-09
4.70709043645607,5.44966361248342e-10
4.7106808944549,4.42180989625277e-10
4.71427135245372,2.80385694761094e-09
4.71786181045254,1.2772546592706e-09
4.72145226845136,2.7465646958802e-09
4.72504272645019,2.58512906974419e-09
4.72863318444901,2.65904641361109e-09
4.73222364244783,1.82153209988542e-09
4.73581410044665,4.06549058966072e-09
4.73940455844548,5.45991919806826e-10
4.7429950164443,3.32226769493556e-09
4.74658547444312,3.6973866483647e-09
4.75017593244194,3.20026845317925e-09
4.75376639044077,1.52732720253633e-09
4.75735684843959,1.55447350626534e-09
4.76094730643841,1.34050023437346e-09
4.76453776443723,1.92503619272248e-09
4.76812822243606,6.42256313744857e-09
4.77171868043488,2.23831695692656e-09
4.7753091384337,1.22839598483631e-09
4.77889959643252,2.88519611196584e-09
4.78249005443134,1.57260075003166e-09
4.78608051243017,2.91235885509596e-09
4.78967097042899,3.85045571813977e-09
4.79326142842781,1.09591946641114e-09
4.79685188642663,2.87855684181812e-09
4.80044234442546,1.33306372103369e-09
4.80403280242428,3.27954502579159e-09
4.8076232604231,2.5674053503054e-09
4.81121371842192,3.5061461660221e-09
4.81480417642075,6.56126447949902e-09
4.81839463441957,1.97126558054669e-09
4.82198509241839,2.54482738557644e-09
4.82557555041721,2.74345639620867e-09
4.82916600841603,3.30160670913255e-09
4.83275646641486,3.47228034556815e-09
4.83634692441368,4.19862208834251e-09
4.8399373824125,4.76527910392441e-09
4.84352784041132,3.37865227641282e-09
4.84711829841015,3.10272951162776e-09
4.85070875640897,3.62050017355957e-09
4.85429921440779,2.87761679504595e-09
4.85788967240661,1.19206573359436e-09
4.86148013040544,1.98195460862104e-09
4.86507058840426,2.66215192187392e-09
4.86866104640308,2.00844347580942e-09
4.8722515044019,6.62743860874894e-10
4.87584196240072,2.45989187935708e-09
4.87943242039955,2.92162435298102e-09
4.88302287839837,1.64824837344028e-09
4.88661333639719,4.35743598740612e-10
4.89020379439601,3.44392791793648e-09
4.89379425239484,2.71320182417619e-09
4.89738471039366,2.77037442338358e-09
4.90097516839248,3.97211065673178e-09
4.9045656263913,2.77796009665405e-09
4.90815608439013,3.77687454322864e-09
4.91174654238895,5.38700105416642e-09
4.91533700038777,3.14099576483069e-09
4.91892745838659,3.16296059283151e-09
4.92251791638541,1.51386100086929e-09
4.92610837438424,3.95281065684667e-09
4.92969883238306,7.93430202835231e-09
4.93328929038188,4.05591244254397e-09
4.9368797483807,5.52186337376805e-09
4.94047020637953,9.52520147846494e-10
4.94406066437835,5.66326291905903e-09
4.94765112237717,2.68421907681295e-09
4.95124158037599,2.14885341776236e-09
4.95483203837482,2.21207016793712e-09
4.95842249637364,2.37961757210374e-09
4.96201295437246,1.71852790547994e-09
4.96560341237128,2.13215348022424e-09
4.96919387037011,2.66744560172251e-09
4.97278432836893,4.67470594740895e-09
4.97637478636775,5.39312985637903e-09
4.97996524436657,2.76272384284518e-09
4.98355570236539,1.99902042664459e-09
4.98714616036422,7.11010536148239e-09
4.99073661836304,3.06757789870011e-09
4.99432707636186,3.41608739642296e-09
4.99791753436068,6.96506961668264e-09
