freqs,specs
0,4.81711921388544e-09
0.00359045799882233,1.18790490895791e-08
0.00718091599764466,1.17460969951333e-08
0.010771373996467,6.35765728603102e-09
0.0143618319952893,8.17896255150107e-09
0.0179522899941117,1.14895397879723e-09
0.021542747992934,3.85518018313052e-09
0.0251332059917563,4.16698608632044e-09
0.0287236639905786,1.68264239229585e-09
0.032314121989401,4.37596890982089e-09
0.0359045799882233,3.6131191246905e-09
0.0394950379870456,1.58612192341138e-09
0.043085495985868,6.36313831434874e-09
0.0466759539846903,3.05588649312828e-09
0.0502664119835126,3.19128787182117e-09
0.053856869982335,2.42734194456053e-09
0.0574473279811573,2.58075042168615e-09
0.0610377859799796,4.52850016829184e-09
0.0646282439788019,8.95661334723721e-10
0.0682187019776243,2.12715575135625e-09
0.0718091599764466,3.2181419274524e-09
0.0753996179752689,7.00294751138607e-09
0.0789900759740913,4.70242543127297e-09
0.0825805339729136,4.03311952767586e-09
0.0861709919717359,1.46799100418107e-09
0.0897614499705583,5.86061587653683e-09
0.0933519079693806,4.11481695800233e-10
0.0969423659682029,2.26304236372369e-09
0.100532823967025,2.53091619303909e-09
0.104123281965848,5.81727825270936e-09
0.10771373996467,3.90188971696133e-09
0.111304197963492,3.26749966305878e-09
0.114894655962315,3.05955217254356e-09
0.118485113961137,4.4688072123436e-09
0.122075571959959,3.17262400922506e-09
0.125666029958782,2.22787595661822e-09
0.129256487957604,7.1990752383959e-09
0.132846945956426,5.06107646780321e-10
0.136437403955249,2.59149416178973e-09
0.140027861954071,6.16528430889372e-09
0.143618319952893,3.20882119937339e-09
0.147208777951716,3.60325922269506e-09
0.150799235950538,3.20524855943026e-09
0.15438969394936,3.29558122429856e-09
0.157980151948183,1.8422207613035e-09
0.161570609947005,7.67304178084582e-09
0.165161067945827,2.2094974865792e-09
0.16875152594465,1.17933402797507e-09
0.172341983943472,2.17218233563098e-09
0.175932441942294,4.36401485134143e-09
0.179522899941117,1.28779923793295e-09
0.183113357939939,3.39310219038223e-09
0.186703815938761,4.04052873888813e-09
0.190294273937583,5.37969695650579e-09
0.193884731936406,3.17647839410362e-09
0.197475189935228,4.43705777023116e-09
0.20106564793405,5.46655792362052e-09
0.204656105932873,1.4920686185144e-09
0.208246563931695,3.45462305326784e-09
0.211837021930517,9.08390273044734e-10
0.21542747992934,3.27290853380678e-09
0.219017937928162,1.08533103565293e-09
0.222608395926984,4.2445037086374e-09
0.226198853925807,2.1229662949021e-09
0.229789311924629,5.6841920658323e-09
0.233379769923451,3.10427893839482e-09
0.236970227922274,2.87660022164708e-09
0.240560685921096,2.60765520797098e-09
0.244151143919918,4.91902407920519e-09
0.247741601918741,2.68006263598287e-09
0.251332059917563,2.43669290711978e-09
0.254922517916385,2.71708529186243e-09
0.258512975915208,1.48314759986089e-09
0.26210343391403,9.87109016130947e-09
0.265693891912852,9.17261218269395e-10
0.269284349911675,5.37105746966132e-10
0.272874807910497,5.20774200749902e-09
0.276465265909319,2.95672035782159e-09
0.280055723908142,2.49968447864964e-09
0.283646181906964,3.21032952221497e-09
0.287236639905786,2.26990360456657e-09
0.290827097904609,5.35539228621119e-09
0.294417555903431,3.79342017243094e-09
0.298008013902253,3.87986182233724e-09
0.301598471901076,4.85482238534969e-09
0.305188929899898,6.72355613607465e-09
0.30877938789872,3.37680273208038e-09
0.312369845897543,3.60991939165859e-10
0.315960303896365,3.33739696300915e-09
0.319550761895187,3.22013520935402e-09
0.32314121989401,2.48902095255978e-09
0.326731677892832,5.12250625343683e-10
0.330322135891654,5.09398794475637e-10
0.333912593890477,1.33683905769913e-10
0.337503051889299,2.82405239609346e-09
0.341093509888121,5.255181038774e-09
0.344683967886944,7.56392466745028e-09
0.348274425885766,4.19041731880038e-09
0.351864883884588,1.21787837165289e-09
0.355455341883411,2.12846071292532e-09
0.359045799882233,3.40041392988447e-09
0.362636257881055,4.64618416527343e-09
0.366226715879878,3.20408949289091e-09
0.3698171738787,3.4980640559266e-09
0.373407631877522,4.39511406623159e-09
0.376998089876345,1.06945105433841e-09
0.380588547875167,5.43885604872504e-09
0.384179005873989,5.81966449432159e-09
0.387769463872812,5.58405039444388e-09
0.391359921871634,2.74036326725806e-09
0.394950379870456,5.93633827105433e-09
0.398540837869279,2.46226121364007e-09
0.402131295868101,2.84885764257103e-09
0.405721753866923,5.4956458610152e-09
0.409312211865746,3.1967140794385e-09
0.412902669864568,4.68582444869926e-09
0.41649312786339,2.20119632323989e-10
0.420083585862213,4.98352304289933e-09
0.423674043861035,3.54760512376712e-09
0.427264501859857,4.19537963345767e-09
0.43085495985868,2.02259185600856e-09
0.434445417857502,3.62988261120353e-09
0.438035875856324,4.05240445732382e-09
0.441626333855147,4.15074363686937e-09
0.445216791853969,2.70283620334104e-09
0.448807249852791,1.12739943115541e-09
0.452397707851614,1.54157607183135e-09
0.455988165850436,3.54445061161152e-09
0.459578623849258,2.15102720699442e-09
0.463169081848081,3.90604139121379e-09
0.466759539846903,7.75940536327267e-09
0.470349997845725,2.71963364887992e-09
0.473940455844548,2.38812511293624e-09
0.47753091384337,2.8038150014513e-09
0.481121371842192,5.82336868999885e-09
0.484711829841015,1.37984180695134e-09
0.488302287839837,2.20312567408652e-09
0.491892745838659,4.37635690359934e-09
0.495483203837482,2.607009439082e-09
0.499073661836304,6.58110444821999e-09
0.502664119835126,5.26584206170381e-09
0.506254577833949,2.48953422720074e-09
0.509845035832771,1.29154531783442e-09
0.513435493831593,1.97810599182862e-09
0.517025951830416,5.05407566929333e-09
0.520616409829238,5.28520198866872e-09
0.52420686782806,3.53846443211301e-09
0.527797325826883,2.59158065912436e-10
0.531387783825705,2.73252333168322e-09
0.534978241824527,2.7142390921156e-09
0.53856869982335,1.60430845954471e-09
0.542159157822172,4.89744236247611e-09
0.545749615820994,3.77987470172944e-09
0.549340073819817,6.46090202536457e-09
0.552930531818639,6.72301028816348e-09
0.556520989817461,3.76985902207198e-09
0.560111447816284,2.00096067133085e-09
0.563701905815106,1.93751300985619e-09
0.567292363813928,5.13245464751035e-09
0.57088282181275,2.1039169191974e-09
0.574473279811573,2.06529874666705e-09
0.578063737810395,3.63768741890851e-09
0.581654195809218,3.45316954277097e-09
0.58524465380804,4.52520800086874e-09
0.588835111806862,9.78451089676958e-09
0.592425569805685,5.68225777830124e-09
0.596016027804507,5.52288010277485e-10
0.599606485803329,2.69842728816303e-09
0.603196943802151,3.13323254552782e-09
0.606787401800974,4.16034014559528e-09
0.610377859799796,4.1234228297746e-09
0.613968317798618,5.4040800568031e-09
0.617558775797441,7.99123476689624e-09
0.621149233796263,5.73901999381662e-09
0.624739691795085,7.65055494733796e-09
0.628330149793908,3.69451315066587e-09
0.63192060779273,3.71840210313003e-09
0.635511065791552,2.19370918558594e-09
0.639101523790375,5.89812023719372e-09
0.642691981789197,4.96562970699449e-09
0.646282439788019,2.60414441223182e-09
0.649872897786842,2.13341415187034e-09
0.653463355785664,6.05733550205009e-09
0.657053813784486,9.31854364931349e-09
0.660644271783309,2.92305042412751e-09
0.664234729782131,4.24930135798838e-09
0.667825187780953,2.27338583082106e-09
0.671415645779776,3.63195984659351e-09
0.675006103778598,1.37503236400367e-09
0.67859656177742,1.92394223795762e-09
0.682187019776243,4.82895913641369e-09
0.685777477775065,7.78270955567108e-10
0.689367935773887,3.65544240245686e-09
0.69295839377271,5.63178608119684e-09
0.696548851771532,1.62408199101265e-09
0.700139309770354,5.24997907301171e-09
0.703729767769177,5.1788109903421e-09
0.707320225767999,5.15246198558033e-09
0.710910683766821,1.74310948436636e-09
0.714501141765644,6.55276556788787e-09
0.718091599764466,6.72392850841515e-09
0.721682057763288,3.2468568559531e-09
0.725272515762111,3.92979601712554e-10
0.728862973760933,4.64591100809949e-09
0.732453431759755,4.19245084883197e-09
0.736043889758578,5.16889253262705e-09
0.7396343477574,6.67921126155855e-09
0.743224805756222,3.60982736267998e-09
0.746815263755045,2.70864136349578e-09
0.750405721753867,4.68212243372636e-09
0.753996179752689,2.74299816313455e-09
0.757586637751512,3.82032257599885e-09
0.761177095750334,3.89013446128989e-09
0.764767553749156,3.68765288882738e-09
0.768358011747979,4.66820152646774e-09
0.771948469746801,4.23000832217734e-09
0.775538927745623,5.13267487394002e-09
0.779129385744446,5.80459471081209e-09
0.782719843743268,5.17193437432747e-09
0.78631030174209,3.61519621390096e-09
0.789900759740913,3.12981336924365e-09
0.793491217739735,4.5623291171647e-09
0.797081675738557,5.32027124249106e-09
0.80067213373738,8.16629921851308e-09
0.804262591736202,4.42865830365266e-09
0.807853049735024,1.53242457319794e-09
0.811443507733847,6.8757515667045e-09
0.815033965732669,1.03751497958758e-08
0.818624423731491,3.87627983697151e-09
0.822214881730314,7.27370548807894e-09
0.825805339729136,5.14552535814088e-09
0.829395797727958,4.19314393449089e-09
0.832986255726781,7.6670283574846e-09
0.836576713725603,1.05708282663422e-08
0.840167171724425,9.03463979760597e-09
0.843757629723248,3.47945864167453e-09
0.84734808772207,2.19676879662913e-09
0.850938545720892,7.90093055236323e-09
0.854529003719715,3.56383277533079e-09
0.858119461718537,8.7511398544832e-09
0.861709919717359,1.09735745652401e-08
0.865300377716182,8.26223528587737e-09
0.868890835715004,2.28060872312923e-09
0.872481293713826,6.1574201235767e-09
0.876071751712649,8.30009171475357e-09
0.879662209711471,4.94577977019208e-09
0.883252667710293,8.89594009798152e-09
0.886843125709115,8.58695191070817e-09
0.890433583707938,6.65560160002072e-09
0.89402404170676,2.60553812096067e-09
0.897614499705583,1.1672492185571e-08
0.901204957704405,8.85806923570693e-09
0.904795415703227,3.70533670256117e-09
0.90838587370205,3.27609084219872e-09
0.911976331700872,6.25428088214403e-09
0.915566789699694,5.74390919268313e-09
0.919157247698516,4.06010602108875e-09
0.922747705697339,9.91685208885254e-09
0.926338163696161,6.2778492255322e-09
0.929928621694984,5.11284610818158e-09
0.933519079693806,1.22356109213182e-08
0.937109537692628,1.2994916058379e-08
0.940699995691451,6.31766773929891e-09
0.944290453690273,9.66184149615241e-09
0.947880911689095,1.24896689325027e-08
0.951471369687917,4.82001337437559e-09
0.95506182768674,1.10942811144134e-08
0.958652285685562,1.54272545250393e-08
0.962242743684384,2.07375564236944e-08
0.965833201683207,1.09274641652175e-08
0.969423659682029,1.09843410799119e-08
0.973014117680852,1.85295758252799e-08
0.976604575679674,1.60155497421629e-08
0.980195033678496,1.26145547014543e-08
0.983785491677318,2.88003354013902e-08
0.987375949676141,2.9971208173177e-08
0.990966407674963,4.36494047209357e-08
0.994556865673785,7.26567580157095e-08
0.998147323672608,2.00915988995347e-07
1.00173778167143,2.15901566843312e-07
1.00532823967025,7.19280883359701e-08
1.00891869766907,3.97474163878468e-08
1.0125091556679,3.47878358360812e-08
1.01609961366672,2.80018660340401e-08
1.01969007166554,8.41768535117063e-09
1.02328052966436,1.80535225314805e-08
1.02687098766319,1.75533962011871e-08
1.03046144566201,1.21244917743183e-08
1.03405190366083,9.75794170763957e-09
1.03764236165965,1.80830326730656e-08
1.04123281965848,1.51762882490888e-08
1.0448232776573,4.53775450881302e-09
1.04841373565612,2.80903522315577e-09
1.05200419365494,1.11146456185041e-08
1.05559465165377,7.03770483877558e-09
1.05918510965259,7.94316579082758e-09
1.06277556765141,1.34020117510609e-08
1.06636602565023,1.25493923324914e-08
1.06995648364905,4.03337101682402e-09
1.07354694164788,6.17888670746858e-09
1.0771373996467,6.90379386180555e-09
1.08072785764552,5.10640381997528e-09
1.08431831564434,1.058124404371e-08
1.08790877364317,7.28304987238085e-09
1.09149923164199,4.31690103253515e-09
1.09508968964081,4.13209256081741e-09
1.09868014763963,1.1877336697313e-08
1.10227060563846,1.48831894208107e-08
1.10586106363728,3.90732687046217e-09
1.1094515216361,9.05387949912207e-09
1.11304197963492,9.97804497931155e-09
1.11663243763374,5.15194304081191e-09
1.12022289563257,5.87838207724824e-09
1.12381335363139,7.41959011750976e-09
1.12740381163021,4.39559227456054e-09
1.13099426962903,7.09835719321783e-10
1.13458472762786,1.13186654851754e-08
1.13817518562668,9.70783477400024e-09
1.1417656436255,7.51554769533972e-09
1.14535610162432,7.03212675925266e-09
1.14894655962315,9.47906921994368e-09
1.15253701762197,3.06961607898263e-09
1.15612747562079,6.13357116609389e-09
1.15971793361961,6.80810004135198e-09
1.16330839161844,1.1088423867209e-08
1.16689884961726,7.10180213341465e-09
1.17048930761608,4.81486712016728e-09
1.1740797656149,2.4346080591265e-09
1.17767022361372,2.31929643044018e-09
1.18126068161255,7.44536174421937e-09
1.18485113961137,1.28124413206894e-08
1.18844159761019,8.82231589076591e-09
1.19203205560901,3.14891628769521e-09
1.19562251360784,4.23394601446653e-09
1.19921297160666,1.01058067851731e-08
1.20280342960548,3.15089438800403e-09
1.2063938876043,2.4734549157248e-09
1.20998434560313,4.98331083411829e-09
1.21357480360195,3.32173075008452e-09
1.21716526160077,3.43147212208051e-09
1.22075571959959,9.17751938812173e-09
1.22434617759841,3.03566360832575e-09
1.22793663559724,1.70794136168621e-09
1.23152709359606,2.69739707556916e-09
1.23511755159488,6.35721316463679e-09
1.2387080095937,3.59853610583534e-09
1.24229846759253,4.91032053676218e-09
1.24588892559135,3.72259146345359e-09
1.24947938359017,2.51076396769431e-09
1.25306984158899,2.91737266743359e-09
1.25666029958782,3.49024943457213e-09
1.26025075758664,7.29790029504674e-09
1.26384121558546,5.96179368003304e-09
1.26743167358428,3.18883952337748e-09
1.2710221315831,3.90499927438406e-09
1.27461258958193,4.2595590650924e-09
1.27820304758075,4.55028254467236e-09
1.28179350557957,8.7283291745564e-09
1.28538396357839,6.55967675355082e-09
1.28897442157722,4.56249744660519e-09
1.29256487957604,3.84951234097043e-09
1.29615533757486,4.49268572763177e-09
1.29974579557368,6.55599473783925e-09
1.30333625357251,4.82531893519806e-09
1.30692671157133,4.62544711780482e-09
1.31051716957015,2.36218809887784e-09
1.31410762756897,2.14044448872049e-09
1.3176980855678,5.85874134305202e-09
1.32128854356662,6.00546702428413e-09
1.32487900156544,3.76351858563973e-09
1.32846945956426,1.19620341968704e-09
1.33205991756308,4.16281167152515e-09
1.33565037556191,3.80372053229025e-09
1.33924083356073,3.00576498739683e-09
1.34283129155955,7.44336533930896e-09
1.34642174955837,7.15963784857959e-09
1.3500122075572,2.809255669692e-09
1.35360266555602,5.23288561446566e-09
1.35719312355484,3.16769086436714e-09
1.36078358155366,5.98504938860806e-09
1.36437403955249,4.41283904603926e-09
1.36796449755131,6.4723421197141e-09
1.37155495555013,3.7978909742233e-09
1.37514541354895,6.7089372339842e-09
1.37873587154777,4.91597729049323e-09
1.3823263295466,7.07669166731558e-09
1.38591678754542,3.42163359213946e-09
1.38950724554424,2.54721502599362e-09
1.39309770354306,2.1600407460238e-09
1.39668816154189,3.49566332625278e-09
1.40027861954071,1.63210323562695e-09
1.40386907753953,9.55156234979989e-10
1.40745953553835,6.11683115065326e-09
1.41104999353718,8.83048188419259e-09
1.414640451536,4.06864497805482e-09
1.41823090953482,1.28277632791686e-09
1.42182136753364,1.78513179759876e-09
1.42541182553247,7.34407178108084e-10
1.42900228353129,5.72951102533088e-09
1.43259274153011,5.14733230601362e-09
1.43618319952893,5.268887412302e-09
1.43977365752775,3.94904124206183e-10
1.44336411552658,3.01560558800793e-09
1.4469545735254,3.83012494356116e-09
1.45054503152422,2.91816082281325e-09
1.45413548952304,1.75265935354274e-09
1.45772594752187,5.3388552533936e-09
1.46131640552069,3.29072569624953e-09
1.46490686351951,9.43496431168656e-10
1.46849732151833,1.94212277821518e-09
1.47208777951716,2.44228617136894e-09
1.47567823751598,2.85728322400906e-09
1.4792686955148,5.55445721784857e-09
1.48285915351362,7.18142630519006e-09
1.48644961151244,1.98945856303797e-09
1.49004006951127,6.43193533900299e-10
1.49363052751009,1.32883802239042e-09
1.49722098550891,4.29162070251268e-09
1.50081144350773,3.79370035319251e-09
1.50440190150656,5.11132801346488e-09
1.50799235950538,3.47533615018507e-09
1.5115828175042,6.26856859279472e-09
1.51517327550302,3.59610134032573e-09
1.51876373350185,5.23416214801267e-09
1.52235419150067,3.55139987247492e-09
1.52594464949949,4.45544977913578e-09
1.52953510749831,1.01190076699864e-09
1.53312556549713,6.17504018999903e-09
1.53671602349596,1.42013444748386e-09
1.54030648149478,5.11383289458755e-09
1.5438969394936,2.68262233948076e-09
1.54748739749242,3.3487949848328e-09
1.55107785549125,1.54403077764866e-09
1.55466831349007,2.60934757941931e-09
1.55825877148889,2.36901754007914e-09
1.56184922948771,8.45932624530505e-10
1.56543968748654,2.11191757597367e-09
1.56903014548536,5.49912392838019e-09
1.57262060348418,2.67079385013743e-09
1.576211061483,3.17198245670819e-09
1.57980151948183,4.85018110408836e-09
1.58339197748065,2.14971620056192e-09
1.58698243547947,5.78053478805863e-09
1.59057289347829,7.00267912402306e-10
1.59416335147711,5.03498372608981e-09
1.59775380947594,2.79810192358398e-09
1.60134426747476,1.18223180524932e-09
1.60493472547358,2.65878979301373e-09
1.6085251834724,4.9095987140037e-09
1.61211564147123,4.29908285793226e-09
1.61570609947005,3.42655171885006e-09
1.61929655746887,4.8568855010144e-09
1.62288701546769,3.95657188648212e-09
1.62647747346652,6.11907037578479e-09
1.63006793146534,4.03856458091452e-09
1.63365838946416,3.10261896452101e-09
1.63724884746298,4.13918262253334e-09
1.6408393054618,3.05747276136654e-09
1.64442976346063,3.73955484063833e-10
1.64802022145945,1.80756091446808e-09
1.65161067945827,2.20329486879746e-09
1.65520113745709,4.61311344148117e-09
1.65879159545592,5.81009152406585e-09
1.66238205345474,2.58021311583604e-09
1.66597251145356,2.31422490303655e-09
1.66956296945238,5.51052530166096e-10
1.67315342745121,9.8963285836661e-10
1.67674388545003,2.53803492640838e-09
1.68033434344885,1.32662046396261e-09
1.68392480144767,3.00698415259896e-09
1.6875152594465,6.64420903342512e-10
1.69110571744532,1.45487747745512e-09
1.69469617544414,5.2203567506062e-09
1.69828663344296,5.74201121490433e-09
1.70187709144178,3.7533917876448e-09
1.70546754944061,2.61378994970424e-09
1.70905800743943,3.60829654967573e-09
1.71264846543825,3.38368551214669e-09
1.71623892343707,2.68625547647724e-09
1.7198293814359,4.27392057203408e-09
1.72341983943472,1.06352837694644e-09
1.72701029743354,6.56470323100659e-09
1.73060075543236,2.56299210729962e-09
1.73419121343119,2.09240557387547e-09
1.73778167143001,5.8866611620972e-09
1.74137212942883,1.32004928987898e-09
1.74496258742765,3.2216996028425e-09
1.74855304542647,3.26149837373488e-09
1.7521435034253,2.59921035341861e-09
1.75573396142412,5.39791497941212e-09
1.75932441942294,2.48574426830153e-09
1.76291487742176,4.7846658370607e-09
1.76650533542059,6.29502721757946e-09
1.77009579341941,3.63988830561647e-09
1.77368625141823,1.70176234896639e-09
1.77727670941705,4.35517123631827e-09
1.78086716741588,2.64377869728089e-09
1.7844576254147,3.74785991220707e-09
1.78804808341352,2.03273364154609e-09
1.79163854141234,1.17413495832417e-10
1.79522899941117,4.33678777316625e-10
1.79881945740999,4.00453594371072e-09
1.80240991540881,5.11865842584373e-09
1.80600037340763,1.13732164065291e-09
1.80959083140645,3.29076421791231e-09
1.81318128940528,1.33343386118792e-09
1.8167717474041,3.36088580178948e-09
1.82036220540292,2.39413685515272e-10
1.82395266340174,5.06737398347905e-09
1.82754312140057,2.42596380505431e-09
1.83113357939939,1.28168223405617e-09
1.83472403739821,1.90575630108431e-09
1.83831449539703,4.59886477171107e-09
1.84190495339586,6.74754991410917e-10
1.84549541139468,1.23063279452813e-09
1.8490858693935,1.57695309299069e-09
1.85267632739232,2.65797358099543e-09
1.85626678539114,2.05497187406011e-09
1.85985724338997,1.20485789070811e-09
1.86344770138879,2.30666877916304e-09
1.86703815938761,2.51791714908989e-09
1.87062861738643,2.21766917409403e-09
1.87421907538526,3.64032868796699e-09
1.87780953338408,5.21265663566924e-09
1.8813999913829,3.38329571885724e-09
1.88499044938172,8.60769734210306e-09
1.88858090738055,4.60277759483039e-09
1.89217136537937,5.17422331544477e-09
1.89576182337819,5.16853677094281e-09
1.89935228137701,1.79656984695734e-09
1.90294273937583,2.96930479250257e-09
1.90653319737466,2.07337605738107e-09
1.91012365537348,5.73269505337806e-09
1.9137141133723,1.69066486630337e-09
1.91730457137112,2.62931110362263e-09
1.92089502936995,2.9165535998861e-09
1.92448548736877,6.0774210660318e-09
1.92807594536759,3.38963945017983e-09
1.93166640336641,2.12733117872802e-09
1.93525686136524,1.67916678980444e-09
1.93884731936406,3.84427821547554e-09
1.94243777736288,1.13411115800707e-09
1.9460282353617,6.04686008899365e-10
1.94961869336053,5.24083016012938e-09
1.95320915135935,3.30768239727091e-09
1.95679960935817,1.87856376485412e-09
1.96039006735699,4.29625344646638e-09
1.96398052535581,3.16643785062205e-09
1.96757098335464,4.1514523458889e-09
1.97116144135346,6.9684293566555e-10
1.97475189935228,8.4250389324847e-10
1.9783423573511,7.80876887578488e-09
1.98193281534993,3.78448206099826e-09
1.98552327334875,1.05670146312066e-08
1.98911373134757,4.78118266189428e-09
1.99270418934639,7.80252094170844e-09
1.99629464734522,5.82289613325758e-09
1.99988510534404,1.40147078416309e-08
2.00347556334286,1.01388302408258e-08
2.00706602134168,2.82681432260466e-09
2.01065647934051,4.2192611128441e-09
2.01424693733933,3.04128858178009e-09
2.01783739533815,2.55538893219072e-09
2.02142785333697,1.22054091360587e-09
2.02501831133579,4.32490668377985e-09
2.02860876933462,4.29663137310178e-09
2.03219922733344,6.65513151027085e-09
2.03578968533226,2.01948066422368e-09
2.03938014333108,2.89127760745288e-09
2.04297060132991,3.85578905348839e-09
2.04656105932873,3.36147752691048e-09
2.05015151732755,1.23551771101378e-09
2.05374197532637,1.5845556922022e-09
2.05733243332519,3.33523485074142e-09
2.06092289132402,1.36991175416386e-09
2.06451334932284,1.74373752405478e-09
2.06810380732166,2.84268125295106e-09
2.07169426532048,2.0993470722779e-10
2.07528472331931,1.64215258290456e-09
2.07887518131813,2.49298848181845e-09
2.08246563931695,5.51313215720509e-09
2.08605609731577,9.50436627588334e-10
2.0896465553146,1.07930598035638e-09
2.09323701331342,2.95912168687815e-09
2.09682747131224,4.23087914477891e-09
2.10041792931106,2.2724661127679e-09
2.10400838730989,2.78194866574329e-09
2.10759884530871,3.38956769372408e-09
2.11118930330753,4.70179427253565e-09
2.11477976130635,3.12582235351508e-09
2.11837021930517,3.13853307435766e-09
2.121960677304,1.13142143760677e-09
2.12555113530282,1.86276861150401e-09
2.12914159330164,5.1240296252802e-09
2.13273205130046,1.75393921291343e-09
2.13632250929929,2.71119166926003e-09
2.13991296729811,2.99412207514543e-09
2.14350342529693,4.72766647530061e-09
2.14709388329575,2.36391992551822e-09
2.15068434129458,3.77773132722684e-09
2.1542747992934,1.9439963701223e-09
2.15786525729222,3.93859584728678e-09
2.16145571529104,1.9742817890009e-09
2.16504617328986,1.73776372429438e-09
2.16863663128869,3.71385554167623e-10
2.17222708928751,4.84527849199434e-10
2.17581754728633,6.09423742326999e-10
2.17940800528515,2.36995604461961e-09
2.18299846328398,3.30261371505191e-09
2.1865889212828,2.56208684288229e-09
2.19017937928162,3.23809358543315e-09
2.19376983728044,2.29725433943504e-09
2.19736029527927,2.60166098406853e-09
2.20095075327809,1.92486646784679e-09
2.20454121127691,1.97550657324401e-09
2.20813166927573,4.11420454854296e-09
2.21172212727456,4.0319821098591e-09
2.21531258527338,3.42516156038694e-09
2.2189030432722,7.48157413540855e-10
2.22249350127102,8.46912222688575e-10
2.22608395926984,1.67977441090386e-09
2.22967441726867,3.93424929008321e-10
2.23326487526749,1.98884416774042e-09
2.23685533326631,1.60947436860797e-09
2.24044579126513,1.79176264061626e-09
2.24403624926396,2.27491602107148e-09
2.24762670726278,2.2733922389099e-09
2.2512171652616,2.14300919004122e-09
2.25480762326042,1.90771805839751e-09
2.25839808125925,1.8900276125231e-09
2.26198853925807,3.64307324234534e-09
2.26557899725689,1.55617097150049e-09
2.26916945525571,2.4941893728114e-09
2.27275991325454,5.62988070150908e-09
2.27635037125336,3.58283501730298e-09
2.27994082925218,8.18672671753829e-10
2.283531287251,1.32966163091865e-09
2.28712174524982,9.38281805615162e-10
2.29071220324865,1.73231942649471e-09
2.29430266124747,1.64742742309643e-09
2.29789311924629,6.34456939125196e-10
2.30148357724511,1.81658060666009e-09
2.30507403524394,1.64671282592228e-09
2.30866449324276,2.04074489732489e-09
2.31225495124158,6.72959460713934e-10
2.3158454092404,2.7739882232925e-09
2.31943586723923,1.3145724114533e-09
2.32302632523805,9.88470537143202e-10
2.32661678323687,1.17548160026353e-09
2.33020724123569,2.77992616047668e-09
2.33379769923451,8.90065894069106e-10
2.33738815723334,4.80249842235948e-10
2.34097861523216,8.12843581381383e-10
2.34456907323098,3.84495732810255e-09
2.3481595312298,3.00239509958066e-09
2.35174998922863,3.56915411132577e-10
2.35534044722745,2.02459229423054e-09
2.35893090522627,1.52389145331489e-09
2.36252136322509,1.22815659376906e-09
2.36611182122392,1.67260219143029e-09
2.36970227922274,3.06160986715415e-09
2.37329273722156,1.72617324172833e-09
2.37688319522038,1.27551855461275e-09
2.38047365321921,8.05244382163861e-10
2.38406411121803,5.47319469387163e-10
2.38765456921685,6.75886728898493e-10
2.39124502721567,3.16499498391413e-09
2.39483548521449,4.82068644371141e-09
2.39842594321332,7.38439706545584e-10
2.40201640121214,1.01480643930333e-09
2.40560685921096,3.12791330160652e-09
2.40919731720978,2.45005190777864e-09
2.41278777520861,1.49247051681421e-09
2.41637823320743,1.77710013538749e-09
2.41996869120625,5.16415305239338e-09
2.42355914920507,2.89527167979282e-09
2.4271496072039,1.69019711015824e-09
2.43074006520272,2.25413179487463e-09
2.43433052320154,3.11718711799236e-09
2.43792098120036,3.57014812423238e-09
2.44151143919918,7.70908860081629e-10
2.44510189719801,1.57761428244248e-09
2.44869235519683,2.7519010116874e-09
2.45228281319565,5.54979606558551e-10
2.45587327119447,3.52214762765912e-10
2.4594637291933,1.53374073407402e-09
2.46305418719212,2.15642182078353e-09
2.46664464519094,5.44491268184101e-09
2.47023510318976,2.91771116303089e-09
2.47382556118859,5.32288922508813e-10
2.47741601918741,1.41028232663333e-09
2.48100647718623,4.12630223982055e-09
2.48459693518505,1.39585606205608e-09
2.48818739318387,1.8179363599403e-09
2.4917778511827,8.63124857842262e-10
2.49536830918152,5.87936583810943e-10
2.49895876718034,1.10006314880715e-09
2.50254922517916,1.71853271202251e-09
2.50613968317799,2.51747692361915e-09
2.50973014117681,1.72405904051683e-09
2.51332059917563,2.20519052236817e-09
2.51691105717445,1.09132893159949e-09
2.52050151517328,2.35074704497041e-09
2.5240919731721,2.77065935000059e-09
2.52768243117092,2.2492916791365e-09
2.53127288916974,1.22803298514089e-09
2.53486334716857,8.85137500315534e-10
2.53845380516739,3.74654536265452e-10
2.54204426316621,9.03136261853497e-10
2.54563472116503,3.22153357248759e-09
2.54922517916385,5.19401532245867e-09
2.55281563716268,3.60094490697774e-09
2.5564060951615,8.25109741201295e-10
2.55999655316032,9.53372052741869e-10
2.56358701115914,1.89861856211981e-09
2.56717746915797,1.02554324482186e-09
2.57076792715679,2.66489748948828e-09
2.57435838515561,2.57463976342237e-09
2.57794884315443,4.18094630678903e-09
2.58153930115326,8.33431900416055e-10
2.58512975915208,1.15965990489759e-09
2.5887202171509,2.34694193275798e-09
2.59231067514972,4.24096636239348e-09
2.59590113314854,2.7208844757217e-09
2.59949159114737,3.2341446392091e-09
2.60308204914619,1.63246839080959e-09
2.60667250714501,2.53369611948707e-09
2.61026296514383,9.95282490529946e-10
2.61385342314266,1.83899475985562e-09
2.61744388114148,2.76022174307954e-09
2.6210343391403,2.13888491975384e-09
2.62462479713912,1.60882121323496e-09
2.62821525513795,1.48562030984436e-09
2.63180571313677,7.95910257048843e-10
2.63539617113559,2.05430331101731e-09
2.63898662913441,1.23705787049837e-09
2.64257708713324,2.35467414988921e-09
2.64616754513206,2.06509584136672e-09
2.64975800313088,1.91361194783401e-09
2.6533484611297,4.33661818074203e-09
2.65693891912852,2.00374795477152e-09
2.66052937712735,1.64057581260527e-09
2.66411983512617,1.57947965667474e-09
2.66771029312499,2.04629235048113e-09
2.67130075112381,2.88127720138449e-09
2.67489120912264,9.57751933603073e-10
2.67848166712146,3.35853146583428e-09
2.68207212512028,1.32055719660423e-09
2.6856625831191,2.2330865595324e-09
2.68925304111792,1.78641988270588e-09
2.69284349911675,1.00078062701626e-09
2.69643395711557,2.5121652420506e-09
2.70002441511439,2.4042588595967e-09
2.70361487311321,1.33382990947525e-09
2.70720533111204,2.49285323282781e-09
2.71079578911086,1.48904397532435e-09
2.71438624710968,7.79576680908696e-10
2.7179767051085,1.34301723527705e-09
2.72156716310733,1.73887693059898e-09
2.72515762110615,1.68006562574804e-09
2.72874807910497,1.74050782718339e-09
2.73233853710379,7.01503969097871e-10
2.73592899510262,4.6985610816153e-10
2.73951945310144,1.6930868223448e-09
2.74310991110026,1.93148751633609e-09
2.74670036909908,1.79976105662031e-09
2.7502908270979,2.53718853834852e-09
2.75388128509673,2.89296960347883e-09
2.75747174309555,1.05371685570959e-09
2.76106220109437,9.48372931041426e-10
2.76465265909319,2.97968035417217e-09
2.76824311709202,8.31643015315413e-10
2.77183357509084,3.52393523915461e-09
2.77542403308966,1.87472471646897e-09
2.77901449108848,1.82523486441026e-09
2.78260494908731,2.16692018589631e-09
2.78619540708613,2.37747078649303e-09
2.78978586508495,3.99181909118493e-09
2.79337632308377,1.84077007760449e-09
2.7969667810826,2.72738025959993e-09
2.80055723908142,1.96525611677494e-09
2.80414769708024,1.93655086341124e-09
2.80773815507906,2.73092983129804e-09
2.81132861307788,2.52584463273932e-09
2.81491907107671,1.39130795875366e-09
2.81850952907553,3.71957994153545e-09
2.82209998707435,3.11223885852519e-09
2.82569044507317,7.34120390289917e-10
2.829280903072,2.52353436414759e-09
2.83287136107082,3.35274320722425e-09
2.83646181906964,1.31595982188708e-09
2.84005227706846,1.30955847778564e-09
2.84364273506729,2.02224372112466e-09
2.84723319306611,2.05974197047442e-09
2.85082365106493,9.95172564175361e-10
2.85441410906375,2.79019727057822e-09
2.85800456706257,9.89569250569128e-10
2.8615950250614,1.64910109745437e-09
2.86518548306022,8.48901280187733e-10
2.86877594105904,2.15819423171594e-09
2.87236639905786,3.92066062123444e-09
2.87595685705669,2.05570061733825e-09
2.87954731505551,5.72058567043901e-10
2.88313777305433,2.90319734446975e-09
2.88672823105315,1.71746307183257e-09
2.89031868905198,2.77016797626786e-09
2.8939091470508,9.93883610734693e-10
2.89749960504962,1.56779945707759e-09
2.90109006304844,2.02429908916094e-09
2.90468052104727,1.27253469587997e-09
2.90827097904609,1.24891594024261e-09
2.91186143704491,6.22555281974853e-10
2.91545189504373,4.42420183364621e-09
2.91904235304255,9.55053810363368e-10
2.92263281104138,6.67309075321435e-10
2.9262232690402,7.18347816523446e-10
2.92981372703902,1.63976383487529e-09
2.93340418503784,8.59180230119478e-10
2.93699464303667,8.08010967357591e-10
2.94058510103549,1.09691215829583e-09
2.94417555903431,1.5195210710036e-09
2.94776601703313,2.41753909018758e-09
2.95135647503196,1.30052009072496e-09
2.95494693303078,3.96169589008337e-09
2.9585373910296,8.57250362991292e-10
2.96212784902842,3.73031296310255e-09
2.96571830702724,3.1978409179283e-09
2.96930876502607,1.74402918782612e-09
2.97289922302489,2.43593010336471e-09
2.97648968102371,6.40553107521523e-10
2.98008013902253,2.90958120423095e-09
2.98367059702136,2.78267247452515e-09
2.98726105502018,1.74896376475557e-09
2.990851513019,3.04541306307215e-09
2.99444197101782,6.67098969722319e-10
2.99803242901665,5.16543307937995e-09
3.00162288701547,3.50273463266554e-09
3.00521334501429,4.09225341074331e-09
3.00880380301311,1.35649428096786e-09
3.01239426101194,2.50308577181877e-09
3.01598471901076,1.76709071804514e-09
3.01957517700958,2.79371226093633e-09
3.0231656350084,1.85646454939782e-10
3.02675609300722,4.46058805320562e-10
3.03034655100605,1.56384790241825e-09
3.03393700900487,1.31704078814761e-09
3.03752746700369,1.3469283037278e-09
3.04111792500251,7.82975275032861e-10
3.04470838300134,2.8007583478275e-09
3.04829884100016,3.61949109772578e-09
3.05188929899898,1.78228821370558e-09
3.0554797569978,1.29449057491315e-09
3.05907021499663,7.5063357014171e-10
3.06266067299545,1.89279811861686e-09
3.06625113099427,1.4816400951262e-09
3.06984158899309,1.80628608629857e-09
3.07343204699191,2.86968073884947e-09
3.07702250499074,2.89133867405344e-09
3.08061296298956,3.04255148371636e-09
3.08420342098838,2.13264614898134e-09
3.0877938789872,2.96539233543073e-09
3.09138433698603,9.90544308098416e-10
3.09497479498485,2.53140826829005e-09
3.09856525298367,3.09515700404545e-09
3.10215571098249,3.31752675771263e-09
3.10574616898132,1.54010124462061e-09
3.10933662698014,7.84649056945975e-10
3.11292708497896,9.81812461566452e-10
3.11651754297778,2.95672537644361e-09
3.1201080009766,7.18385444960022e-10
3.12369845897543,8.26867633711792e-10
3.12728891697425,2.12876736354972e-09
3.13087937497307,1.69971697792274e-09
3.13446983297189,3.23429210366716e-09
3.13806029097072,2.46352418232515e-09
3.14165074896954,9.73243916474921e-10
3.14524120696836,1.22914747459483e-09
3.14883166496718,2.11913400502168e-09
3.15242212296601,9.18757058008291e-10
3.15601258096483,3.5159634509687e-09
3.15960303896365,2.7349537214451e-09
3.16319349696247,3.46333970373161e-09
3.1667839549613,1.7044032975146e-09
3.17037441296012,8.25777909223508e-10
3.17396487095894,3.6822663398714e-09
3.17755532895776,3.96780495036821e-09
3.18114578695658,4.63950041436928e-09
3.18473624495541,3.01442461875508e-09
3.18832670295423,3.08420817298342e-09
3.19191716095305,2.78940284497909e-09
3.19550761895187,2.53300806474365e-10
3.1990980769507,4.69683231698493e-09
3.20268853494952,3.49294184802637e-09
3.20627899294834,2.15507289781809e-09
3.20986945094716,2.61171730614001e-09
3.21345990894599,1.55227565472584e-09
3.21705036694481,5.57649078312213e-10
3.22064082494363,1.34463878454611e-09
3.22423128294245,6.67441089432169e-10
3.22782174094128,1.69975232860195e-09
3.2314121989401,2.90619896850479e-09
3.23500265693892,1.89215503721565e-09
3.23859311493774,2.63212573211407e-09
3.24218357293656,2.14049069149223e-09
3.24577403093539,2.58394680454404e-09
3.24936448893421,1.62602995309324e-09
3.25295494693303,1.94555059003866e-09
3.25654540493185,1.48277875032556e-09
3.26013586293068,1.29447524653896e-09
3.2637263209295,2.5166353254464e-09
3.26731677892832,1.70073359425336e-09
3.27090723692714,7.81464700349579e-10
3.27449769492596,4.77083306984477e-10
3.27808815292479,2.24066002275158e-09
3.28167861092361,4.71243480340775e-09
3.28526906892243,2.07266373000916e-09
3.28885952692125,1.52740056197345e-09
3.29244998492008,1.05377062405024e-09
3.2960404429189,7.38583814203097e-10
3.29963090091772,2.94742817159121e-09
3.30322135891654,3.91889040217489e-09
3.30681181691537,7.46767157484315e-10
3.31040227491419,1.46606251547715e-09
3.31399273291301,1.64259952862748e-09
3.31758319091183,5.85192627872315e-10
3.32117364891066,2.72852086727582e-09
3.32476410690948,2.63781468525077e-09
3.3283545649083,1.35638513637152e-09
3.33194502290712,9.9998144528882e-10
3.33553548090594,8.44072518800606e-10
3.33912593890477,2.6512816388237e-09
3.34271639690359,2.93971178997261e-09
3.34630685490241,7.0713073723793e-10
3.34989731290123,6.36364382402584e-10
3.35348777090006,1.83392738846842e-09
3.35707822889888,2.69876946310536e-09
3.3606686868977,2.97586291463382e-09
3.36425914489652,1.00876053011921e-09
3.36784960289535,2.38200600542299e-09
3.37144006089417,1.31720154747005e-09
3.37503051889299,3.22582068775966e-09
3.37862097689181,1.5506553302769e-10
3.38221143489063,1.52309758788402e-09
3.38580189288946,2.43110829603214e-09
3.38939235088828,1.19410660462825e-09
3.3929828088871,2.96287827869922e-09
3.39657326688592,2.73955140418608e-09
3.40016372488475,2.68652421623987e-09
3.40375418288357,9.21208694607957e-10
3.40734464088239,1.79711925829466e-09
3.41093509888121,3.44555618412024e-09
3.41452555688004,8.71589910365001e-10
3.41811601487886,2.06237141072132e-09
3.42170647287768,2.66395004580055e-09
3.4252969308765,8.53241827281463e-10
3.42888738887533,2.87291192373751e-09
3.43247784687415,1.40244074352242e-09
3.43606830487297,3.62396329619693e-09
3.43965876287179,3.6599890453967e-09
3.44324922087061,2.19698128016864e-09
3.44683967886944,7.79488941764698e-10
3.45043013686826,2.03141067801305e-09
3.45402059486708,1.17655519652917e-09
3.4576110528659,2.1559477348253e-09
3.46120151086473,2.81085504555916e-09
3.46479196886355,2.4326996584503e-09
3.46838242686237,1.59836947117788e-09
3.47197288486119,2.73850371093669e-09
3.47556334286002,3.29951898403529e-09
3.47915380085884,5.54390079164257e-09
3.48274425885766,1.36322580096059e-09
3.48633471685648,1.88271794008952e-09
3.48992517485531,1.87557466807009e-09
3.49351563285413,6.63976615781771e-10
3.49710609085295,3.05971248538277e-09
3.50069654885177,3.26014071171753e-09
3.50428700685059,2.79209965488151e-09
3.50787746484942,5.54072362114435e-10
3.51146792284824,2.68507082547748e-09
3.51505838084706,3.76876884767006e-09
3.51864883884588,3.1290382250519e-09
3.52223929684471,4.02378145977425e-09
3.52582975484353,1.11676443301494e-09
3.52942021284235,6.29569702241376e-10
3.53301067084117,2.02253185179769e-09
3.53660112884,1.14088828783223e-09
3.54019158683882,2.50464721536103e-09
3.54378204483764,2.58875243105392e-09
3.54737250283646,1.56192148645865e-09
3.55096296083528,5.66096730406654e-10
3.55455341883411,7.46444115280883e-10
3.55814387683293,3.80052959710137e-09
3.56173433483175,1.78088139608927e-09
3.56532479283057,2.10848779239485e-09
3.5689152508294,4.45567122509573e-09
3.57250570882822,3.53900539808823e-09
3.57609616682704,2.0983908368344e-09
3.57968662482586,6.38081414281981e-10
3.58327708282469,2.79425399412579e-09
3.58686754082351,3.17070531815916e-09
3.59045799882233,2.69543504767554e-09
3.59404845682115,2.13496217006177e-09
3.59763891481997,8.5716787121671e-10
3.6012293728188,2.37216285386897e-09
3.60481983081762,4.00240631698181e-10
3.60841028881644,2.42703189469453e-09
3.61200074681526,2.05477090235112e-09
3.61559120481409,2.89099974524799e-09
3.61918166281291,1.93659630183418e-09
3.62277212081173,2.73110448295816e-09
3.62636257881055,4.8046643046383e-09
3.62995303680938,3.14025189889839e-09
3.6335434948082,1.72428546836675e-09
3.63713395280702,1.97354586024045e-09
3.64072441080584,1.31456440726965e-09
3.64431486880467,6.31073179434809e-10
3.64790532680349,7.97831380922302e-10
3.65149578480231,2.69130170775343e-09
3.65508624280113,2.69941657013188e-09
3.65867670079995,5.34325018988114e-10
3.66226715879878,2.78545334463145e-09
3.6658576167976,1.35042502106928e-09
3.66944807479642,1.82717698864984e-09
3.67303853279524,1.36929144805542e-09
3.67662899079407,1.98678691702641e-10
3.68021944879289,3.9841217812731e-09
3.68380990679171,3.02085410598743e-09
3.68740036479053,1.56836267122744e-09
3.69099082278936,1.23339978070133e-09
3.69458128078818,9.05640487181135e-10
3.698171738787,3.68829998639003e-09
3.70176219678582,1.12518210219044e-09
3.70535265478464,2.54019823921269e-09
3.70894311278347,3.4120174861181e-10
3.71253357078229,1.89504707511026e-09
3.71612402878111,2.98549152362194e-09
3.71971448677993,1.62706464795789e-09
3.72330494477876,1.64411768338775e-09
3.72689540277758,4.58480388167322e-09
3.7304858607764,1.86477997009772e-09
3.73407631877522,2.63744996563346e-09
3.73766677677405,2.74330619431613e-09
3.74125723477287,2.46631445779664e-09
3.74484769277169,2.75694125609354e-09
3.74843815077051,1.89044922675017e-09
3.75202860876934,6.58973174859656e-10
3.75561906676816,2.31553730083214e-09
3.75920952476698,7.01231112789379e-10
3.7627999827658,8.94487626370545e-10
3.76639044076462,4.16374730217132e-09
3.76998089876345,2.03202965579166e-09
3.77357135676227,4.33242141347912e-09
3.77716181476109,3.44459233713731e-09
3.78075227275991,3.19184772666637e-10
3.78434273075874,1.51153575814578e-09
3.78793318875756,1.86760709623434e-09
3.79152364675638,2.54715255498317e-09
3.7951141047552,3.17526422043123e-10
3.79870456275403,1.85559695557829e-09
3.80229502075285,4.50519670021e-09
3.80588547875167,1.08379401856882e-09
3.80947593675049,1.64189247610467e-09
3.81306639474931,3.87371690760971e-09
3.81665685274814,2.48094750943939e-09
3.82024731074696,1.40735295397691e-09
3.82383776874578,2.68406997735409e-09
3.8274282267446,2.73889042485317e-09
3.83101868474343,3.7046814924765e-09
3.83460914274225,1.17673084431604e-09
3.83819960074107,2.21780624045e-09
3.84179005873989,2.32055426442684e-09
3.84538051673872,1.84713245871576e-09
3.84897097473754,1.81303168931048e-09
3.85256143273636,8.31333695396764e-10
3.85615189073518,2.0749555720212e-09
3.85974234873401,2.93043728443163e-09
3.86333280673283,2.9150959915368e-09
3.86692326473165,1.91930823360196e-09
3.87051372273047,2.17576599817029e-09
3.87410418072929,1.06340324601468e-09
3.87769463872812,4.99121054239647e-09
3.88128509672694,1.49669064178943e-09
3.88487555472576,3.72822371039881e-09
3.88846601272458,1.93800248352061e-09
3.89205647072341,2.07529807225168e-09
3.89564692872223,1.72769166964661e-09
3.89923738672105,6.59350053051873e-10
3.90282784471987,2.56351419066543e-09
3.9064183027187,1.19790811716926e-09
3.91000876071752,2.29031696106101e-10
3.91359921871634,2.23907133655566e-09
3.91718967671516,1.41363864605749e-09
3.92078013471399,6.50099376973993e-10
3.92437059271281,1.8807419780923e-09
3.92796105071163,2.26556789264811e-09
3.93155150871045,2.64916979510275e-09
3.93514196670927,9.34168698097196e-10
3.9387324247081,1.32760004519198e-09
3.94232288270692,3.05093758363026e-09
3.94591334070574,1.28778242709481e-10
3.94950379870456,3.20437144869784e-09
3.95309425670339,5.18548984911515e-10
3.95668471470221,2.5736781213814e-09
3.96027517270103,1.72086627131467e-09
3.96386563069985,3.78557234055075e-09
3.96745608869867,4.94250594864357e-09
3.9710465466975,1.79274519104519e-09
3.97463700469632,1.93351934018604e-09
3.97822746269514,2.37118388773265e-09
3.98181792069396,4.17476747047679e-09
3.98540837869279,3.26414561909843e-09
3.98899883669161,1.23993852625887e-09
3.99258929469043,1.43890358079547e-09
3.99617975268925,1.1674113407716e-09
3.99977021068808,1.43588966843619e-09
4.0033606686869,1.08201087938685e-09
4.00695112668572,4.87468408815525e-10
4.01054158468454,1.72697770391936e-09
4.01413204268337,5.00389951553023e-09
4.01772250068219,1.65305470963212e-09
4.02131295868101,2.2077896575158e-09
4.02490341667983,1.39491257951779e-09
4.02849387467865,1.04959619907291e-09
4.03208433267748,4.07730580827503e-09
4.0356747906763,7.62474657513696e-10
4.03926524867512,4.7973090501118e-09
4.04285570667394,2.00321373846634e-09
4.04644616467277,1.72840841547775e-09
4.05003662267159,2.64353890462946e-09
4.05362708067041,1.53145413856278e-09
4.05721753866923,1.73567798620808e-09
4.06080799666806,2.10449806867151e-09
4.06439845466688,1.7691691146933e-09
4.0679889126657,3.03885261633016e-09
4.07157937066452,5.63522630021339e-10
4.07516982866334,3.44859547113761e-09
4.07876028666217,7.32589310831988e-10
4.08235074466099,2.89508592883088e-09
4.08594120265981,1.66570723545964e-09
4.08953166065863,6.98651013341685e-10
4.09312211865746,2.84761422293497e-09
4.09671257665628,9.87475467438566e-10
4.1003030346551,1.91832396363819e-09
4.10389349265392,2.09818948174785e-09
4.10748395065275,5.08938625388979e-10
4.11107440865157,2.34936207844804e-09
4.11466486665039,1.56621502432226e-09
4.11825532464921,1.67947858939321e-09
4.12184578264803,1.18240403773968e-09
4.12543624064686,3.20546310727129e-10
4.12902669864568,4.85955115613817e-10
4.1326171566445,5.63087867168934e-10
4.13620761464332,7.90274509481171e-10
4.13979807264215,1.74130227661655e-09
4.14338853064097,2.61508034656616e-09
4.14697898863979,2.48376576527344e-09
4.15056944663861,1.03129700198804e-09
4.15415990463744,1.21206482034288e-09
4.15775036263626,1.7272219066319e-09
4.16134082063508,2.28254770159036e-09
4.1649312786339,1.96812354893347e-09
4.16852173663272,3.26926468616537e-10
4.17211219463155,1.30632918605242e-09
4.17570265263037,2.1526071421032e-10
4.17929311062919,2.66399130074174e-09
4.18288356862801,1.41458714097079e-09
4.18647402662684,2.12511565056274e-09
4.19006448462566,4.42331446510241e-10
4.19365494262448,2.45418404642513e-09
4.1972454006233,8.27758746440275e-10
4.20083585862213,2.05249624403108e-09
4.20442631662095,5.84453347403469e-10
4.20801677461977,2.47792209795333e-09
4.21160723261859,1.57367879388039e-09
4.21519769061742,3.00801768674504e-09
4.21878814861624,2.10391105815916e-09
4.22237860661506,9.6245213399416e-10
4.22596906461388,2.6578971933852e-09
4.22955952261271,2.23622097528884e-09
4.23314998061153,1.49926405143805e-09
4.23674043861035,1.76231971432311e-09
4.24033089660917,2.03849445243889e-09
4.24392135460799,7.18299091521809e-10
4.24751181260682,2.27731804416675e-09
4.25110227060564,3.44515728333923e-09
4.25469272860446,8.01138124284842e-10
4.25828318660328,1.24546182936252e-09
4.26187364460211,8.85821319407885e-10
4.26546410260093,1.01782974937874e-09
4.26905456059975,1.60193057232476e-09
4.27264501859857,1.30242979510594e-09
4.2762354765974,2.40162421797901e-09
4.27982593459622,2.06961699410016e-09
4.28341639259504,2.01721474787127e-10
4.28700685059386,3.33360286135184e-09
4.29059730859268,6.51098694926689e-10
4.29418776659151,3.61325886445708e-10
4.29777822459033,3.13291607663883e-09
4.30136868258915,1.00023218845821e-09
4.30495914058797,1.60898186108357e-09
4.3085495985868,1.72077253449367e-09
4.31214005658562,1.0458309798323e-09
4.31573051458444,5.24809994226e-10
4.31932097258326,1.97192716583631e-09
4.32291143058209,1.07480082308705e-09
4.32650188858091,2.03336763278851e-09
4.33009234657973,2.52121539847744e-09
4.33368280457855,1.24148386215633e-09
4.33727326257737,1.32846272669932e-09
4.3408637205762,1.17850077837379e-10
4.34445417857502,3.88103848528971e-10
4.34804463657384,2.53554778491372e-09
4.35163509457266,1.41207846221223e-09
4.35522555257149,1.54618028655677e-09
4.35881601057031,5.93975955493557e-10
4.36240646856913,1.88147874403953e-09
4.36599692656795,1.78525624335435e-09
4.36958738456678,2.94475012598901e-09
4.3731778425656,1.81537791534622e-09
4.37676830056442,1.80543665485645e-09
4.38035875856324,1.60968509483692e-09
4.38394921656207,2.77078657633741e-09
4.38753967456089,2.32678936252649e-09
4.39113013255971,2.01077334888897e-09
4.39472059055853,2.7483519249137e-09
4.39831104855736,1.57996193256056e-09
4.40190150655618,1.06415478532827e-09
4.405491964555,2.75746141139158e-09
4.40908242255382,3.37580723008172e-09
4.41267288055264,1.84566582553641e-09
4.41626333855147,1.26334067723903e-09
4.41985379655029,4.97944327998783e-09
4.42344425454911,1.21200612671102e-09
4.42703471254793,2.5506523408755e-09
4.43062517054676,5.7204908046863e-09
4.43421562854558,1.74107250415824e-09
4.4378060865444,7.73715810233947e-10
4.44139654454322,3.15692222168243e-09
4.44498700254205,1.78974594296869e-09
4.44857746054087,2.82491449769576e-09
4.45216791853969,1.45629986757161e-09
4.45575837653851,3.96591810397588e-09
4.45934883453733,2.24607626756986e-09
4.46293929253616,1.27318198800484e-09
4.46652975053498,2.28379264846824e-09
4.4701202085338,4.50120062463329e-10
4.47371066653262,1.53413467698515e-09
4.47730112453145,1.58296248262233e-09
4.48089158253027,1.49391345692107e-09
4.48448204052909,1.7109461775168e-09
4.48807249852791,2.86313438291895e-09
4.49166295652673,2.09266166260014e-09
4.49525341452556,2.55732990016105e-09
4.49884387252438,1.4566778989962e-09
4.5024343305232,3.13306740379853e-09
4.50602478852202,1.5497837765464e-09
4.50961524652085,4.03065068947139e-10
4.51320570451967,3.41976894759328e-09
4.51679616251849,9.96822989130368e-10
4.52038662051731,1.35690842749536e-09
4.52397707851614,4.38354196172555e-09
4.52756753651496,2.66923069612173e-09
4.53115799451378,3.11997946328206e-09
4.5347484525126,1.28967208317511e-09
4.53833891051143,3.5007098758012e-09
4.54192936851025,8.91510111378709e-10
4.54551982650907,1.27167651312362e-09
4.54911028450789,3.17603553085714e-09
4.55270074250671,1.01943579226753e-09
4.55629120050554,4.22110620350838e-10
4.55988165850436,2.54315737261503e-09
4.56347211650318,3.1308162668656e-09
4.567062574502,1.48491053672973e-09
4.57065303250083,9.62007017236909e-10
4.57424349049965,5.08817237568583e-10
4.57783394849847,2.68870909481542e-09
4.58142440649729,3.51656205405245e-09
4.58501486449612,1.44645184302619e-09
4.58860532249494,2.3298864312985e-09
4.59219578049376,1.22033948471673e-09
4.59578623849258,4.3839055186875e-09
4.59937669649141,1.36125190066684e-09
4.60296715449023,2.25496512569314e-09
4.60655761248905,1.51408256816549e-09
4.61014807048787,9.78379713839451e-10
4.61373852848669,1.67072019694048e-09
4.61732898648552,1.73922884468408e-09
4.62091944448434,1.28971712027679e-09
4.62450990248316,8.39928988236829e-10
4.62810036048198,3.675771603277e-10
4.63169081848081,1.68785352192632e-09
4.63528127647963,2.79513396934135e-09
4.63887173447845,2.28361078177095e-09
4.64246219247727,2.15682927049137e-09
4.6460526504761,3.94118209727793e-10
4.64964310847492,1.64954505676485e-09
4.65323356647374,4.12778796223734e-09
4.65682402447256,2.77203521332105e-09
4.66041448247138,2.88027808567754e-09
4.66400494047021,1.64051042670099e-09
4.66759539846903,1.15053152589492e-09
4.67118585646785,4.75311870810333e-10
4.67477631446667,1.37622782034466e-09
4.6783667724655,1.91781978781608e-09
4.68195723046432,3.35112735963681e-09
4.68554768846314,3.73180434529442e-09
4.68913814646196,9.41245020848364e-10
4.69272860446079,2.18187104903214e-09
4.69631906245961,9.47654295622065e-10
4.69990952045843,3.29551369022684e-09
4.70349997845725,8.34039319918991e-10
4.70709043645607,1.0355180086935e-09
4.7106808944549,6.84465107377101e-10
4.71427135245372,2.7717390869266e-09
4.71786181045254,2.06471166961077e-10
4.72145226845136,2.05340178952002e-09
4.72504272645019,2.16883434526556e-09
4.72863318444901,1.57919035896741e-09
4.73222364244783,2.15225822742461e-09
4.73581410044665,2.7386919553645e-09
4.73940455844548,6.40581501310126e-10
4.7429950164443,8.86694976399581e-10
4.74658547444312,2.18289601611635e-09
4.75017593244194,6.2725432917939e-10
4.75376639044077,1.77502864164367e-09
4.75735684843959,2.31197674917466e-09
4.76094730643841,2.277131577019e-09
4.76453776443723,4.29188385267798e-09
4.76812822243606,1.24909939793643e-09
4.77171868043488,8.18487062442732e-10
4.7753091384337,1.13349675782341e-09
4.77889959643252,4.10691479709027e-09
4.78249005443134,1.65734880082524e-09
4.78608051243017,1.63106891401142e-09
4.78967097042899,2.36726608109167e-09
4.79326142842781,4.20349855823279e-09
4.79685188642663,6.50655870365988e-10
4.80044234442546,3.46541180525894e-09
4.80403280242428,2.91028336032789e-10
4.8076232604231,2.57616382187059e-09
4.81121371842192,2.1317989667756e-09
4.81480417642075,1.33125215162189e-09
4.81839463441957,4.26196679298348e-09
4.82198509241839,1.1853762044067e-09
4.82557555041721,2.57794154665213e-09
4.82916600841603,2.08871695270489e-09
4.83275646641486,3.6601515858074e-09
4.83634692441368,2.79390853326939e-09
4.8399373824125,5.4607883850907e-09
4.84352784041132,1.0624364602389e-09
4.84711829841015,5.73926575050276e-09
4.85070875640897,1.01114367746921e-09
4.85429921440779,2.46839776869679e-09
4.85788967240661,7.11586565882611e-10
4.86148013040544,8.3959750074654e-10
4.86507058840426,2.18621567837824e-09
4.86866104640308,3.4115792210394e-09
4.8722515044019,3.10917736200024e-09
4.87584196240072,3.49220461579859e-09
4.87943242039955,2.21584400490847e-09
4.88302287839837,2.57179088915651e-09
4.88661333639719,3.51384195483281e-09
4.89020379439601,2.56001845180182e-09
4.89379425239484,1.52089592646464e-09
4.89738471039366,2.89093692057048e-09
4.90097516839248,2.20710566748705e-09
4.9045656263913,3.73241872089511e-09
4.90815608439013,2.77826640018688e-09
4.91174654238895,2.52994498147686e-09
4.91533700038777,3.72896272834613e-09
4.91892745838659,1.39382140486658e-09
4.92251791638541,3.23487262405061e-09
4.92610837438424,1.3968595828896e-09
4.92969883238306,3.82216946113686e-09
4.93328929038188,2.6648005396139e-09
4.9368797483807,1.18427602316656e-09
4.94047020637953,2.09337457022689e-09
4.94406066437835,3.8992429843969e-09
4.94765112237717,3.51675850088371e-09
4.95124158037599,1.9820517196467e-09
4.95483203837482,1.22674287393106e-09
4.95842249637364,7.20164967738922e-10
4.96201295437246,2.83495244758492e-09
4.96560341237128,1.57164866438138e-09
4.96919387037011,5.55542540787258e-09
4.97278432836893,4.35629848144456e-09
4.97637478636775,1.99903282869139e-09
4.97996524436657,3.43837354005557e-09
4.98355570236539,4.50150627119053e-09
4.98714616036422,2.97337319978148e-09
4.99073661836304,5.7646850640754e-09
4.99432707636186,4.24587137087839e-09
4.99791753436068,5.15905374652323e-09
