freqs,specs
0,0.00467946416558506
0.00359045799882233,0.00346475047047192
0.00718091599764466,0.00351583104751308
0.010771373996467,0.00179436688660318
0.0143618319952893,0.0111084245841936
0.0179522899941117,0.00346677435260213
0.021542747992934,0.00279365878279815
0.0251332059917563,0.00321018651349226
0.0287236639905786,0.00131992788045393
0.032314121989401,0.00410967185722766
0.0359045799882233,0.000715327863808472
0.0394950379870456,0.000760562172018027
0.043085495985868,0.00114201402770985
0.0466759539846903,0.000467726080847387
0.0502664119835126,0.00105565575024646
0.053856869982335,0.000619360503446235
0.0574473279811573,0.000254650772504147
0.0610377859799796,0.000126219669097412
0.0646282439788019,0.000139729195326028
0.0682187019776243,0.000298260434823786
0.0718091599764466,0.000211164607221228
0.0753996179752689,0.000185306141730758
0.0789900759740913,0.000130731760354826
0.0825805339729136,0.000125510759754658
0.0861709919717359,0.000344388755091076
0.0897614499705583,0.000167072476674162
0.0933519079693806,0.000217344541138453
0.0969423659682029,8.39052611938677e-05
0.100532823967025,0.000275636831841221
0.104123281965848,0.000119766967010694
0.10771373996467,2.27055622341191e-05
0.111304197963492,0.000371468032035286
0.114894655962315,4.33632907859198e-05
0.118485113961137,0.000253661990788864
0.122075571959959,0.000270624671130039
0.125666029958782,0.000143472555705105
0.129256487957604,0.000161859860353936
0.132846945956426,0.000141744223264608
0.136437403955249,0.000221551845117019
0.140027861954071,0.000143975510098106
0.143618319952893,8.07976633350999e-05
0.147208777951716,0.000201244733366712
0.150799235950538,0.000124277756978521
0.15438969394936,0.000138033405807729
0.157980151948183,0.000132027553346808
0.161570609947005,0.000146467792238838
0.165161067945827,0.000127746499399448
0.16875152594465,0.000105727598540708
0.172341983943472,0.000155533639439291
0.175932441942294,0.000116387596082303
0.179522899941117,0.000143772283659236
0.183113357939939,0.000156295448284411
0.186703815938761,0.000148397236118414
0.190294273937583,0.000133669851577711
0.193884731936406,0.000153490573001393
0.197475189935228,0.00018198127697894
0.20106564793405,0.000118891807405945
0.204656105932873,0.000130661203628312
0.208246563931695,0.000156729898911628
0.211837021930517,0.000166163734962932
0.21542747992934,0.00013796466955461
0.219017937928162,0.000141977254689989
0.222608395926984,0.000134181120939118
0.226198853925807,0.000152119362823228
0.229789311924629,0.000142323318031349
0.233379769923451,0.000132991912581184
0.236970227922274,0.000136634845029521
0.240560685921096,0.000146609509990248
0.244151143919918,0.000160178050465201
0.247741601918741,0.000154495985837431
0.251332059917563,0.000132619392266619
0.254922517916385,0.000136951425104094
0.258512975915208,0.000148985083649328
0.26210343391403,0.000129131072284947
0.265693891912852,0.000136743252041682
0.269284349911675,0.000156325245625584
0.272874807910497,0.000168240507194615
0.276465265909319,0.000138093782417605
0.280055723908142,0.000149346742349952
0.283646181906964,0.000146076098428898
0.287236639905786,0.00014995771881569
0.290827097904609,0.000160285718630902
0.294417555903431,0.000155622581102001
0.298008013902253,0.000149428267243517
0.301598471901076,0.000159200009459935
0.305188929899898,0.00014613109967763
0.30877938789872,0.000153583105144761
0.312369845897543,0.000153532895581387
0.315960303896365,0.000160860914813484
0.319550761895187,0.000150494928765832
0.32314121989401,0.000157510066151392
0.326731677892832,0.000151470867371336
0.330322135891654,0.000161895962093429
0.333912593890477,0.000158379626758628
0.337503051889299,0.000159107366694518
0.341093509888121,0.000160833094352531
0.344683967886944,0.000159649414163319
0.348274425885766,0.000155820593748102
0.351864883884588,0.000161788475067038
0.355455341883411,0.000163092447720006
0.359045799882233,0.000158028081176956
0.362636257881055,0.000169054991430555
0.366226715879878,0.000157257234070478
0.3698171738787,0.000167371867889688
0.373407631877522,0.000164389830392808
0.376998089876345,0.00017104763793891
0.380588547875167,0.000159949348940592
0.384179005873989,0.000159743991270306
0.387769463872812,0.000175884683372107
0.391359921871634,0.000166554230457686
0.394950379870456,0.000168067226417384
0.398540837869279,0.000171899992643403
0.402131295868101,0.00017375471684673
0.405721753866923,0.000171708070205718
0.409312211865746,0.000174766932759164
0.412902669864568,0.000178786110720457
0.41649312786339,0.000182144014484139
0.420083585862213,0.000168843993742942
0.423674043861035,0.000178204392030413
0.427264501859857,0.000178262666870909
0.43085495985868,0.00018322679022526
0.434445417857502,0.000178813800023214
0.438035875856324,0.000187834561511144
0.441626333855147,0.000182772911982005
0.445216791853969,0.000188573578726114
0.448807249852791,0.00018936777720677
0.452397707851614,0.000185887398433242
0.455988165850436,0.000190737666130934
0.459578623849258,0.000195337649603515
0.463169081848081,0.000191232959447488
0.466759539846903,0.000188052159020001
0.470349997845725,0.000197110966024876
0.473940455844548,0.000192700138556819
0.47753091384337,0.000194429624603765
0.481121371842192,0.000191286395042898
0.484711829841015,0.000197195532054002
0.488302287839837,0.000203890235606403
0.491892745838659,0.00020428988365335
0.495483203837482,0.000202422227543297
0.499073661836304,0.000202730124087349
0.502664119835126,0.000206707699449545
0.506254577833949,0.000208821159562827
0.509845035832771,0.000211361629137579
0.513435493831593,0.000213198454204498
0.517025951830416,0.000220257896836052
0.520616409829238,0.00021628065262712
0.52420686782806,0.00021924821398793
0.527797325826883,0.000219890809102899
0.531387783825705,0.000223157617382571
0.534978241824527,0.000223306016462964
0.53856869982335,0.000223580450353303
0.542159157822172,0.000231037561286413
0.545749615820994,0.00023133346646247
0.549340073819817,0.00023029834956269
0.552930531818639,0.000232570946210684
0.556520989817461,0.000233802509410094
0.560111447816284,0.000238453183552011
0.563701905815106,0.000239230789474793
0.567292363813928,0.000240304982581083
0.57088282181275,0.000240036408776093
0.574473279811573,0.000244743949937098
0.578063737810395,0.000247921670392114
0.581654195809218,0.000249773132345535
0.58524465380804,0.000249107702181407
0.588835111806862,0.000247259231405307
0.592425569805685,0.000255388145467759
0.596016027804507,0.000261358093859751
0.599606485803329,0.000263687223339976
0.603196943802151,0.000265212264291465
0.606787401800974,0.000265040128376448
0.610377859799796,0.000269028531721977
0.613968317798618,0.000271915252417928
0.617558775797441,0.000272914784388809
0.621149233796263,0.000277059217215127
0.624739691795085,0.000275445158079461
0.628330149793908,0.000282077715478196
0.63192060779273,0.000284033552548741
0.635511065791552,0.000287847648878481
0.639101523790375,0.000294916364523575
0.642691981789197,0.000296185410332128
0.646282439788019,0.000300091425516903
0.649872897786842,0.000302919731958211
0.653463355785664,0.000302305074324076
0.657053813784486,0.00030560878055119
0.660644271783309,0.000313829616246889
0.664234729782131,0.000314069783497376
0.667825187780953,0.000318280817560786
0.671415645779776,0.000323841571983698
0.675006103778598,0.00032684874497478
0.67859656177742,0.000329874118667063
0.682187019776243,0.000333756296303084
0.685777477775065,0.000338092598994571
0.689367935773887,0.000342271598857464
0.69295839377271,0.000346497764711191
0.696548851771532,0.00034818159337224
0.700139309770354,0.000357234188700011
0.703729767769177,0.000358023294984345
0.707320225767999,0.000365226285473103
0.710910683766821,0.00037126604705271
0.714501141765644,0.000373344963284824
0.718091599764466,0.000378905217302586
0.721682057763288,0.000386222559425927
0.725272515762111,0.00039089248125357
0.728862973760933,0.000394937938949974
0.732453431759755,0.000402061127298066
0.736043889758578,0.000409383353761823
0.7396343477574,0.000414214691980381
0.743224805756222,0.000419957202834348
0.746815263755045,0.000426948351799423
0.750405721753867,0.000432745575837375
0.753996179752689,0.000440968268931718
0.757586637751512,0.000442322536223695
0.761177095750334,0.000453259659941052
0.764767553749156,0.000462812289999752
0.768358011747979,0.000465903156669695
0.771948469746801,0.000475782624271634
0.775538927745623,0.000485182830717635
0.779129385744446,0.000490265139341521
0.782719843743268,0.000497458886725986
0.78631030174209,0.000508262807661335
0.789900759740913,0.000518181982368371
0.793491217739735,0.000526989599939635
0.797081675738557,0.00053761087725942
0.80067213373738,0.000546577800367869
0.804262591736202,0.000558374863165307
0.807853049735024,0.000567456065783558
0.811443507733847,0.000578623747415081
0.815033965732669,0.000590164530324059
0.818624423731491,0.000601017411829378
0.822214881730314,0.000617535249132974
0.825805339729136,0.000630992989265701
0.829395797727958,0.00064379197356579
0.832986255726781,0.000658862033267901
0.836576713725603,0.00067473652441024
0.840167171724425,0.000688406574424297
0.843757629723248,0.000702236602217598
0.84734808772207,0.000722168986057341
0.850938545720892,0.000739084613741036
0.854529003719715,0.000756626877013257
0.858119461718537,0.000782249519393377
0.861709919717359,0.000801812466311689
0.865300377716182,0.000820619861602457
0.868890835715004,0.000845685229060598
0.872481293713826,0.000869932922126472
0.876071751712649,0.000897155363570379
0.879662209711471,0.000921821273122409
0.883252667710293,0.000955730242674622
0.886843125709115,0.000982782124863528
0.890433583707938,0.00101582775383014
0.89402404170676,0.00105285772157779
0.897614499705583,0.00109005731071989
0.901204957704405,0.00113093842811013
0.904795415703227,0.00117308636177934
0.90838587370205,0.00122208844989766
0.911976331700872,0.00127355488996434
0.915566789699694,0.00132109231116107
0.919157247698516,0.00138827834899713
0.922747705697339,0.001452093041937
0.926338163696161,0.00152473142009088
0.929928621694984,0.00160319827675766
0.933519079693806,0.00169156486567268
0.937109537692628,0.0017899937718834
0.940699995691451,0.00189572664350459
0.944290453690273,0.0020269260298669
0.947880911689095,0.00216757479098867
0.951471369687917,0.00232652344261521
0.95506182768674,0.00251639209896518
0.958652285685562,0.00273789006688048
0.962242743684384,0.00299830499728549
0.965833201683207,0.00331440872493676
0.969423659682029,0.00371062653600546
0.973014117680852,0.00420824806227514
0.976604575679674,0.00485247729097238
0.980195033678496,0.00574338015863634
0.983785491677318,0.00701867504783196
0.987375949676141,0.00902120935178521
0.990966407674963,0.0126168410460007
0.994556865673785,0.020961172014497
0.998147323672608,0.0616298623924414
1.00173778167143,0.0657416254890415
1.00532823967025,0.0214572925554614
1.00891869766907,0.0128288583863673
1.0125091556679,0.00915642640669321
1.01609961366672,0.00711932669965974
1.01969007166554,0.00582721848680661
1.02328052966436,0.00493163399285432
1.02687098766319,0.00427812579281976
1.03046144566201,0.00377466442828726
1.03405190366083,0.00337899380185849
1.03764236165965,0.00306237312532498
1.04123281965848,0.00279554241321135
1.0448232776573,0.0025718800935524
1.04841373565612,0.0023849564248239
1.05200419365494,0.0022214628178645
1.05559465165377,0.00207919557873385
1.05918510965259,0.00195369754179122
1.06277556765141,0.00184779954760919
1.06636602565023,0.00174503965259602
1.06995648364905,0.00165574862136562
1.07354694164788,0.00157996237497838
1.0771373996467,0.00150684859021039
1.08072785764552,0.00143915888393087
1.08431831564434,0.00137844165219328
1.08790877364317,0.00132507329767929
1.09149923164199,0.00127348465912273
1.09508968964081,0.00122683847115095
1.09868014763963,0.00118373938328471
1.10227060563846,0.00114103007754608
1.10586106363728,0.0011034351599602
1.1094515216361,0.00107222380509825
1.11304197963492,0.00103599132674983
1.11663243763374,0.00100561449880083
1.12022289563257,0.000975469030245993
1.12381335363139,0.000948967914525934
1.12740381163021,0.000923952339869249
1.13099426962903,0.000896747399352243
1.13458472762786,0.000875842713858743
1.13817518562668,0.000851627859045125
1.1417656436255,0.000830218430654958
1.14535610162432,0.000811520737773897
1.14894655962315,0.000793030702718531
1.15253701762197,0.000773550140177216
1.15612747562079,0.000755444799820123
1.15971793361961,0.00074279273687861
1.16330839161844,0.000723718990089701
1.16689884961726,0.000707414173675627
1.17048930761608,0.000696608292455765
1.1740797656149,0.000681240129898344
1.17767022361372,0.000666733382377076
1.18126068161255,0.000654745060257565
1.18485113961137,0.00064464123674033
1.18844159761019,0.00063153428503679
1.19203205560901,0.000619443759429037
1.19562251360784,0.000610404356990658
1.19921297160666,0.000598553561316724
1.20280342960548,0.00058695062522671
1.2063938876043,0.000578860294554306
1.20998434560313,0.000570356697707476
1.21357480360195,0.000559468360673996
1.21716526160077,0.000550846685344958
1.22075571959959,0.000543417378656817
1.22434617759841,0.000535592022049679
1.22793663559724,0.000525816938449423
1.23152709359606,0.000518331750768194
1.23511755159488,0.000511372693342762
1.2387080095937,0.000502780253851489
1.24229846759253,0.000495951225264898
1.24588892559135,0.000489739763038507
1.24947938359017,0.000484555812097199
1.25306984158899,0.000475500507155847
1.25666029958782,0.000470592210027938
1.26025075758664,0.000463503515810328
1.26384121558546,0.000457566571252789
1.26743167358428,0.000452147489266784
1.2710221315831,0.000446251477946728
1.27461258958193,0.000440890055872297
1.27820304758075,0.00043555856077597
1.28179350557957,0.000429978589595594
1.28538396357839,0.000426016365675202
1.28897442157722,0.000420495764121727
1.29256487957604,0.000414220502377119
1.29615533757486,0.000411683988350995
1.29974579557368,0.000404696155698688
1.30333625357251,0.000400787882547678
1.30692671157133,0.000396712874737729
1.31051716957015,0.000393164761264391
1.31410762756897,0.000389217105132361
1.3176980855678,0.000384585150896195
1.32128854356662,0.000380343357074827
1.32487900156544,0.0003762164170807
1.32846945956426,0.000372187086412876
1.33205991756308,0.000368546090628575
1.33565037556191,0.000365770475714261
1.33924083356073,0.000361630717270944
1.34283129155955,0.000358049238983996
1.34642174955837,0.000354375622872397
1.3500122075572,0.000350408982996152
1.35360266555602,0.000348995618421954
1.35719312355484,0.00034382464796494
1.36078358155366,0.000341609221260779
1.36437403955249,0.000338036600269892
1.36796449755131,0.000334559153682272
1.37155495555013,0.000331777203733597
1.37514541354895,0.000329065198485278
1.37873587154777,0.000325776776650208
1.3823263295466,0.000322625433898542
1.38591678754542,0.000319615418760233
1.38950724554424,0.000316928580010446
1.39309770354306,0.000315281877327664
1.39668816154189,0.000311794114388176
1.40027861954071,0.000309935330803105
1.40386907753953,0.000307832366803388
1.40745953553835,0.000304124107297723
1.41104999353718,0.000302699706780881
1.414640451536,0.000300148410607092
1.41823090953482,0.000297432947704157
1.42182136753364,0.000294244982259293
1.42541182553247,0.00029281230807691
1.42900228353129,0.000290830903128149
1.43259274153011,0.000289331696770501
1.43618319952893,0.000286010971695741
1.43977365752775,0.000284257716189516
1.44336411552658,0.000281650485685778
1.4469545735254,0.000278666957603544
1.45054503152422,0.000277543683702113
1.45413548952304,0.000275930992287785
1.45772594752187,0.000273645967471797
1.46131640552069,0.000271659866992046
1.46490686351951,0.000270185288512002
1.46849732151833,0.000268052202222782
1.47208777951716,0.000266136556510049
1.47567823751598,0.000264531192273727
1.4792686955148,0.000261173278082604
1.48285915351362,0.000260967313361298
1.48644961151244,0.000258567866714589
1.49004006951127,0.000256988457712971
1.49363052751009,0.000255336486504242
1.49722098550891,0.000254946966004003
1.50081144350773,0.000251552848184726
1.50440190150656,0.000250231883191482
1.50799235950538,0.000248359276246886
1.5115828175042,0.000247897256546344
1.51517327550302,0.000245005485798976
1.51876373350185,0.000244024294366001
1.52235419150067,0.00024260708739553
1.52594464949949,0.000240812040031886
1.52953510749831,0.000239803709153554
1.53312556549713,0.00023831480571369
1.53671602349596,0.000236719172960255
1.54030648149478,0.000235125643131629
1.5438969394936,0.000234490728310231
1.54748739749242,0.000232451992517035
1.55107785549125,0.000231031707336835
1.55466831349007,0.000229121513861711
1.55825877148889,0.000228029471462337
1.56184922948771,0.000227174761515946
1.56543968748654,0.000226222142188457
1.56903014548536,0.000224661475784202
1.57262060348418,0.000222764233490159
1.576211061483,0.000221717945046897
1.57980151948183,0.000220514906314972
1.58339197748065,0.000219964082556404
1.58698243547947,0.000217385081865415
1.59057289347829,0.00021771949733977
1.59416335147711,0.000215028622450031
1.59775380947594,0.000215311447358322
1.60134426747476,0.000213446285381786
1.60493472547358,0.000212699780369225
1.6085251834724,0.000211745226761256
1.61211564147123,0.000209824444942685
1.61570609947005,0.000208700480102942
1.61929655746887,0.000207924480896593
1.62288701546769,0.000206915978576563
1.62647747346652,0.000205509106458706
1.63006793146534,0.000204408693884119
1.63365838946416,0.000203377869136526
1.63724884746298,0.000203164580436027
1.6408393054618,0.000201264253199614
1.64442976346063,0.000200496259377523
1.64802022145945,0.000199625613118501
1.65161067945827,0.000198727905247842
1.65520113745709,0.00019745148417702
1.65879159545592,0.000196325275856953
1.66238205345474,0.000195137546065212
1.66597251145356,0.000194909056899397
1.66956296945238,0.000194085316759902
1.67315342745121,0.000192503977666114
1.67674388545003,0.000192105339621948
1.68033434344885,0.000190872018318605
1.68392480144767,0.000190118277299588
1.6875152594465,0.000189304675111527
1.69110571744532,0.00018875395438714
1.69469617544414,0.00018661292628807
1.69828663344296,0.000185977702268109
1.70187709144178,0.00018610230736708
1.70546754944061,0.000184842349991307
1.70905800743943,0.000183852836560741
1.71264846543825,0.000183031297183197
1.71623892343707,0.000183133821845982
1.7198293814359,0.000181609918469906
1.72341983943472,0.000180354965179953
1.72701029743354,0.000180006932277279
1.73060075543236,0.00017954467096977
1.73419121343119,0.000178065336933196
1.73778167143001,0.000178420242878217
1.74137212942883,0.000177286171070983
1.74496258742765,0.000175490793070304
1.74855304542647,0.000175546260454877
1.7521435034253,0.000174653412006121
1.75573396142412,0.000173885554608382
1.75932441942294,0.000173167180049812
1.76291487742176,0.000172575350487543
1.76650533542059,0.000172595043041949
1.77009579341941,0.00017154923949706
1.77368625141823,0.000170188002342757
1.77727670941705,0.000169914947526163
1.78086716741588,0.000168846745061198
1.7844576254147,0.000168103247464278
1.78804808341352,0.000167902489078188
1.79163854141234,0.000167062296627526
1.79522899941117,0.00016613510511342
1.79881945740999,0.000166003237540843
1.80240991540881,0.000164675328900708
1.80600037340763,0.0001642553894403
1.80959083140645,0.000164058903679648
1.81318128940528,0.000163104283237778
1.8167717474041,0.000162310456827179
1.82036220540292,0.00016136177102889
1.82395266340174,0.000161314724157
1.82754312140057,0.000160437553274269
1.83113357939939,0.000159336066645409
1.83472403739821,0.000159285420525849
1.83831449539703,0.00015821042173819
1.84190495339586,0.000157833905102877
1.84549541139468,0.000157341794319434
1.8490858693935,0.000157044948454511
1.85267632739232,0.000156616603499241
1.85626678539114,0.000155060529821325
1.85985724338997,0.00015520156894035
1.86344770138879,0.000155007891222549
1.86703815938761,0.000153983625186984
1.87062861738643,0.000153631563441863
1.87421907538526,0.000153074608040521
1.87780953338408,0.000152617186703869
1.8813999913829,0.000151473612654825
1.88499044938172,0.000151676488025208
1.88858090738055,0.000150551832947966
1.89217136537937,0.000150093399318518
1.89576182337819,0.000150159495429433
1.89935228137701,0.000149190152684071
1.90294273937583,0.000148263147635965
1.90653319737466,0.000147784239562537
1.91012365537348,0.000147490283987628
1.9137141133723,0.000147409226611625
1.91730457137112,0.000145904891237461
1.92089502936995,0.000146296868675414
1.92448548736877,0.000145547834305352
1.92807594536759,0.000144736612947268
1.93166640336641,0.000144544143272254
1.93525686136524,0.000144430285795524
1.93884731936406,0.000143015319071042
1.94243777736288,0.000142577920932117
1.9460282353617,0.000142720647201632
1.94961869336053,0.000141933607384983
1.95320915135935,0.000141849653111835
1.95679960935817,0.00014129767031039
1.96039006735699,0.000140937647239002
1.96398052535581,0.000140763337486179
1.96757098335464,0.000139158657738082
1.97116144135346,0.000139499179085901
1.97475189935228,0.000138648430674131
1.9783423573511,0.000138719094596258
1.98193281534993,0.000138348279636209
1.98552327334875,0.000137643381196895
1.98911373134757,0.000137041967790663
1.99270418934639,0.000137533208103126
1.99629464734522,0.000136641266546862
1.99988510534404,0.000136250841993502
2.00347556334286,0.00013598380586004
2.00706602134168,0.00013471655738917
2.01065647934051,0.000134476891269983
2.01424693733933,0.000133967485245906
2.01783739533815,0.000133988652644167
2.02142785333697,0.000134448846730739
2.02501831133579,0.000132584373594865
2.02860876933462,0.000132516297416901
2.03219922733344,0.000131719964037125
2.03578968533226,0.000131658347809363
2.03938014333108,0.000130653632038503
2.04297060132991,0.000130189303333575
2.04656105932873,0.000130456246254132
2.05015151732755,0.000129954683105557
2.05374197532637,0.000129247204515419
2.05733243332519,0.0001298457193835
2.06092289132402,0.000129341709416587
2.06451334932284,0.000128422303105067
2.06810380732166,0.000128688027030429
2.07169426532048,0.000128249607747238
2.07528472331931,0.000127662800774183
2.07887518131813,0.000126855137327418
2.08246563931695,0.000126194897515896
2.08605609731577,0.000126598997413642
2.0896465553146,0.00012608322431641
2.09323701331342,0.000126126140772341
2.09682747131224,0.000124666450311266
2.10041792931106,0.000124794659858409
2.10400838730989,0.000124496500459601
2.10759884530871,0.000124013125618571
2.11118930330753,0.000123811637518925
2.11477976130635,0.000123903176460203
2.11837021930517,0.000123993053641824
2.121960677304,0.00012271915190334
2.12555113530282,0.000121748372953597
2.12914159330164,0.000122175378419016
2.13273205130046,0.000122017500298022
2.13632250929929,0.000121387904770757
2.13991296729811,0.000120853207731423
2.14350342529693,0.000120429434788062
2.14709388329575,0.000120507549789509
2.15068434129458,0.000120141472005889
2.1542747992934,0.000119899466024285
2.15786525729222,0.000119783659589089
2.16145571529104,0.000119525905339779
2.16504617328986,0.000119150523604722
2.16863663128869,0.000118555315724264
2.17222708928751,0.000118214877626613
2.17581754728633,0.000118247530446535
2.17940800528515,0.000117833016112344
2.18299846328398,0.000117562813095296
2.1865889212828,0.000117451229656627
2.19017937928162,0.000116615401022316
2.19376983728044,0.00011660938307987
2.19736029527927,0.000116315835049931
2.20095075327809,0.000115715765166936
2.20454121127691,0.000115436092280644
2.20813166927573,0.000115448899904831
2.21172212727456,0.000115242110365929
2.21531258527338,0.000114534923176615
2.2189030432722,0.000114273627741554
2.22249350127102,0.000113842770813241
2.22608395926984,0.000114096334748466
2.22967441726867,0.000113220347332725
2.23326487526749,0.000112806998612982
2.23685533326631,0.000113242402349482
2.24044579126513,0.000113278375684305
2.24403624926396,0.000112545867495575
2.24762670726278,0.000112151320062916
2.2512171652616,0.000111672707462712
2.25480762326042,0.00011131842122821
2.25839808125925,0.000111387530493343
2.26198853925807,0.000110546753662934
2.26557899725689,0.000110455290815912
2.26916945525571,0.000110611271932909
2.27275991325454,0.000111056729721171
2.27635037125336,0.000109840601853984
2.27994082925218,0.000109499869034356
2.283531287251,0.000108832441064965
2.28712174524982,0.000109358724651404
2.29071220324865,0.000108853296589238
2.29430266124747,0.00010895074469612
2.29789311924629,0.000108615090115601
2.30148357724511,0.000108198559895267
2.30507403524394,0.000107499145210723
2.30866449324276,0.000107464612229696
2.31225495124158,0.00010732826837936
2.3158454092404,0.000107239609543978
2.31943586723923,0.000106999473327497
2.32302632523805,0.000106672981256736
2.32661678323687,0.000106419080131338
2.33020724123569,0.000105925117333079
2.33379769923451,0.00010590951488692
2.33738815723334,0.000105376937975045
2.34097861523216,0.000105120601020081
2.34456907323098,0.000105274139836395
2.3481595312298,0.000104558401267862
2.35174998922863,0.000104262529441013
2.35534044722745,0.000104442366475025
2.35893090522627,0.000104068204487003
2.36252136322509,0.00010361007685447
2.36611182122392,0.000103571948924306
2.36970227922274,0.000103504849965443
2.37329273722156,0.000103194155171392
2.37688319522038,0.000102705457215116
2.38047365321921,0.000102653189450194
2.38406411121803,0.000102865684363963
2.38765456921685,0.000101940287385689
2.39124502721567,0.000102092337653357
2.39483548521449,0.000101802830481115
2.39842594321332,0.000101974245645175
2.40201640121214,0.000100803058368495
2.40560685921096,0.000100991208045322
2.40919731720978,0.000101397596835042
2.41278777520861,0.00010066972077173
2.41637823320743,0.000100766163128819
2.41996869120625,9.99068055142444e-05
2.42355914920507,9.9562459696237e-05
2.4271496072039,9.93267949490499e-05
2.43074006520272,9.95643311396959e-05
2.43433052320154,9.9454701367929e-05
2.43792098120036,9.91299266470388e-05
2.44151143919918,9.93098823948735e-05
2.44510189719801,9.88173184292072e-05
2.44869235519683,9.89020383450366e-05
2.45228281319565,9.81836576332306e-05
2.45587327119447,9.84299595602753e-05
2.4594637291933,9.78083035628114e-05
2.46305418719212,9.75478243394024e-05
2.46664464519094,9.68443377704252e-05
2.47023510318976,9.71543164708352e-05
2.47382556118859,9.68299179404031e-05
2.47741601918741,9.65074662423301e-05
2.48100647718623,9.63023875727096e-05
2.48459693518505,9.59701596484881e-05
2.48818739318387,9.6146638895073e-05
2.4917778511827,9.60270477933122e-05
2.49536830918152,9.54972998461735e-05
2.49895876718034,9.60246410598849e-05
2.50254922517916,9.57383161005587e-05
2.50613968317799,9.53278752190318e-05
2.50973014117681,9.50985136736879e-05
2.51332059917563,9.44618511396332e-05
2.51691105717445,9.48789432947649e-05
2.52050151517328,9.45062060618953e-05
2.5240919731721,9.44998417540778e-05
2.52768243117092,9.39845713414682e-05
2.53127288916974,9.36895000887843e-05
2.53486334716857,9.35362393853151e-05
2.53845380516739,9.33464525192665e-05
2.54204426316621,9.32276299424854e-05
2.54563472116503,9.32049945822962e-05
2.54922517916385,9.32590535004262e-05
2.55281563716268,9.31173881749066e-05
2.5564060951615,9.2748466103291e-05
2.55999655316032,9.19902793234163e-05
2.56358701115914,9.21616846879113e-05
2.56717746915797,9.2042305588261e-05
2.57076792715679,9.18360222396352e-05
2.57435838515561,9.18681905038681e-05
2.57794884315443,9.12585137826017e-05
2.58153930115326,9.14788150897021e-05
2.58512975915208,9.10665748771395e-05
2.5887202171509,9.09382240181907e-05
2.59231067514972,9.07832924958647e-05
2.59590113314854,9.05771594283511e-05
2.59949159114737,9.05718988773163e-05
2.60308204914619,9.01918540127065e-05
2.60667250714501,8.98877609756132e-05
2.61026296514383,8.97644996416799e-05
2.61385342314266,8.97618521782307e-05
2.61744388114148,8.97218254883854e-05
2.6210343391403,8.9321032306639e-05
2.62462479713912,8.93723553418385e-05
2.62821525513795,8.91972065603946e-05
2.63180571313677,8.8825613037664e-05
2.63539617113559,8.86047944345218e-05
2.63898662913441,8.85034283816813e-05
2.64257708713324,8.85451785175502e-05
2.64616754513206,8.8279644195592e-05
2.64975800313088,8.79977651087934e-05
2.6533484611297,8.76471220283497e-05
2.65693891912852,8.79216456981301e-05
2.66052937712735,8.7465744238943e-05
2.66411983512617,8.75238557612012e-05
2.66771029312499,8.71902321957808e-05
2.67130075112381,8.7087401815558e-05
2.67489120912264,8.70463488264193e-05
2.67848166712146,8.65034101026551e-05
2.68207212512028,8.63501933255899e-05
2.6856625831191,8.66386898380528e-05
2.68925304111792,8.62553432122798e-05
2.69284349911675,8.59666671892114e-05
2.69643395711557,8.59563482503291e-05
2.70002441511439,8.56661271265538e-05
2.70361487311321,8.58048902380734e-05
2.70720533111204,8.53971029701635e-05
2.71079578911086,8.52728121295082e-05
2.71438624710968,8.5423209994096e-05
2.7179767051085,8.51687848152763e-05
2.72156716310733,8.48151843392558e-05
2.72515762110615,8.48929633085895e-05
2.72874807910497,8.44582353119553e-05
2.73233853710379,8.41783581396644e-05
2.73592899510262,8.41819664188967e-05
2.73951945310144,8.41794952768912e-05
2.74310991110026,8.40937990845299e-05
2.74670036909908,8.39255383019506e-05
2.7502908270979,8.37383103102145e-05
2.75388128509673,8.37317218455439e-05
2.75747174309555,8.3247789201261e-05
2.76106220109437,8.30159723414197e-05
2.76465265909319,8.31364124111306e-05
2.76824311709202,8.30611786514352e-05
2.77183357509084,8.27902674261955e-05
2.77542403308966,8.28676080725953e-05
2.77901449108848,8.23606697441854e-05
2.78260494908731,8.21630549655712e-05
2.78619540708613,8.20986691680617e-05
2.78978586508495,8.21009666192826e-05
2.79337632308377,8.20302363811235e-05
2.7969667810826,8.1735576398244e-05
2.80055723908142,8.18409857190391e-05
2.80414769708024,8.14007577061534e-05
2.80773815507906,8.13184036750422e-05
2.81132861307788,8.11898916942889e-05
2.81491907107671,8.1068802816886e-05
2.81850952907553,8.05612710655302e-05
2.82209998707435,8.08697804839569e-05
2.82569044507317,8.06163097329189e-05
2.829280903072,8.06958155553739e-05
2.83287136107082,8.06820167868091e-05
2.83646181906964,8.03831784965537e-05
2.84005227706846,8.03268618831858e-05
2.84364273506729,8.01347924818578e-05
2.84723319306611,7.9728465212644e-05
2.85082365106493,7.96788396051706e-05
2.85441410906375,7.97060336035876e-05
2.85800456706257,7.93785335205447e-05
2.8615950250614,7.95050559984337e-05
2.86518548306022,7.91912696809465e-05
2.86877594105904,7.90361924067329e-05
2.87236639905786,7.90506608677874e-05
2.87595685705669,7.88674049224419e-05
2.87954731505551,7.85968512394557e-05
2.88313777305433,7.85697427041612e-05
2.88672823105315,7.83285087735126e-05
2.89031868905198,7.8323725358629e-05
2.8939091470508,7.81527154239584e-05
2.89749960504962,7.78097770824885e-05
2.90109006304844,7.7790806181609e-05
2.90468052104727,7.79189996443507e-05
2.90827097904609,7.76081284639312e-05
2.91186143704491,7.74501290902953e-05
2.91545189504373,7.73040836665477e-05
2.91904235304255,7.72260259990767e-05
2.92263281104138,7.70614033935637e-05
2.9262232690402,7.70748115748341e-05
2.92981372703902,7.70190197238392e-05
2.93340418503784,7.69317176453482e-05
2.93699464303667,7.67173806297025e-05
2.94058510103549,7.64458710794251e-05
2.94417555903431,7.65816662098547e-05
2.94776601703313,7.6442741377203e-05
2.95135647503196,7.61062297040924e-05
2.95494693303078,7.61970520315904e-05
2.9585373910296,7.61402360221067e-05
2.96212784902842,7.61954367731594e-05
2.96571830702724,7.59539456491432e-05
2.96930876502607,7.55141758471217e-05
2.97289922302489,7.56028297559898e-05
2.97648968102371,7.54690060594665e-05
2.98008013902253,7.54759131642483e-05
2.98367059702136,7.50104951956803e-05
2.98726105502018,7.47289309372941e-05
2.990851513019,7.51172692552757e-05
2.99444197101782,7.47274164735342e-05
2.99803242901665,7.40687725713825e-05
3.00162288701547,7.5172676826597e-05
3.00521334501429,7.45843070358476e-05
3.00880380301311,7.42161016853963e-05
3.01239426101194,7.41349548341092e-05
3.01598471901076,7.430599455491e-05
3.01957517700958,7.4111521133895e-05
3.0231656350084,7.38471122788964e-05
3.02675609300722,7.36652155876144e-05
3.03034655100605,7.38102535763173e-05
3.03393700900487,7.37507180934656e-05
3.03752746700369,7.35535995756768e-05
3.04111792500251,7.32944991619149e-05
3.04470838300134,7.33266674870468e-05
3.04829884100016,7.33567307883543e-05
3.05188929899898,7.32344821367465e-05
3.0554797569978,7.29656635882926e-05
3.05907021499663,7.30833925164029e-05
3.06266067299545,7.26933308375965e-05
3.06625113099427,7.26354646016646e-05
3.06984158899309,7.24563547022595e-05
3.07343204699191,7.22763064508056e-05
3.07702250499074,7.25556260799075e-05
3.08061296298956,7.21173876445136e-05
3.08420342098838,7.2091542105021e-05
3.0877938789872,7.18099527856759e-05
3.09138433698603,7.18091832512652e-05
3.09497479498485,7.16373066205921e-05
3.09856525298367,7.14808639763236e-05
3.10215571098249,7.14575489351816e-05
3.10574616898132,7.12522915411023e-05
3.10933662698014,7.13266198706763e-05
3.11292708497896,7.11929682806667e-05
3.11651754297778,7.08765015248949e-05
3.1201080009766,7.12195689750851e-05
3.12369845897543,7.09769557349538e-05
3.12728891697425,7.07705914656594e-05
3.13087937497307,7.06303913669653e-05
3.13446983297189,7.04590101445529e-05
3.13806029097072,7.04895855013408e-05
3.14165074896954,7.03921309695035e-05
3.14524120696836,7.04749207013748e-05
3.14883166496718,7.02947665361068e-05
3.15242212296601,7.02011860326561e-05
3.15601258096483,6.99806701244754e-05
3.15960303896365,6.98703928285611e-05
3.16319349696247,6.97685748530238e-05
3.1667839549613,6.96160811126217e-05
3.17037441296012,6.96746738819456e-05
3.17396487095894,6.95594113203866e-05
3.17755532895776,6.95635508956887e-05
3.18114578695658,6.93436004112327e-05
3.18473624495541,6.92605270816504e-05
3.18832670295423,6.90300214418457e-05
3.19191716095305,6.88274527673437e-05
3.19550761895187,6.89160861098996e-05
3.1990980769507,6.86911261185055e-05
3.20268853494952,6.88590502079534e-05
3.20627899294834,6.85308066286235e-05
3.20986945094716,6.83636848842531e-05
3.21345990894599,6.8453421329479e-05
3.21705036694481,6.8638869386712e-05
3.22064082494363,6.8173983430804e-05
3.22423128294245,6.81118412590614e-05
3.22782174094128,6.82308268628397e-05
3.2314121989401,6.79908753488941e-05
3.23500265693892,6.76357927396727e-05
3.23859311493774,6.77769266432378e-05
3.24218357293656,6.77334270183909e-05
3.24577403093539,6.74867606888882e-05
3.24936448893421,6.74847424922531e-05
3.25295494693303,6.73322282752121e-05
3.25654540493185,6.72631072870345e-05
3.26013586293068,6.7147549007076e-05
3.2637263209295,6.71527465317182e-05
3.26731677892832,6.69107803342888e-05
3.27090723692714,6.70722132125215e-05
3.27449769492596,6.6886293823845e-05
3.27808815292479,6.69244280321713e-05
3.28167861092361,6.65828089634903e-05
3.28526906892243,6.64342104052451e-05
3.28885952692125,6.66184430002516e-05
3.29244998492008,6.64228360665574e-05
3.2960404429189,6.62176579810266e-05
3.29963090091772,6.62392162656853e-05
3.30322135891654,6.62833413687626e-05
3.30681181691537,6.62177704251619e-05
3.31040227491419,6.58580174167851e-05
3.31399273291301,6.57319804271218e-05
3.31758319091183,6.57857278593489e-05
3.32117364891066,6.57767546060071e-05
3.32476410690948,6.53268683507159e-05
3.3283545649083,6.53511134766729e-05
3.33194502290712,6.54969463991702e-05
3.33553548090594,6.53245228636359e-05
3.33912593890477,6.53682141506339e-05
3.34271639690359,6.5203830725947e-05
3.34630685490241,6.51533057503311e-05
3.34989731290123,6.49505140055016e-05
3.35348777090006,6.48397776283993e-05
3.35707822889888,6.47471013215928e-05
3.3606686868977,6.49030262228786e-05
3.36425914489652,6.46562449057232e-05
3.36784960289535,6.45150659508652e-05
3.37144006089417,6.45308168592125e-05
3.37503051889299,6.44004576101908e-05
3.37862097689181,6.43311130199268e-05
3.38221143489063,6.42472988320496e-05
3.38580189288946,6.42543299856624e-05
3.38939235088828,6.42553000773248e-05
3.3929828088871,6.39912526448683e-05
3.39657326688592,6.38434403687341e-05
3.40016372488475,6.39635459810532e-05
3.40375418288357,6.38199657126112e-05
3.40734464088239,6.34848854419858e-05
3.41093509888121,6.37517585068576e-05
3.41452555688004,6.35918944924922e-05
3.41811601487886,6.33802121468734e-05
3.42170647287768,6.35792612960944e-05
3.4252969308765,6.30201316678238e-05
3.42888738887533,6.30317007913707e-05
3.43247784687415,6.32276015077191e-05
3.43606830487297,6.29279686915267e-05
3.43965876287179,6.31526763011671e-05
3.44324922087061,6.28648246829616e-05
3.44683967886944,6.26318452741226e-05
3.45043013686826,6.28000824273982e-05
3.45402059486708,6.24770222205111e-05
3.4576110528659,6.25367058363399e-05
3.46120151086473,6.25216740898445e-05
3.46479196886355,6.23316688286897e-05
3.46838242686237,6.23965286201764e-05
3.47197288486119,6.21091564378295e-05
3.47556334286002,6.19182376447047e-05
3.47915380085884,6.2028516750386e-05
3.48274425885766,6.17555959526053e-05
3.48633471685648,6.19737288540496e-05
3.48992517485531,6.17686111601342e-05
3.49351563285413,6.16243314737932e-05
3.49710609085295,6.15861416143697e-05
3.50069654885177,6.14247948822356e-05
3.50428700685059,6.17559143952797e-05
3.50787746484942,6.13936962039557e-05
3.51146792284824,6.14973347054184e-05
3.51505838084706,6.15333879944999e-05
3.51864883884588,6.13295954175739e-05
3.52223929684471,6.12497875808618e-05
3.52582975484353,6.10578622016931e-05
3.52942021284235,6.09163032620873e-05
3.53301067084117,6.12001021799768e-05
3.53660112884,6.08442391187739e-05
3.54019158683882,6.08742982656442e-05
3.54378204483764,6.04804552506188e-05
3.54737250283646,6.05837320410656e-05
3.55096296083528,6.02824025141646e-05
3.55455341883411,6.05270505834682e-05
3.55814387683293,6.03096185926369e-05
3.56173433483175,6.03654100514058e-05
3.56532479283057,6.00542202719605e-05
3.5689152508294,6.03654406850062e-05
3.57250570882822,6.03782224537208e-05
3.57609616682704,6.01573416449218e-05
3.57968662482586,5.99088290952268e-05
3.58327708282469,5.97092370037299e-05
3.58686754082351,5.97823372517484e-05
3.59045799882233,5.96538784774875e-05
3.59404845682115,5.9715978056654e-05
3.59763891481997,5.97974544043233e-05
3.6012293728188,5.93669864135991e-05
3.60481983081762,5.96232441648069e-05
3.60841028881644,5.92936626395003e-05
3.61200074681526,5.93611128322736e-05
3.61559120481409,5.90120776720738e-05
3.61918166281291,5.9249162710585e-05
3.62277212081173,5.91620280115976e-05
3.62636257881055,5.89814147586503e-05
3.62995303680938,5.88474112978048e-05
3.6335434948082,5.89285898503e-05
3.63713395280702,5.89796051026282e-05
3.64072441080584,5.88051785238659e-05
3.64431486880467,5.85513479668266e-05
3.64790532680349,5.8708608040981e-05
3.65149578480231,5.86248372748124e-05
3.65508624280113,5.84920842138112e-05
3.65867670079995,5.85324726328146e-05
3.66226715879878,5.8374286520092e-05
3.6658576167976,5.83187659712511e-05
3.66944807479642,5.8249426778402e-05
3.67303853279524,5.80877242347067e-05
3.67662899079407,5.80772480654414e-05
3.68021944879289,5.79208193129088e-05
3.68380990679171,5.7996095054774e-05
3.68740036479053,5.78949609007303e-05
3.69099082278936,5.78224544549897e-05
3.69458128078818,5.78973348119329e-05
3.698171738787,5.76266895445113e-05
3.70176219678582,5.75328832339503e-05
3.70535265478464,5.73922708069342e-05
3.70894311278347,5.7558825428204e-05
3.71253357078229,5.73197124205603e-05
3.71612402878111,5.75434895964656e-05
3.71971448677993,5.72591040090808e-05
3.72330494477876,5.7371444261359e-05
3.72689540277758,5.69494430540821e-05
3.7304858607764,5.7173398292381e-05
3.73407631877522,5.70594432000369e-05
3.73766677677405,5.69276374934826e-05
3.74125723477287,5.68567319371055e-05
3.74484769277169,5.69262986186544e-05
3.74843815077051,5.68831922578819e-05
3.75202860876934,5.67226203772933e-05
3.75561906676816,5.66257697617166e-05
3.75920952476698,5.64864387556489e-05
3.7627999827658,5.63628045325953e-05
3.76639044076462,5.64932832448263e-05
3.76998089876345,5.64126223552252e-05
3.77357135676227,5.64382949725248e-05
3.77716181476109,5.62933044432821e-05
3.78075227275991,5.6212791222367e-05
3.78434273075874,5.61695668213629e-05
3.78793318875756,5.60228352758544e-05
3.79152364675638,5.6078450695625e-05
3.7951141047552,5.60345963334844e-05
3.79870456275403,5.60041884787702e-05
3.80229502075285,5.58534967264147e-05
3.80588547875167,5.58458956125815e-05
3.80947593675049,5.57507982024012e-05
3.81306639474931,5.56395145188911e-05
3.81665685274814,5.56009484065453e-05
3.82024731074696,5.56379077253085e-05
3.82383776874578,5.53705082493576e-05
3.8274282267446,5.54504004290335e-05
3.83101868474343,5.53704386238606e-05
3.83460914274225,5.53818368282047e-05
3.83819960074107,5.52775298137471e-05
3.84179005873989,5.50555023837279e-05
3.84538051673872,5.50998351971398e-05
3.84897097473754,5.49353933095023e-05
3.85256143273636,5.5006462577988e-05
3.85615189073518,5.48393982972063e-05
3.85974234873401,5.48769517292461e-05
3.86333280673283,5.4773362024209e-05
3.86692326473165,5.47244358882267e-05
3.87051372273047,5.47595064126238e-05
3.87410418072929,5.47128258591794e-05
3.87769463872812,5.45777017025954e-05
3.88128509672694,5.44042994186336e-05
3.88487555472576,5.43691955517816e-05
3.88846601272458,5.45044783080411e-05
3.89205647072341,5.43131853265847e-05
3.89564692872223,5.42811358378423e-05
3.89923738672105,5.43043566859696e-05
3.90282784471987,5.42283591707732e-05
3.9064183027187,5.41808904086924e-05
3.91000876071752,5.41221660579229e-05
3.91359921871634,5.39772938996572e-05
3.91718967671516,5.40059230888929e-05
3.92078013471399,5.39260792710519e-05
3.92437059271281,5.3854413143466e-05
3.92796105071163,5.37920367180935e-05
3.93155150871045,5.36668169218978e-05
3.93514196670927,5.3671965149382e-05
3.9387324247081,5.34764662931331e-05
3.94232288270692,5.34341477243671e-05
3.94591334070574,5.35491967598656e-05
3.94950379870456,5.33287627285267e-05
3.95309425670339,5.32824307468457e-05
3.95668471470221,5.32630330488044e-05
3.96027517270103,5.33061227253391e-05
3.96386563069985,5.32399849384987e-05
3.96745608869867,5.31956952397866e-05
3.9710465466975,5.31160069425903e-05
3.97463700469632,5.30550605122622e-05
3.97822746269514,5.28607136927064e-05
3.98181792069396,5.3018737502743e-05
3.98540837869279,5.28243201153499e-05
3.98899883669161,5.2818322257146e-05
3.99258929469043,5.26678848099523e-05
3.99617975268925,5.2848362734399e-05
3.99977021068808,5.25842384610095e-05
4.0033606686869,5.26015316363587e-05
4.00695112668572,5.26967160068627e-05
4.01054158468454,5.24952516863554e-05
4.01413204268337,5.25385633677772e-05
4.01772250068219,5.24614784642944e-05
4.02131295868101,5.23887699648292e-05
4.02490341667983,5.23556955952251e-05
4.02849387467865,5.22063704408519e-05
4.03208433267748,5.22200268975606e-05
4.0356747906763,5.20637386150447e-05
4.03926524867512,5.2062340461715e-05
4.04285570667394,5.20233186494467e-05
4.04644616467277,5.19041821445663e-05
4.05003662267159,5.18944721874683e-05
4.05362708067041,5.18131228849031e-05
4.05721753866923,5.1847720214872e-05
4.06080799666806,5.17148970224524e-05
4.06439845466688,5.16506705413862e-05
4.0679889126657,5.17053609879206e-05
4.07157937066452,5.16353261028472e-05
4.07516982866334,5.15603210187564e-05
4.07876028666217,5.15352542596931e-05
4.08235074466099,5.15342762319944e-05
4.08594120265981,5.13831543828471e-05
4.08953166065863,5.14730377072129e-05
4.09312211865746,5.13766141130023e-05
4.09671257665628,5.12515012884662e-05
4.1003030346551,5.11859806529546e-05
4.10389349265392,5.12396544827538e-05
4.10748395065275,5.11979177902535e-05
4.11107440865157,5.09973551952905e-05
4.11466486665039,5.10167934397642e-05
4.11825532464921,5.08727570815544e-05
4.12184578264803,5.09621286483169e-05
4.12543624064686,5.09021869827352e-05
4.12902669864568,5.08242040881567e-05
4.1326171566445,5.07440568745971e-05
4.13620761464332,5.06265175736206e-05
4.13979807264215,5.06545274613465e-05
4.14338853064097,5.06753600152244e-05
4.14697898863979,5.05250258609251e-05
4.15056944663861,5.04926014780673e-05
4.15415990463744,5.04697048798624e-05
4.15775036263626,5.04170964013065e-05
4.16134082063508,5.03260838748548e-05
4.1649312786339,5.02503831476743e-05
4.16852173663272,5.0190609022204e-05
4.17211219463155,5.02045594511106e-05
4.17570265263037,5.0173608971064e-05
4.17929311062919,5.01767127845282e-05
4.18288356862801,5.006337158743e-05
4.18647402662684,4.99836068233755e-05
4.19006448462566,5.0016519164307e-05
4.19365494262448,4.99055237725706e-05
4.1972454006233,4.97657670198151e-05
4.20083585862213,4.97368123308265e-05
4.20442631662095,4.98090525586899e-05
4.20801677461977,4.97385846230631e-05
4.21160723261859,4.96127732671965e-05
4.21519769061742,4.96638693892391e-05
4.21878814861624,4.95746581415255e-05
4.22237860661506,4.95168434887015e-05
4.22596906461388,4.94477254154876e-05
4.22955952261271,4.94274023150358e-05
4.23314998061153,4.9364750021953e-05
4.23674043861035,4.92512593994877e-05
4.24033089660917,4.92036418531412e-05
4.24392135460799,4.91712613147318e-05
4.24751181260682,4.91462136891743e-05
4.25110227060564,4.9150989285452e-05
4.25469272860446,4.91931969048571e-05
4.25828318660328,4.90283542397986e-05
4.26187364460211,4.90122437882129e-05
4.26546410260093,4.8986693114777e-05
4.26905456059975,4.89152470175512e-05
4.27264501859857,4.87281471240919e-05
4.2762354765974,4.88878813683124e-05
4.27982593459622,4.8741962468856e-05
4.28341639259504,4.87515810757767e-05
4.28700685059386,4.87282205633988e-05
4.29059730859268,4.85881390885727e-05
4.29418776659151,4.85340249474709e-05
4.29777822459033,4.84995755658335e-05
4.30136868258915,4.84964814136682e-05
4.30495914058797,4.8495423675202e-05
4.3085495985868,4.83839244815489e-05
4.31214005658562,4.83851752438057e-05
4.31573051458444,4.82704561550313e-05
4.31932097258326,4.82667096968451e-05
4.32291143058209,4.81848174277125e-05
4.32650188858091,4.81673177005194e-05
4.33009234657973,4.80533843779791e-05
4.33368280457855,4.80948529341598e-05
4.33727326257737,4.80116165073561e-05
4.3408637205762,4.79965443217458e-05
4.34445417857502,4.79696159561343e-05
4.34804463657384,4.79085991605286e-05
4.35163509457266,4.78343185336962e-05
4.35522555257149,4.78105331831963e-05
4.35881601057031,4.77541032248172e-05
4.36240646856913,4.77527422517187e-05
4.36599692656795,4.77608862492328e-05
4.36958738456678,4.76075507088865e-05
4.3731778425656,4.75036887542402e-05
4.37676830056442,4.75291634006049e-05
4.38035875856324,4.75753181523504e-05
4.38394921656207,4.74277653835971e-05
4.38753967456089,4.73855780200336e-05
4.39113013255971,4.74098917205507e-05
4.39472059055853,4.73434779056052e-05
4.39831104855736,4.73184496639609e-05
4.40190150655618,4.7309094124146e-05
4.405491964555,4.71525094016413e-05
4.40908242255382,4.71035114537599e-05
4.41267288055264,4.71109885967272e-05
4.41626333855147,4.69743764330465e-05
4.41985379655029,4.70658846892541e-05
4.42344425454911,4.70803925954267e-05
4.42703471254793,4.69799636243019e-05
4.43062517054676,4.70289472560295e-05
4.43421562854558,4.6865434626154e-05
4.4378060865444,4.67788339049445e-05
4.44139654454322,4.6794974743019e-05
4.44498700254205,4.67032775339564e-05
4.44857746054087,4.65930522036155e-05
4.45216791853969,4.66915717524597e-05
4.45575837653851,4.66057468087505e-05
4.45934883453733,4.66077255216828e-05
4.46293929253616,4.66501914389201e-05
4.46652975053498,4.66258242102053e-05
4.4701202085338,4.64113012793741e-05
4.47371066653262,4.64085538496412e-05
4.47730112453145,4.63489134655944e-05
4.48089158253027,4.63281362613468e-05
4.48448204052909,4.62676772213334e-05
4.48807249852791,4.62548042660748e-05
4.49166295652673,4.61068043290152e-05
4.49525341452556,4.61279960273658e-05
4.49884387252438,4.60832753606596e-05
4.5024343305232,4.59812205463407e-05
4.50602478852202,4.60331905544308e-05
4.50961524652085,4.59933548537877e-05
4.51320570451967,4.5964390371455e-05
4.51679616251849,4.58526823491923e-05
4.52038662051731,4.59061653753367e-05
4.52397707851614,4.5831835102067e-05
4.52756753651496,4.57918669702432e-05
4.53115799451378,4.56680915811983e-05
4.5347484525126,4.57122390820907e-05
4.53833891051143,4.56262055125307e-05
4.54192936851025,4.56171449975216e-05
4.54551982650907,4.55196119793387e-05
4.54911028450789,4.5537214380926e-05
4.55270074250671,4.5488184218938e-05
4.55629120050554,4.54910167240861e-05
4.55988165850436,4.54210790760035e-05
4.56347211650318,4.53347195827423e-05
4.567062574502,4.53518960010279e-05
4.57065303250083,4.53335092421597e-05
4.57424349049965,4.51704055431168e-05
4.57783394849847,4.52579981076833e-05
4.58142440649729,4.52484549754204e-05
4.58501486449612,4.51131294118038e-05
4.58860532249494,4.51566088645602e-05
4.59219578049376,4.50659665258138e-05
4.59578623849258,4.49899690247202e-05
4.59937669649141,4.49534692027485e-05
4.60296715449023,4.49013490093734e-05
4.60655761248905,4.49417792223168e-05
4.61014807048787,4.48773888819664e-05
4.61373852848669,4.48237426133456e-05
4.61732898648552,4.48378138935267e-05
4.62091944448434,4.47314986123248e-05
4.62450990248316,4.47729148183454e-05
4.62810036048198,4.4690526461715e-05
4.63169081848081,4.46151165848145e-05
4.63528127647963,4.46037210727978e-05
4.63887173447845,4.45526933285414e-05
4.64246219247727,4.44719835061969e-05
4.6460526504761,4.44479094721901e-05
4.64964310847492,4.44616527008372e-05
4.65323356647374,4.44732667232472e-05
4.65682402447256,4.44011010258975e-05
4.66041448247138,4.42809795852453e-05
4.66400494047021,4.43344520310952e-05
4.66759539846903,4.42741268091771e-05
4.67118585646785,4.4139727141827e-05
4.67477631446667,4.41805262508303e-05
4.6783667724655,4.41722359301322e-05
4.68195723046432,4.40843423613683e-05
4.68554768846314,4.40388188222503e-05
4.68913814646196,4.40541842055853e-05
4.69272860446079,4.40075366661768e-05
4.69631906245961,4.39627968616705e-05
4.69990952045843,4.38929506003264e-05
4.70349997845725,4.38461100607531e-05
4.70709043645607,4.38393760392009e-05
4.7106808944549,4.38131826817376e-05
4.71427135245372,4.37913283556164e-05
4.71786181045254,4.37042548212812e-05
4.72145226845136,4.36825860410455e-05
4.72504272645019,4.37058123818378e-05
4.72863318444901,4.36238492319577e-05
4.73222364244783,4.35292941172861e-05
4.73581410044665,4.35360086149765e-05
4.73940455844548,4.3533645949916e-05
4.7429950164443,4.34567144557956e-05
4.74658547444312,4.34697738523285e-05
4.75017593244194,4.34262042817052e-05
4.75376639044077,4.32866151011288e-05
4.75735684843959,4.33312382555372e-05
4.76094730643841,4.32826550078073e-05
4.76453776443723,4.32505838621218e-05
4.76812822243606,4.32151420009975e-05
4.77171868043488,4.32367937942728e-05
4.7753091384337,4.31680218253461e-05
4.77889959643252,4.30766660997174e-05
4.78249005443134,4.31150471282163e-05
4.78608051243017,4.3075720600725e-05
4.78967097042899,4.29891454459587e-05
4.79326142842781,4.29351363104744e-05
4.79685188642663,4.29886667254668e-05
4.80044234442546,4.29405711808845e-05
4.80403280242428,4.2869075045211e-05
4.8076232604231,4.28617404176215e-05
4.81121371842192,4.28366562623092e-05
4.81480417642075,4.27731614378763e-05
4.81839463441957,4.27458607365135e-05
4.82198509241839,4.26979401709018e-05
4.82557555041721,4.27030869781821e-05
4.82916600841603,4.25968963310295e-05
4.83275646641486,4.25684755924253e-05
4.83634692441368,4.25525792378037e-05
4.8399373824125,4.25245612702421e-05
4.84352784041132,4.2496938884551e-05
4.84711829841015,4.2464673057115e-05
4.85070875640897,4.24011085995279e-05
4.85429921440779,4.23927063825085e-05
4.85788967240661,4.23699932719057e-05
4.86148013040544,4.22890445854398e-05
4.86507058840426,4.22755506283611e-05
4.86866104640308,4.2235869155025e-05
4.8722515044019,4.22520676541489e-05
4.87584196240072,4.21552200087335e-05
4.87943242039955,4.21392091439911e-05
4.88302287839837,4.20853814585192e-05
4.88661333639719,4.2084899455447e-05
4.89020379439601,4.20496754191665e-05
4.89379425239484,4.20567559858354e-05
4.89738471039366,4.19989184701338e-05
4.90097516839248,4.19153364141064e-05
4.9045656263913,4.18774755079073e-05
4.90815608439013,4.18867793107533e-05
4.91174654238895,4.18452014707601e-05
4.91533700038777,4.18395053229092e-05
4.91892745838659,4.18202924330175e-05
4.92251791638541,4.17358532251064e-05
4.92610837438424,4.17250040200668e-05
4.92969883238306,4.16623972120117e-05
4.93328929038188,4.1657614544303e-05
4.9368797483807,4.16331090338754e-05
4.94047020637953,4.15659105082586e-05
4.94406066437835,4.15653284968803e-05
4.94765112237717,4.14991285027394e-05
4.95124158037599,4.14839578262796e-05
4.95483203837482,4.15023203698304e-05
4.95842249637364,4.14081606549253e-05
4.96201295437246,4.1410802354306e-05
4.96560341237128,4.13715441585151e-05
4.96919387037011,4.13435495810085e-05
4.97278432836893,4.12738599632725e-05
4.97637478636775,4.12941044794748e-05
4.97996524436657,4.12013956273484e-05
4.98355570236539,4.11954353046733e-05
4.98714616036422,4.11499966845684e-05
4.99073661836304,4.1163512586578e-05
4.99432707636186,4.11130095477836e-05
4.99791753436068,4.12071854316901e-05
