freqs,specs
0,0.000544054354358132
0.00359045799882233,0.00111981369750564
0.00718091599764466,0.00117649024896618
0.010771373996467,0.00116924572661134
0.0143618319952893,0.00115810988389643
0.0179522899941117,0.00118196540761259
0.021542747992934,0.00114348086989863
0.0251332059917563,0.00115915163476296
0.0287236639905786,0.00117066591219313
0.032314121989401,0.00120941327692813
0.0359045799882233,0.00116967186468837
0.0394950379870456,0.00119445592170836
0.043085495985868,0.00117643008865629
0.0466759539846903,0.0012272439779157
0.0502664119835126,0.00118173474292106
0.053856869982335,0.0012376231463746
0.0574473279811573,0.00127895686220414
0.0610377859799796,0.00123275417296379
0.0646282439788019,0.00127298611649989
0.0682187019776243,0.00125108688940872
0.0718091599764466,0.00129482130720506
0.0753996179752689,0.00131939167663123
0.0789900759740913,0.00135356056284925
0.0825805339729136,0.00128495909952182
0.0861709919717359,0.00143427324125407
0.0897614499705583,0.00143962838637677
0.0933519079693806,0.00139396193655177
0.0969423659682029,0.0014068956131994
0.100532823967025,0.00148052850870481
0.104123281965848,0.00147913544609616
0.10771373996467,0.00156295360593753
0.111304197963492,0.00161907761443129
0.114894655962315,0.0016409074219354
0.118485113961137,0.00164148621911213
0.122075571959959,0.00181349210597121
0.125666029958782,0.00176043565647346
0.129256487957604,0.0017985199299165
0.132846945956426,0.0019488454873302
0.136437403955249,0.00192028119499325
0.140027861954071,0.00207899865477921
0.143618319952893,0.00227372737229522
0.147208777951716,0.00231744730545179
0.150799235950538,0.002338186178139
0.15438969394936,0.00272038090675598
0.157980151948183,0.00290766044842803
0.161570609947005,0.00314662751062852
0.165161067945827,0.00325671800243047
0.16875152594465,0.0035429807547355
0.172341983943472,0.00404699721563101
0.175932441942294,0.00471979072862951
0.179522899941117,0.0052099083250727
0.183113357939939,0.00487715569974805
0.186703815938761,0.00808945179219324
0.190294273937583,0.0116009699952273
0.193884731936406,0.0231227219923808
0.197475189935228,0.397771704330957
0.20106564793405,0.0673430125482814
0.204656105932873,0.290310125197319
0.208246563931695,0.0295477849450144
0.211837021930517,0.0167183232587466
0.21542747992934,0.0111604333893784
0.219017937928162,0.00535973259701328
0.222608395926984,0.00435330395116316
0.226198853925807,0.00501371270216115
0.229789311924629,0.00413094873184516
0.233379769923451,0.00355219759038719
0.236970227922274,0.00293524048420185
0.240560685921096,0.00269097211385809
0.244151143919918,0.00237643290348937
0.247741601918741,0.00219552752735929
0.251332059917563,0.00199446322482073
0.254922517916385,0.00180205858706533
0.258512975915208,0.00161442086613941
0.26210343391403,0.001548759824263
0.265693891912852,0.0013598079325332
0.269284349911675,0.0013933554677389
0.272874807910497,0.00130142074399089
0.276465265909319,0.00118545024455986
0.280055723908142,0.00106612354179723
0.283646181906964,0.00105658772061234
0.287236639905786,0.00103602261321073
0.290827097904609,0.000927833213079856
0.294417555903431,0.000912861028366545
0.298008013902253,0.00082166307208904
0.301598471901076,0.000800719029563217
0.305188929899898,0.00075553824829696
0.30877938789872,0.000707067903696105
0.312369845897543,0.000710126333773694
0.315960303896365,0.000629526352879387
0.319550761895187,0.000643945771135696
0.32314121989401,0.000632085622264515
0.326731677892832,0.000564277499572657
0.330322135891654,0.000572725679305973
0.333912593890477,0.000520772146022345
0.337503051889299,0.000494665202644593
0.341093509888121,0.000453583174992059
0.344683967886944,0.000456094436854278
0.348274425885766,0.000470585733092643
0.351864883884588,0.000438929745158584
0.355455341883411,0.000431782715744293
0.359045799882233,0.000431905895653428
0.362636257881055,0.000445510290502132
0.366226715879878,0.000376723190303289
0.3698171738787,0.000374222246382894
0.373407631877522,0.000374525731056339
0.376998089876345,0.000390120554094075
0.380588547875167,0.000374522689232274
0.384179005873989,0.000370177518826457
0.387769463872812,0.000359571578284145
0.391359921871634,0.000328773449060402
0.394950379870456,0.000303822217673399
0.398540837869279,0.000306578625872822
0.402131295868101,0.000313644817563286
0.405721753866923,0.0003095090521641
0.409312211865746,0.000292704324279055
0.412902669864568,0.000296585954632019
0.41649312786339,0.000251078942780095
0.420083585862213,0.000277555167624128
0.423674043861035,0.000268874932806861
0.427264501859857,0.000272163425852816
0.43085495985868,0.000244697455187983
0.434445417857502,0.000260767805018546
0.438035875856324,0.000261598274869634
0.441626333855147,0.000233352402851701
0.445216791853969,0.000213032193680366
0.448807249852791,0.000245203573845201
0.452397707851614,0.000241266982959255
0.455988165850436,0.000236826253228752
0.459578623849258,0.000235211230804695
0.463169081848081,0.000235365942045264
0.466759539846903,0.000213242721163432
0.470349997845725,0.000231465498339821
0.473940455844548,0.000240709813197454
0.47753091384337,0.000226146640267104
0.481121371842192,0.000248249549607275
0.484711829841015,0.000239988324819667
0.488302287839837,0.000223921313823456
0.491892745838659,0.000231585741689616
0.495483203837482,0.00023904046041063
0.499073661836304,0.000214000755108247
0.502664119835126,0.000222632985037073
0.506254577833949,0.000238406194892045
0.509845035832771,0.000247824090360807
0.513435493831593,0.00023788116981359
0.517025951830416,0.000252401860278563
0.520616409829238,0.000252452680901375
0.52420686782806,0.000260236557964756
0.527797325826883,0.000247670558385923
0.531387783825705,0.000244456141719096
0.534978241824527,0.000266393239292046
0.53856869982335,0.000257900768674201
0.542159157822172,0.000275346456071988
0.545749615820994,0.000260997788639412
0.549340073819817,0.000286145459765333
0.552930531818639,0.000291368063428551
0.556520989817461,0.00029965738898163
0.560111447816284,0.000272633311447975
0.563701905815106,0.000311457450512651
0.567292363813928,0.000328275754124373
0.57088282181275,0.000361256978558967
0.574473279811573,0.000386770251998952
0.578063737810395,0.000426470848741379
0.581654195809218,0.00044714925360391
0.58524465380804,0.000500662770103102
0.588835111806862,0.000622785638539473
0.592425569805685,0.000908557201565829
0.596016027804507,0.00190568972643412
0.599606485803329,0.00469091041140668
0.603196943802151,0.00164605061339945
0.606787401800974,0.00176340416591685
0.610377859799796,0.000374073041749162
0.613968317798618,0.000284988234456776
0.617558775797441,0.000215199017061636
0.621149233796263,0.00015753424614861
0.624739691795085,0.000165932722638597
0.628330149793908,0.000182097258387462
0.63192060779273,0.000180255148435028
0.635511065791552,0.000179830990913926
0.639101523790375,0.000206822677706221
0.642691981789197,0.00020825276098561
0.646282439788019,0.00020385977057304
0.649872897786842,0.000219807961619345
0.653463355785664,0.000213445825038236
0.657053813784486,0.000234070837830412
0.660644271783309,0.000235407789626468
0.664234729782131,0.000245021901637576
0.667825187780953,0.00024601892897888
0.671415645779776,0.000254175409771494
0.675006103778598,0.000251266186860274
0.67859656177742,0.000273887377032345
0.682187019776243,0.000272369369208779
0.685777477775065,0.000284383755163833
0.689367935773887,0.000284394483067779
0.69295839377271,0.000284964998821214
0.696548851771532,0.000295582811553103
0.700139309770354,0.000295235288500109
0.703729767769177,0.000314213133275653
0.707320225767999,0.000320929344259362
0.710910683766821,0.000328226473973911
0.714501141765644,0.000329417116544344
0.718091599764466,0.000332418866847015
0.721682057763288,0.000350901892987411
0.725272515762111,0.000352311722083635
0.728862973760933,0.000357273769261578
0.732453431759755,0.000367254604813755
0.736043889758578,0.000372966976096251
0.7396343477574,0.000380538704085688
0.743224805756222,0.000391333025470929
0.746815263755045,0.000385937584547604
0.750405721753867,0.000387256734091434
0.753996179752689,0.000412120638193615
0.757586637751512,0.000411404329454939
0.761177095750334,0.000426200788583537
0.764767553749156,0.000431979893019537
0.768358011747979,0.000442174178077564
0.771948469746801,0.00043790817087235
0.775538927745623,0.000456636744585072
0.779129385744446,0.000468280387181987
0.782719843743268,0.000465298988893363
0.78631030174209,0.000480507313266938
0.789900759740913,0.000485403762085238
0.793491217739735,0.000506910457478731
0.797081675738557,0.000506418284867845
0.80067213373738,0.000523890937685458
0.804262591736202,0.000545692062749251
0.807853049735024,0.000545679052775405
0.811443507733847,0.0005633030802475
0.815033965732669,0.000574058036494775
0.818624423731491,0.000589957715758364
0.822214881730314,0.00060546768729283
0.825805339729136,0.000616021775592856
0.829395797727958,0.000637290586453547
0.832986255726781,0.000651471235698052
0.836576713725603,0.000662739629032992
0.840167171724425,0.000679588489180883
0.843757629723248,0.000706759071873642
0.84734808772207,0.000712394541248944
0.850938545720892,0.000729787972486843
0.854529003719715,0.000756774884430792
0.858119461718537,0.000776708137634468
0.861709919717359,0.000798980449178185
0.865300377716182,0.000821914937319989
0.868890835715004,0.000841720772925981
0.872481293713826,0.000863103921660481
0.876071751712649,0.000894971339741443
0.879662209711471,0.000921003511120191
0.883252667710293,0.000952285289784213
0.886843125709115,0.00099674084923438
0.890433583707938,0.00102516054739938
0.89402404170676,0.00105882276784977
0.897614499705583,0.00109632571440468
0.901204957704405,0.00113926144012946
0.904795415703227,0.00117891309032508
0.90838587370205,0.00123002662774055
0.911976331700872,0.00129383508697084
0.915566789699694,0.00134573732499423
0.919157247698516,0.00141519814025923
0.922747705697339,0.00147584092780621
0.926338163696161,0.00155557807410595
0.929928621694984,0.00163963613639732
0.933519079693806,0.00173080190926712
0.937109537692628,0.00183638170901334
0.940699995691451,0.00194249264531663
0.944290453690273,0.0020739777906
0.947880911689095,0.00222414290863805
0.951471369687917,0.00238251108396677
0.95506182768674,0.00258322946074179
0.958652285685562,0.00281714540113405
0.962242743684384,0.00307539016820843
0.965833201683207,0.00341696106227591
0.969423659682029,0.00382504282296809
0.973014117680852,0.00434201769825723
0.976604575679674,0.00500775208523436
0.980195033678496,0.00591645641859658
0.983785491677318,0.0072359770713941
0.987375949676141,0.00936812338286126
0.990966407674963,0.0130862086843467
0.994556865673785,0.0217425678650278
0.998147323672608,0.0640505606002844
1.00173778167143,0.0684853137096658
1.00532823967025,0.0226735517300709
1.00891869766907,0.0130769932495682
1.0125091556679,0.00942707929075535
1.01609961366672,0.00738038871958727
1.01969007166554,0.00603918869976836
1.02328052966436,0.00511608524364655
1.02687098766319,0.00443335481582355
1.03046144566201,0.0039254638377125
1.03405190366083,0.00351568914162087
1.03764236165965,0.0031921333608581
1.04123281965848,0.00290618397354316
1.0448232776573,0.00268119305269693
1.04841373565612,0.00248955426243856
1.05200419365494,0.00231093227547764
1.05559465165377,0.00216911360799196
1.05918510965259,0.0020432508287399
1.06277556765141,0.00192447772945167
1.06636602565023,0.00182340304332501
1.06995648364905,0.00173088383619041
1.07354694164788,0.00165213259084038
1.0771373996467,0.00157818900630746
1.08072785764552,0.00150209873499494
1.08431831564434,0.00144411733751087
1.08790877364317,0.00138445797575656
1.09149923164199,0.00134040204372606
1.09508968964081,0.00129434821431059
1.09868014763963,0.00123870643025266
1.10227060563846,0.00120180119227095
1.10586106363728,0.00115764528579223
1.1094515216361,0.00112050869919438
1.11304197963492,0.00108296461057628
1.11663243763374,0.00105943655743033
1.12022289563257,0.00102899202063127
1.12381335363139,0.00099773452989681
1.12740381163021,0.000969324900782964
1.13099426962903,0.000944887698647256
1.13458472762786,0.000914146462156982
1.13817518562668,0.000892147702682638
1.1417656436255,0.000876956803031728
1.14535610162432,0.000854744153226335
1.14894655962315,0.000838945180801582
1.15253701762197,0.000818364564684563
1.15612747562079,0.000795389501011018
1.15971793361961,0.000778773949823588
1.16330839161844,0.000760292232403756
1.16689884961726,0.000747425174580777
1.17048930761608,0.000730041791502555
1.1740797656149,0.000718113467387544
1.17767022361372,0.000704634738293885
1.18126068161255,0.000690215997019792
1.18485113961137,0.000680556193029429
1.18844159761019,0.000665785094754368
1.19203205560901,0.000657090693062914
1.19562251360784,0.000640955203803496
1.19921297160666,0.000633846822851694
1.20280342960548,0.000626831799945215
1.2063938876043,0.000611437514898312
1.20998434560313,0.000606131859463283
1.21357480360195,0.000592659017585097
1.21716526160077,0.000581452438949301
1.22075571959959,0.000570399752132529
1.22434617759841,0.000564862304546999
1.22793663559724,0.000559709954969552
1.23152709359606,0.000546805463248885
1.23511755159488,0.000543562910966863
1.2387080095937,0.00053266942355294
1.24229846759253,0.000527409562824445
1.24588892559135,0.000517466577158778
1.24947938359017,0.00051308856834118
1.25306984158899,0.000503262068911723
1.25666029958782,0.000494242376186336
1.26025075758664,0.000489902834704777
1.26384121558546,0.000484052786370362
1.26743167358428,0.000477442396970854
1.2710221315831,0.000471216115248843
1.27461258958193,0.00046658075004068
1.27820304758075,0.000457361183691576
1.28179350557957,0.000456016962240341
1.28538396357839,0.000448832079252937
1.28897442157722,0.000444577703652154
1.29256487957604,0.000437192939669947
1.29615533757486,0.000435207158744725
1.29974579557368,0.00043090698971133
1.30333625357251,0.000425481713710885
1.30692671157133,0.000422538833863035
1.31051716957015,0.000414647310169137
1.31410762756897,0.000408355991926536
1.3176980855678,0.000407103065951552
1.32128854356662,0.000401103257111873
1.32487900156544,0.000399992520109806
1.32846945956426,0.000391316246005107
1.33205991756308,0.000388676769213311
1.33565037556191,0.000387332789943966
1.33924083356073,0.000381215688068653
1.34283129155955,0.000378094834992839
1.34642174955837,0.000373535763763204
1.3500122075572,0.000369640458239633
1.35360266555602,0.000366463394283833
1.35719312355484,0.00036069174541714
1.36078358155366,0.000356397513442798
1.36437403955249,0.000356469019281307
1.36796449755131,0.000349538204874817
1.37155495555013,0.000343973710929638
1.37514541354895,0.000342985869587904
1.37873587154777,0.000338012224558104
1.3823263295466,0.000332935050325392
1.38591678754542,0.000328253183023959
1.38950724554424,0.00032131862846428
1.39309770354306,0.000311955626540449
1.39668816154189,0.000300844472946813
1.40027861954071,0.000334826777247629
1.40386907753953,0.000413232974773297
1.40745953553835,0.000321240711659733
1.41104999353718,0.000356735298243461
1.414640451536,0.000343963189375915
1.41823090953482,0.000330437175280793
1.42182136753364,0.000325871894772563
1.42541182553247,0.000320297452397684
1.42900228353129,0.000316013556030926
1.43259274153011,0.000314482314911907
1.43618319952893,0.000311918378790794
1.43977365752775,0.000312169936776492
1.44336411552658,0.00030756923829507
1.4469545735254,0.000301628824850876
1.45054503152422,0.000301485092137788
1.45413548952304,0.000300635767843384
1.45772594752187,0.00029638574949537
1.46131640552069,0.00029062663038144
1.46490686351951,0.000289791551904469
1.46849732151833,0.00028784859443886
1.47208777951716,0.000288067573745403
1.47567823751598,0.000283468013814012
1.4792686955148,0.000282512608154364
1.48285915351362,0.000279657796150634
1.48644961151244,0.000278231754208852
1.49004006951127,0.000275584393802029
1.49363052751009,0.000273886667248323
1.49722098550891,0.000271876012529046
1.50081144350773,0.000271280161761024
1.50440190150656,0.000268753834979868
1.50799235950538,0.000269220959632946
1.5115828175042,0.000266653897728394
1.51517327550302,0.000264201879962724
1.51876373350185,0.000260745287634024
1.52235419150067,0.000260072582075457
1.52594464949949,0.000257196471247117
1.52953510749831,0.000255357531123034
1.53312556549713,0.00025649115514861
1.53671602349596,0.000253664976532576
1.54030648149478,0.000253628520192032
1.5438969394936,0.000249909495889505
1.54748739749242,0.000247650106596954
1.55107785549125,0.000246618612883219
1.55466831349007,0.000246387405101494
1.55825877148889,0.000244732899573659
1.56184922948771,0.000242542281842778
1.56543968748654,0.000243772435488351
1.56903014548536,0.000241676675031925
1.57262060348418,0.000239207742824135
1.576211061483,0.000237922484122061
1.57980151948183,0.000236179381218885
1.58339197748065,0.000234899223320528
1.58698243547947,0.000234478216886865
1.59057289347829,0.000232230988809209
1.59416335147711,0.000230231956541787
1.59775380947594,0.000228361377310627
1.60134426747476,0.000228734231483323
1.60493472547358,0.00022581271361566
1.6085251834724,0.00022728670505549
1.61211564147123,0.000224213765449428
1.61570609947005,0.000223145213629329
1.61929655746887,0.000221729023490319
1.62288701546769,0.000219477316956536
1.62647747346652,0.000219609232892058
1.63006793146534,0.000219403806442153
1.63365838946416,0.0002174953962441
1.63724884746298,0.000215527850749583
1.6408393054618,0.000214370043564978
1.64442976346063,0.000214305966244707
1.64802022145945,0.000212818061272457
1.65161067945827,0.000211212383002476
1.65520113745709,0.000211976083595515
1.65879159545592,0.000209309369560542
1.66238205345474,0.000208944252621391
1.66597251145356,0.000208483176523309
1.66956296945238,0.000207069005788739
1.67315342745121,0.000204903357767269
1.67674388545003,0.000204640324649378
1.68033434344885,0.000204210818277283
1.68392480144767,0.000203006526326295
1.6875152594465,0.000202430449967106
1.69110571744532,0.00020050552877941
1.69469617544414,0.000199504156118627
1.69828663344296,0.000199470222250659
1.70187709144178,0.000198897995704573
1.70546754944061,0.000198199829584327
1.70905800743943,0.000196861113109965
1.71264846543825,0.000195437097512322
1.71623892343707,0.000194327813461005
1.7198293814359,0.000194466857704492
1.72341983943472,0.000193239555777936
1.72701029743354,0.000191202040694808
1.73060075543236,0.000190503590118502
1.73419121343119,0.000188823316117086
1.73778167143001,0.000188470473380182
1.74137212942883,0.000188763491199634
1.74496258742765,0.000188691178816084
1.74855304542647,0.000185954215583731
1.7521435034253,0.000185714833874948
1.75573396142412,0.00018583428644296
1.75932441942294,0.000185262083746784
1.76291487742176,0.000185097587089069
1.76650533542059,0.000182627500638278
1.77009579341941,0.000182532121869481
1.77368625141823,0.000181038114488792
1.77727670941705,0.000181189504405606
1.78086716741588,0.000178962483550209
1.7844576254147,0.000180351428502811
1.78804808341352,0.000176785055565571
1.79163854141234,0.000176417570187124
1.79522899941117,0.000175468294679433
1.79881945740999,0.000176208884778667
1.80240991540881,0.000224416581074424
1.80600037340763,0.000177172101746525
1.80959083140645,0.000161644149323611
1.81318128940528,0.000173935290449308
1.8167717474041,0.000171131439786077
1.82036220540292,0.000172748662718465
1.82395266340174,0.00017156997276633
1.82754312140057,0.00016993227183556
1.83113357939939,0.000170471784422363
1.83472403739821,0.000170688084925509
1.83831449539703,0.000170066304136692
1.84190495339586,0.000168283970358596
1.84549541139468,0.000168160402224693
1.8490858693935,0.000167903241693083
1.85267632739232,0.00016673855398604
1.85626678539114,0.000166681215111546
1.85985724338997,0.000165524140818637
1.86344770138879,0.000165218107797496
1.86703815938761,0.000163875924460968
1.87062861738643,0.000164300461002398
1.87421907538526,0.000162669853777565
1.87780953338408,0.000162861680268548
1.8813999913829,0.000161907207233292
1.88499044938172,0.000161290237710404
1.88858090738055,0.000160493864152463
1.89217136537937,0.000159681163090813
1.89576182337819,0.000159202878227037
1.89935228137701,0.000158352095973443
1.90294273937583,0.000158500878346505
1.90653319737466,0.000158374564068878
1.91012365537348,0.00015812963774214
1.9137141133723,0.000156121200665915
1.91730457137112,0.000155964311930498
1.92089502936995,0.000155584318417609
1.92448548736877,0.000155555839548958
1.92807594536759,0.000153955417652538
1.93166640336641,0.00015422077466093
1.93525686136524,0.000153485330048275
1.93884731936406,0.000152256272770859
1.94243777736288,0.000151814952133958
1.9460282353617,0.000152830940363871
1.94961869336053,0.000152033935172257
1.95320915135935,0.000150635735169588
1.95679960935817,0.000150107041824284
1.96039006735699,0.000149674694299056
1.96398052535581,0.000148596685165079
1.96757098335464,0.000148249173935188
1.97116144135346,0.000148059256607149
1.97475189935228,0.000148229837460453
1.9783423573511,0.000146124545261538
1.98193281534993,0.000146697662358667
1.98552327334875,0.000146676030156347
1.98911373134757,0.000145673419808748
1.99270418934639,0.000145762672976562
1.99629464734522,0.000144263437669709
1.99988510534404,0.000143806039591613
2.00347556334286,0.000143992599426601
2.00706602134168,0.000143304071493874
2.01065647934051,0.000143110994006117
2.01424693733933,0.000143927916109069
2.01783739533815,0.000141996980544834
2.02142785333697,0.000141637620465658
2.02501831133579,0.000140422219047954
2.02860876933462,0.000141283085947956
2.03219922733344,0.000140672260807918
2.03578968533226,0.000139309824923368
2.03938014333108,0.000139089638777657
2.04297060132991,0.000138872338911752
2.04656105932873,0.000139365714455461
2.05015151732755,0.000139923023766823
2.05374197532637,0.000138539993956022
2.05733243332519,0.000136997097674364
2.06092289132402,0.000136292389455702
2.06451334932284,0.000135907462081987
2.06810380732166,0.000136956541838341
2.07169426532048,0.000135880452741376
2.07528472331931,0.000135200979092705
2.07887518131813,0.00013480591541024
2.08246563931695,0.000133663767823108
2.08605609731577,0.000134016254538238
2.0896465553146,0.000133561173151102
2.09323701331342,0.000133227363899595
2.09682747131224,0.000131619463868402
2.10041792931106,0.000132777991153397
2.10400838730989,0.0001335251942993
2.10759884530871,0.000132403520129769
2.11118930330753,0.000131027494244962
2.11477976130635,0.000131044676750648
2.11837021930517,0.000130114139863936
2.121960677304,0.000129972764608752
2.12555113530282,0.000130210924321194
2.12914159330164,0.000129882647641486
2.13273205130046,0.000129270913576069
2.13632250929929,0.00012881276579477
2.13991296729811,0.0001281310244993
2.14350342529693,0.000127939127292929
2.14709388329575,0.000127241616898744
2.15068434129458,0.000126461682522365
2.1542747992934,0.000126637455727601
2.15786525729222,0.000125781647440061
2.16145571529104,0.000126484329961133
2.16504617328986,0.000125550391862208
2.16863663128869,0.000125337643023425
2.17222708928751,0.000125401347123399
2.17581754728633,0.000124175241941325
2.17940800528515,0.000124549271710195
2.18299846328398,0.000124427923059617
2.1865889212828,0.000122463014392129
2.19017937928162,0.000122501464559727
2.19376983728044,0.000122991863450674
2.19736029527927,0.000122081489787639
2.20095075327809,0.000121146683623667
2.20454121127691,0.000161030260926358
2.20813166927573,0.000124716647815513
2.21172212727456,0.000116684485432756
2.21531258527338,0.000121656627824152
2.2189030432722,0.000122195765273187
2.22249350127102,0.000121023886463228
2.22608395926984,0.000121521043058955
2.22967441726867,0.000119434831194383
2.23326487526749,0.000120675522719419
2.23685533326631,0.000119461457510466
2.24044579126513,0.000119836910371428
2.24403624926396,0.000118914520982643
2.24762670726278,0.000118573429874508
2.2512171652616,0.000118180198239244
2.25480762326042,0.000118926054974947
2.25839808125925,0.000118656987183313
2.26198853925807,0.000117793850644738
2.26557899725689,0.000117378914492375
2.26916945525571,0.000116939905475849
2.27275991325454,0.000116849803306531
2.27635037125336,0.000116738201103946
2.27994082925218,0.000116811497590197
2.283531287251,0.000115825753659973
2.28712174524982,0.000115638493263721
2.29071220324865,0.000114977398596338
2.29430266124747,0.000114571546029712
2.29789311924629,0.000113913081753463
2.30148357724511,0.000113911416763527
2.30507403524394,0.00011451647978562
2.30866449324276,0.000113859202136335
2.31225495124158,0.00011312998688269
2.3158454092404,0.000113334587586203
2.31943586723923,0.000112904107956936
2.32302632523805,0.000112896015491048
2.32661678323687,0.000112339812007768
2.33020724123569,0.000111574510278826
2.33379769923451,0.000111836156564091
2.33738815723334,0.000111517666977502
2.34097861523216,0.000112336929459759
2.34456907323098,0.000111459482389422
2.3481595312298,0.000111146482446121
2.35174998922863,0.000110354896143022
2.35534044722745,0.000109876971883676
2.35893090522627,0.000110767041674767
2.36252136322509,0.000110451041762267
2.36611182122392,0.00011023469501981
2.36970227922274,0.00010951431662952
2.37329273722156,0.000109764499423242
2.37688319522038,0.000108799631113401
2.38047365321921,0.000108745623231567
2.38406411121803,0.000108169233975475
2.38765456921685,0.000108493620779021
2.39124502721567,0.000107555918039292
2.39483548521449,0.000108230985799499
2.39842594321332,0.000107693028570721
2.40201640121214,0.000106751580777372
2.40560685921096,0.000106533214662576
2.40919731720978,0.000106918034884383
2.41278777520861,0.000106452983461491
2.41637823320743,0.000106076139888724
2.41996869120625,0.000105886788434571
2.42355914920507,0.000105321101699875
2.4271496072039,0.000105651827537968
2.43074006520272,0.000105098593977602
2.43433052320154,0.000104865701919658
2.43792098120036,0.000104660371540145
2.44151143919918,0.000104082913589095
2.44510189719801,0.000104480144277004
2.44869235519683,0.000104579399200291
2.45228281319565,0.000104030489685665
2.45587327119447,0.000103679137217764
2.4594637291933,0.000103761144185723
2.46305418719212,0.000103532703594003
2.46664464519094,0.000103666057778656
2.47023510318976,0.00010365475812615
2.47382556118859,0.000102745983785289
2.47741601918741,0.000102495028335866
2.48100647718623,0.000101993173480303
2.48459693518505,0.000102655206352599
2.48818739318387,0.000102170592192429
2.4917778511827,0.000102052475541372
2.49536830918152,0.000100822246732144
2.49895876718034,0.000100793478634481
2.50254922517916,0.000100837736530214
2.50613968317799,0.000101217297390035
2.50973014117681,0.000100908087758624
2.51332059917563,0.000100394372999547
2.51691105717445,0.00010026393260325
2.52050151517328,9.99282138731787e-05
2.5240919731721,0.000100187243450335
2.52768243117092,9.96590785757674e-05
2.53127288916974,9.9341053590494e-05
2.53486334716857,9.86991774789534e-05
2.53845380516739,9.92272948515118e-05
2.54204426316621,9.84974782426595e-05
2.54563472116503,9.85384040705844e-05
2.54922517916385,9.8049752221538e-05
2.55281563716268,9.83307066307627e-05
2.5564060951615,9.80550994107033e-05
2.55999655316032,9.80741312243105e-05
2.56358701115914,9.76780695825419e-05
2.56717746915797,9.6964608641694e-05
2.57076792715679,9.80260552418306e-05
2.57435838515561,9.76303333558272e-05
2.57794884315443,9.73209007999369e-05
2.58153930115326,9.73751595438086e-05
2.58512975915208,9.75824525815221e-05
2.5887202171509,9.85097046202334e-05
2.59231067514972,9.59795528794788e-05
2.59590113314854,9.68810102349294e-05
2.59949159114737,9.82260020761561e-05
2.60308204914619,0.000102756835021042
2.60667250714501,7.87915165626372e-05
2.61026296514383,8.90163312056718e-05
2.61385342314266,9.63636208916487e-05
2.61744388114148,9.47088171865572e-05
2.6210343391403,9.28127954981908e-05
2.62462479713912,9.39905648585014e-05
2.62821525513795,9.30031104460234e-05
2.63180571313677,9.31971779054486e-05
2.63539617113559,9.25389120529328e-05
2.63898662913441,9.28636300933044e-05
2.64257708713324,9.22936520497316e-05
2.64616754513206,9.30650623822633e-05
2.64975800313088,9.26419899912084e-05
2.6533484611297,9.24262031113348e-05
2.65693891912852,9.16443804853359e-05
2.66052937712735,9.12910955936065e-05
2.66411983512617,9.23083338269592e-05
2.66771029312499,9.19222324979009e-05
2.67130075112381,9.12746254364108e-05
2.67489120912264,9.11970772438606e-05
2.67848166712146,9.14171025187959e-05
2.68207212512028,9.06411176510604e-05
2.6856625831191,9.09612076626058e-05
2.68925304111792,9.08803827061418e-05
2.69284349911675,9.058194457894e-05
2.69643395711557,9.02984666723625e-05
2.70002441511439,9.01828502000598e-05
2.70361487311321,8.98291146403057e-05
2.70720533111204,9.02431133186578e-05
2.71079578911086,8.99576292403418e-05
2.71438624710968,9.0067665895688e-05
2.7179767051085,8.96688942752492e-05
2.72156716310733,8.93068879754688e-05
2.72515762110615,8.87822528357656e-05
2.72874807910497,8.85412701191538e-05
2.73233853710379,8.89731683792926e-05
2.73592899510262,8.86533423373803e-05
2.73951945310144,8.85449203249392e-05
2.74310991110026,8.82292968767483e-05
2.74670036909908,8.82391724859849e-05
2.7502908270979,8.79555213689941e-05
2.75388128509673,8.78561115941487e-05
2.75747174309555,8.75789732230024e-05
2.76106220109437,8.79146892374554e-05
2.76465265909319,8.7431519881039e-05
2.76824311709202,8.67910705525897e-05
2.77183357509084,8.67994511393694e-05
2.77542403308966,8.68473692057434e-05
2.77901449108848,8.69638843017419e-05
2.78260494908731,8.66899724491206e-05
2.78619540708613,8.65346060832226e-05
2.78978586508495,8.6306443771953e-05
2.79337632308377,8.63225336503973e-05
2.7969667810826,8.54210898356042e-05
2.80055723908142,8.57845011696966e-05
2.80414769708024,8.50482630373911e-05
2.80773815507906,8.54671714837827e-05
2.81132861307788,8.54910167236532e-05
2.81491907107671,8.53757538459547e-05
2.81850952907553,8.54352314510342e-05
2.82209998707435,8.46981322431868e-05
2.82569044507317,8.50660732359834e-05
2.829280903072,8.48263106976626e-05
2.83287136107082,8.45957559381203e-05
2.83646181906964,8.47410509676333e-05
2.84005227706846,8.46913035863296e-05
2.84364273506729,8.43728691954978e-05
2.84723319306611,8.34282275203198e-05
2.85082365106493,8.36883829285603e-05
2.85441410906375,8.37149926852977e-05
2.85800456706257,8.3834824436996e-05
2.8615950250614,8.32319175212935e-05
2.86518548306022,8.31839600639105e-05
2.86877594105904,8.29690798770889e-05
2.87236639905786,8.35253151609492e-05
2.87595685705669,8.2961625154557e-05
2.87954731505551,8.30578027348002e-05
2.88313777305433,8.28006172380213e-05
2.88672823105315,8.27465432879883e-05
2.89031868905198,8.19619747055459e-05
2.8939091470508,8.24657080788913e-05
2.89749960504962,8.23521600136392e-05
2.90109006304844,8.18011183117837e-05
2.90468052104727,8.15640169610234e-05
2.90827097904609,8.17447713521238e-05
2.91186143704491,8.20338199976657e-05
2.91545189504373,8.12575778926384e-05
2.91904235304255,8.10456174457675e-05
2.92263281104138,8.12962450748107e-05
2.9262232690402,8.10731917931354e-05
2.92981372703902,8.08436664817509e-05
2.93340418503784,8.02984765124822e-05
2.93699464303667,8.08080342079101e-05
2.94058510103549,8.10044131648305e-05
2.94417555903431,8.05618223725142e-05
2.94776601703313,7.95536908419145e-05
2.95135647503196,7.98346874014483e-05
2.95494693303078,8.06883948599579e-05
2.9585373910296,7.95568293317213e-05
2.96212784902842,7.88638485873285e-05
2.96571830702724,7.95887558971119e-05
2.96930876502607,7.88934411289304e-05
2.97289922302489,7.86046163010326e-05
2.97648968102371,7.91019364473913e-05
2.98008013902253,7.81415250531202e-05
2.98367059702136,7.80786817472737e-05
2.98726105502018,7.78904556295676e-05
2.990851513019,7.69089063487603e-05
2.99444197101782,7.72995365357948e-05
2.99803242901665,7.64643810369071e-05
3.00162288701547,7.56029555176887e-05
3.00521334501429,6.7614463153412e-05
3.00880380301311,8.83776240927812e-05
3.01239426101194,8.12844612578108e-05
3.01598471901076,8.02064020282331e-05
3.01957517700958,8.03880786394091e-05
3.0231656350084,7.81207385699114e-05
3.02675609300722,7.84937225820375e-05
3.03034655100605,7.86260864072887e-05
3.03393700900487,7.76123300411806e-05
3.03752746700369,7.78255785230573e-05
3.04111792500251,7.74074464308006e-05
3.04470838300134,7.72675206854336e-05
3.04829884100016,7.74379135318075e-05
3.05188929899898,7.7048588090701e-05
3.0554797569978,7.68934545943893e-05
3.05907021499663,7.72267966844685e-05
3.06266067299545,7.69084670849625e-05
3.06625113099427,7.62964234567836e-05
3.06984158899309,7.70699270271523e-05
3.07343204699191,7.62608976965288e-05
3.07702250499074,7.67262608337673e-05
3.08061296298956,7.61332377400693e-05
3.08420342098838,7.61315045642251e-05
3.0877938789872,7.63410218041796e-05
3.09138433698603,7.58960855699503e-05
3.09497479498485,7.57562606311122e-05
3.09856525298367,7.54718705663003e-05
3.10215571098249,7.5046636547491e-05
3.10574616898132,7.4943634675962e-05
3.10933662698014,7.52044726226157e-05
3.11292708497896,7.54560758860794e-05
3.11651754297778,7.45630595642742e-05
3.1201080009766,7.4899553278474e-05
3.12369845897543,7.46246648837603e-05
3.12728891697425,7.48124900320662e-05
3.13087937497307,7.45614294547931e-05
3.13446983297189,7.40219632851695e-05
3.13806029097072,7.40879758416759e-05
3.14165074896954,7.36114982319454e-05
3.14524120696836,7.41352549572394e-05
3.14883166496718,7.39132276221005e-05
3.15242212296601,7.3938110014241e-05
3.15601258096483,7.34436609595725e-05
3.15960303896365,7.35827938353637e-05
3.16319349696247,7.32559291810566e-05
3.1667839549613,7.33647529068577e-05
3.17037441296012,7.36200297868619e-05
3.17396487095894,7.34514755992251e-05
3.17755532895776,7.31408836304171e-05
3.18114578695658,7.32444466381535e-05
3.18473624495541,7.32598627565944e-05
3.18832670295423,7.23869927063385e-05
3.19191716095305,7.28445565557927e-05
3.19550761895187,7.2582035384146e-05
3.1990980769507,7.2147116527007e-05
3.20268853494952,7.285690077044e-05
3.20627899294834,7.22582253813305e-05
3.20986945094716,7.15407071835055e-05
3.21345990894599,7.18990253967607e-05
3.21705036694481,7.16967776809431e-05
3.22064082494363,7.16494249543787e-05
3.22423128294245,7.16550828075165e-05
3.22782174094128,7.1483255281229e-05
3.2314121989401,7.1363034367925e-05
3.23500265693892,7.13760076162667e-05
3.23859311493774,7.11057776974219e-05
3.24218357293656,7.12198135182634e-05
3.24577403093539,7.1176911381321e-05
3.24936448893421,7.07610777654307e-05
3.25295494693303,7.08235092313492e-05
3.25654540493185,7.0537505929731e-05
3.26013586293068,7.03666810856164e-05
3.2637263209295,7.03703868635262e-05
3.26731677892832,7.03860259242389e-05
3.27090723692714,7.04331218136319e-05
3.27449769492596,7.06034569550325e-05
3.27808815292479,7.06458343759594e-05
3.28167861092361,7.03170836120998e-05
3.28526906892243,7.02411018564751e-05
3.28885952692125,6.9621797315999e-05
3.29244998492008,7.04675704640751e-05
3.2960404429189,6.98864747735518e-05
3.29963090091772,6.96298377703578e-05
3.30322135891654,6.95516889490885e-05
3.30681181691537,6.91658784702158e-05
3.31040227491419,6.9277642589243e-05
3.31399273291301,6.92836782670513e-05
3.31758319091183,6.95637526786412e-05
3.32117364891066,6.92003910050324e-05
3.32476410690948,6.88361095752899e-05
3.3283545649083,6.90438483013888e-05
3.33194502290712,6.87922567043676e-05
3.33553548090594,6.87220867565368e-05
3.33912593890477,6.90843274579241e-05
3.34271639690359,6.84077452462888e-05
3.34630685490241,6.85747841431871e-05
3.34989731290123,6.84751825722757e-05
3.35348777090006,6.81673100262745e-05
3.35707822889888,6.78665759921401e-05
3.3606686868977,6.80697569340166e-05
3.36425914489652,6.80446221351857e-05
3.36784960289535,6.81103513539969e-05
3.37144006089417,6.79307059498356e-05
3.37503051889299,6.80632218701175e-05
3.37862097689181,6.81637258840602e-05
3.38221143489063,6.72156142609416e-05
3.38580189288946,6.72962602678641e-05
3.38939235088828,6.77017735544447e-05
3.3929828088871,6.82707600022654e-05
3.39657326688592,6.75616824918443e-05
3.40016372488475,6.84247100553046e-05
3.40375418288357,6.81005669519216e-05
3.40734464088239,7.42543330160173e-05
3.41093509888121,6.42332662145818e-05
3.41452555688004,6.66997042986559e-05
3.41811601487886,6.54568723669874e-05
3.42170647287768,6.50606466135487e-05
3.4252969308765,6.59351795532929e-05
3.42888738887533,6.62628565952141e-05
3.43247784687415,6.63673213559614e-05
3.43606830487297,6.60438192582231e-05
3.43965876287179,6.57643859283896e-05
3.44324922087061,6.60071254115284e-05
3.44683967886944,6.55441597796168e-05
3.45043013686826,6.55402493345673e-05
3.45402059486708,6.55606354340754e-05
3.4576110528659,6.56044068200251e-05
3.46120151086473,6.53515317912652e-05
3.46479196886355,6.51697016638545e-05
3.46838242686237,6.52352951924868e-05
3.47197288486119,6.53800518575521e-05
3.47556334286002,6.51659827033737e-05
3.47915380085884,6.47578894890959e-05
3.48274425885766,6.5020051588973e-05
3.48633471685648,6.49010101856821e-05
3.48992517485531,6.4920829605793e-05
3.49351563285413,6.45856503786706e-05
3.49710609085295,6.44138675276869e-05
3.50069654885177,6.46161663731426e-05
3.50428700685059,6.43383081412861e-05
3.50787746484942,6.39431666503213e-05
3.51146792284824,6.45361470154497e-05
3.51505838084706,6.44020462033716e-05
3.51864883884588,6.42947568991391e-05
3.52223929684471,6.37436871422995e-05
3.52582975484353,6.40060486105946e-05
3.52942021284235,6.36196068359033e-05
3.53301067084117,6.39219570301673e-05
3.53660112884,6.40940878555273e-05
3.54019158683882,6.37014368091339e-05
3.54378204483764,6.38515506443769e-05
3.54737250283646,6.36436464083288e-05
3.55096296083528,6.34707178855693e-05
3.55455341883411,6.3574945853685e-05
3.55814387683293,6.34900032046406e-05
3.56173433483175,6.32551141469491e-05
3.56532479283057,6.29216442929717e-05
3.5689152508294,6.32180671494304e-05
3.57250570882822,6.28800208071199e-05
3.57609616682704,6.26299009707808e-05
3.57968662482586,6.28041517171402e-05
3.58327708282469,6.26517743598773e-05
3.58686754082351,6.28512392128631e-05
3.59045799882233,6.27535361126287e-05
3.59404845682115,6.25066149631734e-05
3.59763891481997,6.2906938311514e-05
3.6012293728188,6.23623903867363e-05
3.60481983081762,6.24212918145727e-05
3.60841028881644,6.1876082590803e-05
3.61200074681526,6.21211956833813e-05
3.61559120481409,6.17693147021941e-05
3.61918166281291,6.19731404280279e-05
3.62277212081173,6.20771358620087e-05
3.62636257881055,6.17603879978568e-05
3.62995303680938,6.17352471803386e-05
3.6335434948082,6.15439162383843e-05
3.63713395280702,6.16695309365559e-05
3.64072441080584,6.18879493768504e-05
3.64431486880467,6.20347556580677e-05
3.64790532680349,6.18254446595888e-05
3.65149578480231,6.11920569231669e-05
3.65508624280113,6.12912436551706e-05
3.65867670079995,6.115280426665e-05
3.66226715879878,6.11925517425543e-05
3.6658576167976,6.1012740950154e-05
3.66944807479642,6.10613249597979e-05
3.67303853279524,6.07685099895648e-05
3.67662899079407,6.07418020704534e-05
3.68021944879289,6.07541822329209e-05
3.68380990679171,6.07307119042569e-05
3.68740036479053,6.06134477173061e-05
3.69099082278936,6.07199236001336e-05
3.69458128078818,6.06531246711209e-05
3.698171738787,6.07021814195487e-05
3.70176219678582,6.08625068575415e-05
3.70535265478464,6.03931750600922e-05
3.70894311278347,6.00990277891203e-05
3.71253357078229,5.99410874432557e-05
3.71612402878111,5.97025535298046e-05
3.71971448677993,6.00842042031955e-05
3.72330494477876,5.94201402173431e-05
3.72689540277758,5.97551704613074e-05
3.7304858607764,5.98308407858827e-05
3.73407631877522,5.95783034114174e-05
3.73766677677405,5.94176316836584e-05
3.74125723477287,5.99293221924668e-05
3.74484769277169,5.97824376593017e-05
3.74843815077051,5.9945139223217e-05
3.75202860876934,5.93118320144913e-05
3.75561906676816,5.92135243922733e-05
3.75920952476698,5.96152204706135e-05
3.7627999827658,5.92082210308063e-05
3.76639044076462,5.91263154940261e-05
3.76998089876345,5.8876322732999e-05
3.77357135676227,5.8956248696797e-05
3.77716181476109,5.90109431869156e-05
3.78075227275991,5.8638535868445e-05
3.78434273075874,5.90697965311065e-05
3.78793318875756,5.9094129287372e-05
3.79152364675638,5.86367767659338e-05
3.7951141047552,5.84569359198409e-05
3.79870456275403,5.83023360031059e-05
3.80229502075285,5.87205578125573e-05
3.80588547875167,5.84183089800676e-05
3.80947593675049,5.44773003768463e-05
3.81306639474931,5.85579343709302e-05
3.81665685274814,5.79111719716824e-05
3.82024731074696,5.82847313297111e-05
3.82383776874578,5.84506208551406e-05
3.8274282267446,5.80861949695151e-05
3.83101868474343,5.78474858452479e-05
3.83460914274225,5.82203853624578e-05
3.83819960074107,5.80173748012323e-05
3.84179005873989,5.77245910934977e-05
3.84538051673872,5.78673604162653e-05
3.84897097473754,5.7686873760485e-05
3.85256143273636,5.75322623009528e-05
3.85615189073518,5.76139902701737e-05
3.85974234873401,5.73825870031032e-05
3.86333280673283,5.74139498061511e-05
3.86692326473165,5.74925451234656e-05
3.87051372273047,5.7159496795699e-05
3.87410418072929,5.72251871596564e-05
3.87769463872812,5.71581987044432e-05
3.88128509672694,5.73232846753182e-05
3.88487555472576,5.69860623624954e-05
3.88846601272458,5.69960419721072e-05
3.89205647072341,5.69466525098287e-05
3.89564692872223,5.69890558804004e-05
3.89923738672105,5.71177772707221e-05
3.90282784471987,5.69180811224857e-05
3.9064183027187,5.67822519744653e-05
3.91000876071752,5.66108324788528e-05
3.91359921871634,5.64554127765502e-05
3.91718967671516,5.66960256361178e-05
3.92078013471399,5.63165668304905e-05
3.92437059271281,5.61748310919809e-05
3.92796105071163,5.65078793911295e-05
3.93155150871045,5.64537836377113e-05
3.93514196670927,5.64077295553837e-05
3.9387324247081,5.60759335276991e-05
3.94232288270692,5.59401085751571e-05
3.94591334070574,5.5862773468112e-05
3.94950379870456,5.6094658180632e-05
3.95309425670339,5.57815784591708e-05
3.95668471470221,5.55874847679311e-05
3.96027517270103,5.59695699709833e-05
3.96386563069985,5.58200993281891e-05
3.96745608869867,5.54990084260766e-05
3.9710465466975,5.55592883648535e-05
3.97463700469632,5.56862244886289e-05
3.97822746269514,5.55136348025017e-05
3.98181792069396,5.53464457121344e-05
3.98540837869279,5.56426317770323e-05
3.98899883669161,5.52605345347827e-05
3.99258929469043,5.5050285939117e-05
3.99617975268925,5.54037951449945e-05
3.99977021068808,5.50173391523524e-05
4.0033606686869,5.53632327873942e-05
4.00695112668572,5.49950243174429e-05
4.01054158468454,5.52251140856016e-05
4.01413204268337,5.47504064611708e-05
4.01772250068219,5.47051860785595e-05
4.02131295868101,5.49303271152638e-05
4.02490341667983,5.48814710448525e-05
4.02849387467865,5.46915448052079e-05
4.03208433267748,5.46507946702302e-05
4.0356747906763,5.4261322182554e-05
4.03926524867512,5.44195477137821e-05
4.04285570667394,5.4314560291578e-05
4.04644616467277,5.45156334517519e-05
4.05003662267159,5.44557502934313e-05
4.05362708067041,5.42499086773948e-05
4.05721753866923,5.40217022613932e-05
4.06080799666806,5.40277044289405e-05
4.06439845466688,5.42442520779165e-05
4.0679889126657,5.41167241381725e-05
4.07157937066452,5.41152093676132e-05
4.07516982866334,5.37083835934486e-05
4.07876028666217,5.39173264738978e-05
4.08235074466099,5.39452053924163e-05
4.08594120265981,5.37147074601382e-05
4.08953166065863,5.35647235971754e-05
4.09312211865746,5.34042091633809e-05
4.09671257665628,5.37439141101053e-05
4.1003030346551,5.38509191668875e-05
4.10389349265392,5.40025368415234e-05
4.10748395065275,5.35919619360644e-05
4.11107440865157,5.33026881241875e-05
4.11466486665039,5.33749353098915e-05
4.11825532464921,5.32299846144334e-05
4.12184578264803,5.33303047496304e-05
4.12543624064686,5.32375906338727e-05
4.12902669864568,5.29720488080319e-05
4.1326171566445,5.31483455575062e-05
4.13620761464332,5.27429167463697e-05
4.13979807264215,5.29108328941161e-05
4.14338853064097,5.28985950386047e-05
4.14697898863979,5.28138165958965e-05
4.15056944663861,5.28676099893597e-05
4.15415990463744,5.27844853524976e-05
4.15775036263626,5.27857462434472e-05
4.16134082063508,5.26442268168067e-05
4.1649312786339,5.25771811111218e-05
4.16852173663272,5.2746649102441e-05
4.17211219463155,5.24745634768734e-05
4.17570265263037,5.26873914655731e-05
4.17929311062919,5.25318451744955e-05
4.18288356862801,5.24984243493493e-05
4.18647402662684,5.2166921686642e-05
4.19006448462566,5.16604198282371e-05
4.19365494262448,5.22489095473913e-05
4.1972454006233,5.18652911837778e-05
4.20083585862213,5.22093923255679e-05
4.20442631662095,5.21379988461138e-05
4.20801677461977,5.19634349357461e-05
4.21160723261859,5.24034798153768e-05
4.21519769061742,5.16026179142865e-05
4.21878814861624,5.2004267029608e-05
4.22237860661506,5.18497784108471e-05
4.22596906461388,5.12605646644099e-05
4.22955952261271,5.15674117488244e-05
4.23314998061153,5.14010580374192e-05
4.23674043861035,5.17780451829365e-05
4.24033089660917,5.15617442953327e-05
4.24392135460799,5.1452631930466e-05
4.24751181260682,5.14586776747391e-05
4.25110227060564,5.1362581438697e-05
4.25469272860446,5.14923390146546e-05
4.25828318660328,5.14526949239581e-05
4.26187364460211,5.13983866494928e-05
4.26546410260093,5.1341667470357e-05
4.26905456059975,5.11937166566927e-05
4.27264501859857,5.108792244328e-05
4.2762354765974,5.11719337264973e-05
4.27982593459622,5.09510693454918e-05
4.28341639259504,5.07358043661873e-05
4.28700685059386,5.08339010026398e-05
4.29059730859268,5.09544371846327e-05
4.29418776659151,5.07571957669741e-05
4.29777822459033,5.07709482427551e-05
4.30136868258915,5.0841920040542e-05
4.30495914058797,5.09390977318502e-05
4.3085495985868,5.06253827043972e-05
4.31214005658562,5.04040218846538e-05
4.31573051458444,5.06050414511812e-05
4.31932097258326,5.07701642089967e-05
4.32291143058209,5.04568421247392e-05
4.32650188858091,5.04335448947502e-05
4.33009234657973,5.05115721972262e-05
4.33368280457855,5.01558525178636e-05
4.33727326257737,5.01929429646261e-05
4.3408637205762,5.01793726988585e-05
4.34445417857502,5.01353635304522e-05
4.34804463657384,4.98245105653921e-05
4.35163509457266,5.01534865936641e-05
4.35522555257149,5.01986514349738e-05
4.35881601057031,5.01291237237161e-05
4.36240646856913,4.98170973563851e-05
4.36599692656795,4.97160981373225e-05
4.36958738456678,4.95956247526418e-05
4.3731778425656,4.96982296652906e-05
4.37676830056442,5.00086393666696e-05
4.38035875856324,4.94377167626216e-05
4.38394921656207,4.95166028974478e-05
4.38753967456089,4.92977048613395e-05
4.39113013255971,4.95370680496038e-05
4.39472059055853,4.95245539566405e-05
4.39831104855736,4.94877250643996e-05
4.40190150655618,4.96377775635196e-05
4.405491964555,4.93025182350123e-05
4.40908242255382,4.95020964356749e-05
4.41267288055264,4.92374750353742e-05
4.41626333855147,4.92891517604577e-05
4.41985379655029,4.91087085793779e-05
4.42344425454911,4.90632404630635e-05
4.42703471254793,4.89796833207156e-05
4.43062517054676,4.89833927459193e-05
4.43421562854558,4.89813663555177e-05
4.4378060865444,4.89632176534764e-05
4.44139654454322,4.90078593492994e-05
4.44498700254205,4.89185576702002e-05
4.44857746054087,4.90385133171982e-05
4.45216791853969,4.87273949485524e-05
4.45575837653851,4.87238429961042e-05
4.45934883453733,4.85391210167781e-05
4.46293929253616,4.8768310762408e-05
4.46652975053498,4.85891159988617e-05
4.4701202085338,4.85663172051674e-05
4.47371066653262,4.85254249771689e-05
4.47730112453145,4.82574681948723e-05
4.48089158253027,4.83581675509276e-05
4.48448204052909,4.85245412903841e-05
4.48807249852791,4.84049430286877e-05
4.49166295652673,4.79606844784796e-05
4.49525341452556,4.82454506774219e-05
4.49884387252438,4.84310452006186e-05
4.5024343305232,4.81012720100014e-05
4.50602478852202,4.81304616728848e-05
4.50961524652085,4.80780415842991e-05
4.51320570451967,4.80717141423059e-05
4.51679616251849,4.79488896945453e-05
4.52038662051731,4.77447436985692e-05
4.52397707851614,4.80377483872339e-05
4.52756753651496,4.78476477150238e-05
4.53115799451378,4.77602912670185e-05
4.5347484525126,4.77886090567768e-05
4.53833891051143,4.76455695921925e-05
4.54192936851025,4.77607782738257e-05
4.54551982650907,4.75781830763741e-05
4.54911028450789,4.74394709462947e-05
4.55270074250671,4.74999679040406e-05
4.55629120050554,4.73258182081876e-05
4.55988165850436,4.71431997920314e-05
4.56347211650318,4.74257627080377e-05
4.567062574502,4.74180093162271e-05
4.57065303250083,4.75564206366277e-05
4.57424349049965,4.71344180482833e-05
4.57783394849847,4.73709637781859e-05
4.58142440649729,4.69035179067183e-05
4.58501486449612,4.7872887339669e-05
4.58860532249494,4.73672908446191e-05
4.59219578049376,4.69748806699697e-05
4.59578623849258,4.72182732664401e-05
4.59937669649141,4.6497280825215e-05
4.60296715449023,4.68035886727899e-05
4.60655761248905,4.69672239537239e-05
4.61014807048787,4.66746879483983e-05
4.61373852848669,4.77458872319502e-05
4.61732898648552,4.69298463101252e-05
4.62091944448434,4.69824848839824e-05
4.62450990248316,4.6919579692113e-05
4.62810036048198,4.66076486087815e-05
4.63169081848081,4.66567458561605e-05
4.63528127647963,4.66267352336549e-05
4.63887173447845,4.66619704579303e-05
4.64246219247727,4.62949265827314e-05
4.6460526504761,4.64298207503381e-05
4.64964310847492,4.67124214654113e-05
4.65323356647374,4.64771403100532e-05
4.65682402447256,4.64029350873693e-05
4.66041448247138,4.60973331477124e-05
4.66400494047021,4.62513907154263e-05
4.66759539846903,4.61977245259424e-05
4.67118585646785,4.61953879151017e-05
4.67477631446667,4.60637812258215e-05
4.6783667724655,4.61561189720855e-05
4.68195723046432,4.61024442703259e-05
4.68554768846314,4.61614512953369e-05
4.68913814646196,4.59345009956121e-05
4.69272860446079,4.58066017958478e-05
4.69631906245961,4.5886162565879e-05
4.69990952045843,4.56820373845981e-05
4.70349997845725,4.6015414182791e-05
4.70709043645607,4.59968487698576e-05
4.7106808944549,4.57299676790181e-05
4.71427135245372,4.5687033750477e-05
4.71786181045254,4.5619636328379e-05
4.72145226845136,4.56766240212709e-05
4.72504272645019,4.56272235092592e-05
4.72863318444901,4.56522092882615e-05
4.73222364244783,4.5660776013599e-05
4.73581410044665,4.56714780225127e-05
4.73940455844548,4.55097222892045e-05
4.7429950164443,4.54855054056113e-05
4.74658547444312,4.52498179645799e-05
4.75017593244194,4.54097456495053e-05
4.75376639044077,4.53631598366704e-05
4.75735684843959,4.53392079734922e-05
4.76094730643841,4.53725733113023e-05
4.76453776443723,4.50767487604708e-05
4.76812822243606,4.51712004775275e-05
4.77171868043488,4.50595793158266e-05
4.7753091384337,4.50705331108877e-05
4.77889959643252,4.4974591647137e-05
4.78249005443134,4.49804125591036e-05
4.78608051243017,4.47628475561356e-05
4.78967097042899,4.48479601328858e-05
4.79326142842781,4.48698552034944e-05
4.79685188642663,4.48826376036941e-05
4.80044234442546,4.4905301019625e-05
4.80403280242428,4.4928931740355e-05
4.8076232604231,4.4784570984312e-05
4.81121371842192,4.45484442964661e-05
4.81480417642075,4.46827418655813e-05
4.81839463441957,4.45191034930331e-05
4.82198509241839,4.45006639446275e-05
4.82557555041721,4.45384158176881e-05
4.82916600841603,4.45127946944255e-05
4.83275646641486,4.45227610833309e-05
4.83634692441368,4.44725584290783e-05
4.8399373824125,4.45389409395917e-05
4.84352784041132,4.45764114023404e-05
4.84711829841015,4.43704360154544e-05
4.85070875640897,4.42999873280894e-05
4.85429921440779,4.43889504419867e-05
4.85788967240661,4.42870379732741e-05
4.86148013040544,4.41260150650715e-05
4.86507058840426,4.40022476038537e-05
4.86866104640308,4.41201355787122e-05
4.8722515044019,4.4066653805888e-05
4.87584196240072,4.41491954200739e-05
4.87943242039955,4.41084130404883e-05
4.88302287839837,4.40711108782165e-05
4.88661333639719,4.40279355687133e-05
4.89020379439601,4.38545174671501e-05
4.89379425239484,4.37509078631888e-05
4.89738471039366,4.37014002924628e-05
4.90097516839248,4.36564950581795e-05
4.9045656263913,4.36508963970487e-05
4.90815608439013,4.36143616246161e-05
4.91174654238895,4.37551824392511e-05
4.91533700038777,4.36387293634438e-05
4.91892745838659,4.36730734548251e-05
4.92251791638541,4.35278534016169e-05
4.92610837438424,4.36522909449579e-05
4.92969883238306,4.34618517082503e-05
4.93328929038188,4.35037449211056e-05
4.9368797483807,4.35505908845659e-05
4.94047020637953,4.35642129706393e-05
4.94406066437835,4.34467875801229e-05
4.94765112237717,4.32977362097896e-05
4.95124158037599,4.32530870732919e-05
4.95483203837482,4.33378896478188e-05
4.95842249637364,4.32152563516871e-05
4.96201295437246,4.30059487186364e-05
4.96560341237128,4.31650661337678e-05
4.96919387037011,4.32638009335738e-05
4.97278432836893,4.31176377595948e-05
4.97637478636775,4.30780778705677e-05
4.97996524436657,4.31176211868094e-05
4.98355570236539,4.29170246422333e-05
4.98714616036422,4.37093589057206e-05
4.99073661836304,4.32833335166889e-05
4.99432707636186,4.28490528458504e-05
4.99791753436068,4.33516532452209e-05
