freqs,specs
-2.99803242901665,2.57205515360386e-05
-2.99444197101782,2.60380445152834e-05
-2.990851513019,2.61961560533563e-05
-2.98726105502018,2.62483612299522e-05
-2.98367059702136,2.62094819039267e-05
-2.98008013902253,2.64326256940064e-05
-2.97648968102371,2.63957486451652e-05
-2.97289922302489,2.6466941854497e-05
-2.96930876502607,2.63997041709283e-05
-2.96571830702724,2.64221467133684e-05
-2.96212784902842,2.65843530353762e-05
-2.9585373910296,2.65130849989277e-05
-2.95494693303078,2.66117804243254e-05
-2.95135647503196,2.65763766361126e-05
-2.94776601703313,2.65883990129073e-05
-2.94417555903431,2.66370807915571e-05
-2.94058510103549,2.66463833027409e-05
-2.93699464303667,2.67400924231685e-05
-2.93340418503784,2.65583320703624e-05
-2.92981372703902,2.665364658282e-05
-2.9262232690402,2.67466465726555e-05
-2.92263281104138,2.66746597955526e-05
-2.91904235304255,2.67831570893899e-05
-2.91545189504373,2.66848442936215e-05
-2.91186143704491,2.67923823534357e-05
-2.90827097904609,2.67955417900455e-05
-2.90468052104727,2.68418730878231e-05
-2.90109006304844,2.69464653962816e-05
-2.89749960504962,2.67835388906316e-05
-2.8939091470508,2.69288455958895e-05
-2.89031868905198,2.6972433867709e-05
-2.88672823105315,2.69958599154286e-05
-2.88313777305433,2.70707034725897e-05
-2.87954731505551,2.7017994915154e-05
-2.87595685705669,2.712605128744e-05
-2.87236639905786,2.70581115911424e-05
-2.86877594105904,2.71572730029303e-05
-2.86518548306022,2.719424418746e-05
-2.8615950250614,2.71542316716699e-05
-2.85800456706257,2.71917321462768e-05
-2.85441410906375,2.7203970998207e-05
-2.85082365106493,2.7257445362852e-05
-2.84723319306611,2.72503589067078e-05
-2.84364273506729,2.72785118425341e-05
-2.84005227706846,2.73090229098005e-05
-2.83646181906964,2.73168587924551e-05
-2.83287136107082,2.73472049557792e-05
-2.829280903072,2.74108463926621e-05
-2.82569044507317,2.73921950375953e-05
-2.82209998707435,2.73908638454987e-05
-2.81850952907553,2.74328404634613e-05
-2.81491907107671,2.74766538378013e-05
-2.81132861307788,2.74652756482611e-05
-2.80773815507906,2.75302390711584e-05
-2.80414769708024,2.75988398029615e-05
-2.80055723908142,2.75719733566023e-05
-2.7969667810826,2.75861529557717e-05
-2.79337632308377,2.7638933452594e-05
-2.78978586508495,2.76809972824682e-05
-2.78619540708613,2.76473168745766e-05
-2.78260494908731,2.76918843683213e-05
-2.77901449108848,2.77370088430296e-05
-2.77542403308966,2.77501404357827e-05
-2.77183357509084,2.77623201027659e-05
-2.76824311709202,2.78081099994498e-05
-2.76465265909319,2.78192258156392e-05
-2.76106220109437,2.78629197079402e-05
-2.75747174309555,2.79241950951881e-05
-2.75388128509673,2.79795124798939e-05
-2.7502908270979,2.79668464141295e-05
-2.74670036909908,2.79243475600357e-05
-2.74310991110026,2.79625110641111e-05
-2.73951945310144,2.79645199240991e-05
-2.73592899510262,2.80597013707911e-05
-2.73233853710379,2.8116095003885e-05
-2.72874807910497,2.81265310330957e-05
-2.72515762110615,2.81399313368457e-05
-2.72156716310733,2.81655370703688e-05
-2.7179767051085,2.81510322434939e-05
-2.71438624710968,2.82016737366549e-05
-2.71079578911086,2.82513947236401e-05
-2.70720533111204,2.82181294554481e-05
-2.70361487311321,2.8313319358925e-05
-2.70002441511439,2.82911207174917e-05
-2.69643395711557,2.83449774106099e-05
-2.69284349911675,2.83852370129125e-05
-2.68925304111792,2.83927068544193e-05
-2.6856625831191,2.83977652890155e-05
-2.68207212512028,2.8424764025573e-05
-2.67848166712146,2.85212812482922e-05
-2.67489120912264,2.84999924573703e-05
-2.67130075112381,2.85037437961826e-05
-2.66771029312499,2.85280737826948e-05
-2.66411983512617,2.85847228200385e-05
-2.66052937712735,2.86517046982112e-05
-2.65693891912852,2.86107264831176e-05
-2.6533484611297,2.8609031096073e-05
-2.64975800313088,2.86593051508947e-05
-2.64616754513206,2.8713541293098e-05
-2.64257708713324,2.87522434971081e-05
-2.63898662913441,2.87837783684876e-05
-2.63539617113559,2.87550372362611e-05
-2.63180571313677,2.88356227778087e-05
-2.62821525513795,2.88640952656591e-05
-2.62462479713912,2.88515078490784e-05
-2.6210343391403,2.89059899798818e-05
-2.61744388114148,2.89265084858051e-05
-2.61385342314266,2.89254097817576e-05
-2.61026296514383,2.89212930253683e-05
-2.60667250714501,2.90166135410162e-05
-2.60308204914619,2.90146201050241e-05
-2.59949159114737,2.90450513276901e-05
-2.59590113314854,2.91084435980464e-05
-2.59231067514972,2.91060414145694e-05
-2.5887202171509,2.91830079942765e-05
-2.58512975915208,2.92159890925623e-05
-2.58153930115326,2.92179335698276e-05
-2.57794884315443,2.92295467814562e-05
-2.57435838515561,2.9295191259899e-05
-2.57076792715679,2.92976414150095e-05
-2.56717746915797,2.93670881215628e-05
-2.56358701115914,2.93464130095809e-05
-2.55999655316032,2.9348423375789e-05
-2.5564060951615,2.93824039472768e-05
-2.55281563716268,2.94424863608374e-05
-2.54922517916385,2.94582714747031e-05
-2.54563472116503,2.95045117045299e-05
-2.54204426316621,2.95008172963829e-05
-2.53845380516739,2.95439065065097e-05
-2.53486334716857,2.95402372557767e-05
-2.53127288916974,2.96286389153351e-05
-2.52768243117092,2.95960076293109e-05
-2.5240919731721,2.96341197826596e-05
-2.52050151517328,2.96081340834652e-05
-2.51691105717445,2.97298949097375e-05
-2.51332059917563,2.97491761084633e-05
-2.50973014117681,2.97512958711011e-05
-2.50613968317799,2.98243721466835e-05
-2.50254922517916,2.98786917210176e-05
-2.49895876718034,2.98729417599214e-05
-2.49536830918152,2.98955928228209e-05
-2.4917778511827,2.99351501205852e-05
-2.48818739318387,2.99840227654806e-05
-2.48459693518505,2.99952702728666e-05
-2.48100647718623,3.0030601304558e-05
-2.47741601918741,3.01015423857152e-05
-2.47382556118859,3.00639964508007e-05
-2.47023510318976,3.01081373967848e-05
-2.46664464519094,3.01287625259025e-05
-2.46305418719212,3.01468009215776e-05
-2.4594637291933,3.02057795057863e-05
-2.45587327119447,3.02396929628441e-05
-2.45228281319565,3.02500927142236e-05
-2.44869235519683,3.02797485377309e-05
-2.44510189719801,3.0320865368039e-05
-2.44151143919918,3.03104453032789e-05
-2.43792098120036,3.03342281904702e-05
-2.43433052320154,3.0400995095041e-05
-2.43074006520272,3.04539681702677e-05
-2.4271496072039,3.04352550503489e-05
-2.42355914920507,3.04801274604885e-05
-2.41996869120625,3.05302555255951e-05
-2.41637823320743,3.05871484965631e-05
-2.41278777520861,3.05789468433403e-05
-2.40919731720978,3.06285576571816e-05
-2.40560685921096,3.06300887073953e-05
-2.40201640121214,3.06777677425741e-05
-2.39842594321332,3.06915333899206e-05
-2.39483548521449,3.07349302934658e-05
-2.39124502721567,3.07619206694415e-05
-2.38765456921685,3.08182704535424e-05
-2.38406411121803,3.08419816406253e-05
-2.38047365321921,3.08656574879438e-05
-2.37688319522038,3.08818494834892e-05
-2.37329273722156,3.09626218537385e-05
-2.36970227922274,3.09834570771105e-05
-2.36611182122392,3.09657466089158e-05
-2.36252136322509,3.10273106201175e-05
-2.35893090522627,3.10427623951548e-05
-2.35534044722745,3.1098598692887e-05
-2.35174998922863,3.11261113187545e-05
-2.3481595312298,3.1164590747601e-05
-2.34456907323098,3.11572570702152e-05
-2.34097861523216,3.12086418513573e-05
-2.33738815723334,3.12649073217757e-05
-2.33379769923451,3.12898226721963e-05
-2.33020724123569,3.13565066839089e-05
-2.32661678323687,3.1332121752177e-05
-2.32302632523805,3.13751249905614e-05
-2.31943586723923,3.14075219584307e-05
-2.3158454092404,3.14211319204071e-05
-2.31225495124158,3.1463266679531e-05
-2.30866449324276,3.15233767994669e-05
-2.30507403524394,3.14954416360849e-05
-2.30148357724511,3.15250584153062e-05
-2.29789311924629,3.16487162719917e-05
-2.29430266124747,3.1632361024744e-05
-2.29071220324865,3.16545949674762e-05
-2.28712174524982,3.17338769361297e-05
-2.283531287251,3.17753686750132e-05
-2.27994082925218,3.17998894747583e-05
-2.27635037125336,3.17911881781987e-05
-2.27275991325454,3.18386791159316e-05
-2.26916945525571,3.19007302773272e-05
-2.26557899725689,3.1900713626976e-05
-2.26198853925807,3.19975939278e-05
-2.25839808125925,3.19610280446107e-05
-2.25480762326042,3.19650540268665e-05
-2.2512171652616,3.20155324369435e-05
-2.24762670726278,3.20834548623355e-05
-2.24403624926396,3.21081954488595e-05
-2.24044579126513,3.21622344076366e-05
-2.23685533326631,3.22130533122495e-05
-2.23326487526749,3.21800347003283e-05
-2.22967441726867,3.22498330232508e-05
-2.22608395926984,3.22520738227318e-05
-2.22249350127102,3.23081465125074e-05
-2.2189030432722,3.23297852527754e-05
-2.21531258527338,3.24050810216248e-05
-2.21172212727456,3.24149075530135e-05
-2.20813166927573,3.24313010082062e-05
-2.20454121127691,3.24647042066054e-05
-2.20095075327809,3.25638329320897e-05
-2.19736029527927,3.25483711793315e-05
-2.19376983728044,3.25999502550916e-05
-2.19017937928162,3.26881485048798e-05
-2.1865889212828,3.25958913828086e-05
-2.18299846328398,3.26944029372816e-05
-2.17940800528515,3.27407540681199e-05
-2.17581754728633,3.27661949541191e-05
-2.17222708928751,3.27866094660877e-05
-2.16863663128869,3.28191364926012e-05
-2.16504617328986,3.29018602283643e-05
-2.16145571529104,3.28347997887498e-05
-2.15786525729222,3.29162679971702e-05
-2.1542747992934,3.30181468795436e-05
-2.15068434129458,3.29243439429663e-05
-2.14709388329575,3.30077413868851e-05
-2.14350342529693,3.30932355614222e-05
-2.13991296729811,3.31361004504211e-05
-2.13632250929929,3.30448302690455e-05
-2.13273205130046,3.30871430834146e-05
-2.12914159330164,3.33295519084782e-05
-2.12555113530282,3.32145348701133e-05
-2.121960677304,3.33300503289749e-05
-2.11837021930517,3.33663191121776e-05
-2.11477976130635,3.33340780172728e-05
-2.11118930330753,3.34176267054684e-05
-2.10759884530871,3.34814514452469e-05
-2.10400838730989,3.36807871931775e-05
-2.10041792931106,3.34720183022719e-05
-2.09682747131224,3.35489495197325e-05
-2.09323701331342,3.37518842751236e-05
-2.0896465553146,3.36720481968708e-05
-2.08605609731577,3.3751501391488e-05
-2.08246563931695,3.36866383685689e-05
-2.07887518131813,3.37309530721687e-05
-2.07528472331931,3.37268032960015e-05
-2.07169426532048,3.37949673318504e-05
-2.06810380732166,3.40141667700051e-05
-2.06451334932284,3.3773418403763e-05
-2.06092289132402,3.3770907534668e-05
-2.05733243332519,3.39652613504322e-05
-2.05374197532637,3.39213638736836e-05
-2.05015151732755,3.40881900975806e-05
-2.04656105932873,3.38423598202656e-05
-2.04297060132991,3.4078534434498e-05
-2.03938014333108,3.40098075835375e-05
-2.03578968533226,3.41430903780746e-05
-2.03219922733344,3.43925596957374e-05
-2.02860876933462,3.41626257572114e-05
-2.02501831133579,3.42535699541988e-05
-2.02142785333697,3.43371861388438e-05
-2.01783739533815,3.44897289125039e-05
-2.01424693733933,3.462487997382e-05
-2.01065647934051,3.43759984617189e-05
-2.00706602134168,3.46332718939396e-05
-2.00347556334286,3.45684535440263e-05
-1.99988510534404,3.46635347755736e-05
-1.99629464734522,3.49213035772627e-05
-1.99270418934639,3.46247227151306e-05
-1.98911373134757,3.48117577801372e-05
-1.98552327334875,3.46172267680731e-05
-1.98193281534993,3.49070168665009e-05
-1.9783423573511,3.48646929844731e-05
-1.97475189935228,3.47357791492053e-05
-1.97116144135346,3.48411646898895e-05
-1.96757098335464,3.47732921862641e-05
-1.96398052535581,3.50061255683627e-05
-1.96039006735699,3.50295131617349e-05
-1.95679960935817,3.49377909048015e-05
-1.95320915135935,3.49779973048816e-05
-1.94961869336053,3.49345294742932e-05
-1.9460282353617,3.51848864018244e-05
-1.94243777736288,3.52154148186689e-05
-1.93884731936406,3.52404254719376e-05
-1.93525686136524,3.52414489551189e-05
-1.93166640336641,3.51596243652717e-05
-1.92807594536759,3.54828422263867e-05
-1.92448548736877,3.5488329787853e-05
-1.92089502936995,3.54772192282872e-05
-1.91730457137112,3.54865955843733e-05
-1.9137141133723,3.55667953703735e-05
-1.91012365537348,3.57476055767817e-05
-1.90653319737466,3.57187746730369e-05
-1.90294273937583,3.58396799705209e-05
-1.89935228137701,3.57380465751956e-05
-1.89576182337819,3.57185339519023e-05
-1.89217136537937,3.58597830763984e-05
-1.88858090738055,3.5936045578535e-05
-1.88499044938172,3.59011863635974e-05
-1.8813999913829,3.58887584339928e-05
-1.87780953338408,3.59342872298217e-05
-1.87421907538526,3.59702502239882e-05
-1.87062861738643,3.60417339358138e-05
-1.86703815938761,3.60772796385876e-05
-1.86344770138879,3.60515046774603e-05
-1.85985724338997,3.59972771332353e-05
-1.85626678539114,3.61201185319417e-05
-1.85267632739232,3.62393686398798e-05
-1.8490858693935,3.62245736791635e-05
-1.84549541139468,3.62849418056419e-05
-1.84190495339586,3.62745710710021e-05
-1.83831449539703,3.64283609609564e-05
-1.83472403739821,3.6452553915132e-05
-1.83113357939939,3.65068833705242e-05
-1.82754312140057,3.65954314540754e-05
-1.82395266340174,3.65297904970036e-05
-1.82036220540292,3.66555739133984e-05
-1.8167717474041,3.68353453010574e-05
-1.81318128940528,3.68316032957373e-05
-1.80959083140645,3.67787432868779e-05
-1.80600037340763,3.67772035491695e-05
-1.80240991540881,3.69833488399292e-05
-1.79881945740999,3.69357502769059e-05
-1.79522899941117,3.6975606767924e-05
-1.79163854141234,3.70740606989541e-05
-1.78804808341352,3.7063574750785e-05
-1.7844576254147,3.70433012595431e-05
-1.78086716741588,3.7151936247879e-05
-1.77727670941705,3.72741688590829e-05
-1.77368625141823,3.7199637438347e-05
-1.77009579341941,3.72534326651019e-05
-1.76650533542059,3.73390497808152e-05
-1.76291487742176,3.72710894460151e-05
-1.75932441942294,3.74552949587103e-05
-1.75573396142412,3.75090316065002e-05
-1.7521435034253,3.74603145352876e-05
-1.74855304542647,3.76060289020938e-05
-1.74496258742765,3.75021483694938e-05
-1.74137212942883,3.75952810950163e-05
-1.73778167143001,3.77471285027346e-05
-1.73419121343119,3.77775177700596e-05
-1.73060075543236,3.77699653513277e-05
-1.72701029743354,3.78288987559079e-05
-1.72341983943472,3.78705492113901e-05
-1.7198293814359,3.79706893934506e-05
-1.71623892343707,3.79413363586497e-05
-1.71264846543825,3.78491947473418e-05
-1.70905800743943,3.80105572804573e-05
-1.70546754944061,3.80866776397306e-05
-1.70187709144178,3.81092785885331e-05
-1.69828663344296,3.8116814895772e-05
-1.69469617544414,3.82220229508755e-05
-1.69110571744532,3.83590438847823e-05
-1.6875152594465,3.83193846268252e-05
-1.68392480144767,3.84201395649191e-05
-1.68033434344885,3.83569268669905e-05
-1.67674388545003,3.84820804507389e-05
-1.67315342745121,3.85095629679717e-05
-1.66956296945238,3.86128260374262e-05
-1.66597251145356,3.8601574866449e-05
-1.66238205345474,3.87259082155859e-05
-1.65879159545592,3.88336914287617e-05
-1.65520113745709,3.88039645551425e-05
-1.65161067945827,3.89170601053536e-05
-1.64802022145945,3.89724054689608e-05
-1.64442976346063,3.88454453019809e-05
-1.6408393054618,3.9040534365283e-05
-1.63724884746298,3.90407072088888e-05
-1.63365838946416,3.90085152922764e-05
-1.63006793146534,3.91180734955221e-05
-1.62647747346652,3.9348252167753e-05
-1.62288701546769,3.9326018841086e-05
-1.61929655746887,3.92616868496631e-05
-1.61570609947005,3.93368279603295e-05
-1.61211564147123,3.93358159346019e-05
-1.6085251834724,3.93654474352435e-05
-1.60493472547358,3.95454296297092e-05
-1.60134426747476,3.95470122471039e-05
-1.59775380947594,3.95441045456857e-05
-1.59416335147711,3.96157780417407e-05
-1.59057289347829,3.9778962801332e-05
-1.58698243547947,3.97598669086088e-05
-1.58339197748065,3.98794484167291e-05
-1.57980151948183,3.97550508918017e-05
-1.576211061483,3.97648262787248e-05
-1.57262060348418,3.99265743905184e-05
-1.56903014548536,3.97754452438735e-05
-1.56543968748654,4.00343546544119e-05
-1.56184922948771,4.00623274209038e-05
-1.55825877148889,4.01282103164155e-05
-1.55466831349007,4.01754530740738e-05
-1.55107785549125,4.02300046425635e-05
-1.54748739749242,4.03223831607041e-05
-1.5438969394936,4.03418442730314e-05
-1.54030648149478,4.03616453975906e-05
-1.53671602349596,4.03986295021832e-05
-1.53312556549713,4.0424912712813e-05
-1.52953510749831,4.05604838654873e-05
-1.52594464949949,4.06141334559449e-05
-1.52235419150067,4.04813231593761e-05
-1.51876373350185,4.07194839246211e-05
-1.51517327550302,4.0814827348837e-05
-1.5115828175042,4.07272350501605e-05
-1.50799235950538,4.09237107753406e-05
-1.50440190150656,4.10857468284891e-05
-1.50081144350773,4.088889623702e-05
-1.49722098550891,4.12189139238728e-05
-1.49363052751009,4.1062308251517e-05
-1.49004006951127,4.10986987062682e-05
-1.48644961151244,4.1083463981498e-05
-1.48285915351362,4.12681800927885e-05
-1.4792686955148,4.11523747055468e-05
-1.47567823751598,4.13416905380905e-05
-1.47208777951716,4.13313904297211e-05
-1.46849732151833,4.14913817206329e-05
-1.46490686351951,4.1507283619627e-05
-1.46131640552069,4.16237821366775e-05
-1.45772594752187,4.15371648247138e-05
-1.45413548952304,4.17155636504519e-05
-1.45054503152422,4.19197788884038e-05
-1.4469545735254,4.18497986167432e-05
-1.44336411552658,4.18685295452396e-05
-1.43977365752775,4.18616467827591e-05
-1.43618319952893,4.21150956424201e-05
-1.43259274153011,4.21096140207348e-05
-1.42900228353129,4.21453487796307e-05
-1.42541182553247,4.21837689277337e-05
-1.42182136753364,4.22153731555297e-05
-1.41823090953482,4.21768439480285e-05
-1.414640451536,4.23756849969077e-05
-1.41104999353718,4.2553693317997e-05
-1.40745953553835,4.24001611453627e-05
-1.40386907753953,4.24349709306749e-05
-1.40027861954071,4.26008120864855e-05
-1.39668816154189,4.25723616337663e-05
-1.39309770354306,4.25745961199642e-05
-1.38950724554424,4.28160453198703e-05
-1.38591678754542,4.27926328971385e-05
-1.3823263295466,4.28866213103926e-05
-1.37873587154777,4.28987453246425e-05
-1.37514541354895,4.30289522878005e-05
-1.37155495555013,4.30531632055705e-05
-1.36796449755131,4.30859990661311e-05
-1.36437403955249,4.31362624374896e-05
-1.36078358155366,4.32631850537055e-05
-1.35719312355484,4.32995731401208e-05
-1.35360266555602,4.33857239360009e-05
-1.3500122075572,4.34171680589721e-05
-1.34642174955837,4.35238624389381e-05
-1.34283129155955,4.34717803014683e-05
-1.33924083356073,4.35963807085224e-05
-1.33565037556191,4.36815565243266e-05
-1.33205991756308,4.36800195302097e-05
-1.32846945956426,4.37933059006217e-05
-1.32487900156544,4.37768019006467e-05
-1.32128854356662,4.38253939405838e-05
-1.3176980855678,4.39921440559e-05
-1.31410762756897,4.4053696604209e-05
-1.31051716957015,4.40639204058397e-05
-1.30692671157133,4.4114079416606e-05
-1.30333625357251,4.42459224648052e-05
-1.29974579557368,4.4225671350551e-05
-1.29615533757486,4.43712787007486e-05
-1.29256487957604,4.43376398895764e-05
-1.28897442157722,4.45183416115104e-05
-1.28538396357839,4.45874850781073e-05
-1.28179350557957,4.45611928556724e-05
-1.27820304758075,4.46331260075365e-05
-1.27461258958193,4.46208939629311e-05
-1.2710221315831,4.47280762612375e-05
-1.26743167358428,4.47707442620793e-05
-1.26384121558546,4.4924572913759e-05
-1.26025075758664,4.49962878968613e-05
-1.25666029958782,4.50618580445432e-05
-1.25306984158899,4.50758103690454e-05
-1.24947938359017,4.51386498254554e-05
-1.24588892559135,4.52549757584114e-05
-1.24229846759253,4.52407035914117e-05
-1.2387080095937,4.52991985564366e-05
-1.23511755159488,4.54782079275282e-05
-1.23152709359606,4.54272812136613e-05
-1.22793663559724,4.55609472885243e-05
-1.22434617759841,4.57123367344737e-05
-1.22075571959959,4.57064677784e-05
-1.21716526160077,4.57707832424233e-05
-1.21357480360195,4.56975455026808e-05
-1.20998434560313,4.58618560295892e-05
-1.2063938876043,4.60038945526718e-05
-1.20280342960548,4.59138664133106e-05
-1.19921297160666,4.60834932452309e-05
-1.19562251360784,4.60418408551137e-05
-1.19203205560901,4.60823866323471e-05
-1.18844159761019,4.61691974847722e-05
-1.18485113961137,4.63290496541477e-05
-1.18126068161255,4.64866602440698e-05
-1.17767022361372,4.62355026502397e-05
-1.1740797656149,4.65214663290971e-05
-1.17048930761608,4.65841957578713e-05
-1.16689884961726,4.65285543945179e-05
-1.16330839161844,4.69541071472061e-05
-1.15971793361961,4.6761202421869e-05
-1.15612747562079,4.69522960739221e-05
-1.15253701762197,4.68148984687076e-05
-1.14894655962315,4.71723880612568e-05
-1.14535610162432,4.75870075127081e-05
-1.1417656436255,4.70440511473574e-05
-1.13817518562668,4.75414411315795e-05
-1.13458472762786,4.73479775701799e-05
-1.13099426962903,4.7536588129989e-05
-1.12740381163021,4.7804444157857e-05
-1.12381335363139,4.75905515428859e-05
-1.12022289563257,4.78143456505242e-05
-1.11663243763374,4.72629433990591e-05
-1.11304197963492,4.7783938964521e-05
-1.1094515216361,4.8125779371872e-05
-1.10586106363728,4.75771899610007e-05
-1.10227060563846,4.78664992456779e-05
-1.09868014763963,4.73925896815152e-05
-1.09508968964081,4.79730791781291e-05
-1.09149923164199,4.81153360113491e-05
-1.08790877364317,4.79234879875681e-05
-1.08431831564434,4.82359171370324e-05
-1.08072785764552,4.74848641971756e-05
-1.0771373996467,4.84638323016739e-05
-1.07354694164788,4.85951011804258e-05
-1.06995648364905,4.86093382886027e-05
-1.06636602565023,4.87706143057783e-05
-1.06277556765141,4.80819405058945e-05
-1.05918510965259,4.92813446423713e-05
-1.05559465165377,4.92447182674686e-05
-1.05200419365494,4.95690248952683e-05
-1.04841373565612,4.92842897058165e-05
-1.0448232776573,4.89110338862475e-05
-1.04123281965848,4.98013037033655e-05
-1.03764236165965,4.97904422926027e-05
-1.03405190366083,5.00274640984028e-05
-1.03046144566201,4.97716206728826e-05
-1.02687098766319,4.89703794534034e-05
-1.02328052966436,4.9808905818349e-05
-1.01969007166554,4.99476631130112e-05
-1.01609961366672,5.01997222451678e-05
-1.0125091556679,4.94550451558577e-05
-1.00891869766907,4.89523969306141e-05
-1.00532823967025,4.99675659044541e-05
-1.00173778167143,4.96099483960298e-05
-0.998147323672608,5.016149210215e-05
-0.994556865673785,4.96301534341003e-05
-0.990966407674963,4.93696224187488e-05
-0.987375949676141,4.95432944216075e-05
-0.983785491677318,5.04141584738814e-05
-0.980195033678496,5.07942991783988e-05
-0.976604575679674,5.01425891882642e-05
-0.973014117680852,4.96903871035744e-05
-0.969423659682029,5.09743325151114e-05
-0.965833201683207,5.11232077453121e-05
-0.962242743684384,5.12254649908399e-05
-0.958652285685562,5.14095350279435e-05
-0.95506182768674,5.10665950352449e-05
-0.951471369687917,5.12646764464682e-05
-0.947880911689095,5.17072761574834e-05
-0.944290453690273,5.26153968365177e-05
-0.940699995691451,5.18231750495434e-05
-0.937109537692628,5.091654626278e-05
-0.933519079693806,5.20547965567493e-05
-0.929928621694984,5.2233605156517e-05
-0.926338163696161,5.19333105171411e-05
-0.922747705697339,5.19244031973978e-05
-0.919157247698516,5.15901079118035e-05
-0.915566789699694,5.1702161736477e-05
-0.911976331700872,5.14209105901783e-05
-0.90838587370205,5.25385645978605e-05
-0.904795415703227,5.20824366507957e-05
-0.901204957704405,5.07876479027799e-05
-0.897614499705583,5.21116666405933e-05
-0.89402404170676,5.21948523987783e-05
-0.890433583707938,5.24825623481423e-05
-0.886843125709115,5.20823525812704e-05
-0.883252667710293,5.23379170967275e-05
-0.879662209711471,5.27260094858002e-05
-0.876071751712649,5.19573662936754e-05
-0.872481293713826,5.37122941623591e-05
-0.868890835715004,5.33709551064742e-05
-0.865300377716182,5.26489968998531e-05
-0.861709919717359,5.32445173571076e-05
-0.858119461718537,5.35796334249373e-05
-0.854529003719715,5.41557894959595e-05
-0.850938545720892,5.32428766026788e-05
-0.84734808772207,5.39292590730857e-05
-0.843757629723248,5.40896936952724e-05
-0.840167171724425,5.32999059116066e-05
-0.836576713725603,5.45045485063074e-05
-0.832986255726781,5.39805289816545e-05
-0.829395797727958,5.3866723329349e-05
-0.825805339729136,5.38233537610439e-05
-0.822214881730314,5.40625816390244e-05
-0.818624423731491,5.47972132908927e-05
-0.815033965732669,5.36029632505111e-05
-0.811443507733847,5.43893313668465e-05
-0.807853049735024,5.42719263335042e-05
-0.804262591736202,5.41544435326656e-05
-0.80067213373738,5.46541448118227e-05
-0.797081675738557,5.45460560607328e-05
-0.793491217739735,5.47355194685277e-05
-0.789900759740913,5.43153467666186e-05
-0.78631030174209,5.48977368960031e-05
-0.782719843743268,5.53197410390677e-05
-0.779129385744446,5.49773306118191e-05
-0.775538927745623,5.54097492991232e-05
-0.771948469746801,5.52367027359547e-05
-0.768358011747979,5.53874161352947e-05
-0.764767553749156,5.55002574488542e-05
-0.761177095750334,5.56436406963207e-05
-0.757586637751512,5.59286064817607e-05
-0.753996179752689,5.55396455762617e-05
-0.750405721753867,5.59824814289222e-05
-0.746815263755045,5.60114294721648e-05
-0.743224805756222,5.581386263805e-05
-0.7396343477574,5.61230718647466e-05
-0.736043889758578,5.60039605012472e-05
-0.732453431759755,5.6293602857401e-05
-0.728862973760933,5.62500583233606e-05
-0.725272515762111,5.64697476088362e-05
-0.721682057763288,5.65889135291521e-05
-0.718091599764466,5.63950871408436e-05
-0.714501141765644,5.6835499757479e-05
-0.710910683766821,5.67841245426284e-05
-0.707320225767999,5.69395202918875e-05
-0.703729767769177,5.68314647439248e-05
-0.700139309770354,5.72169204422954e-05
-0.696548851771532,5.72430820362699e-05
-0.69295839377271,5.71913563483668e-05
-0.689367935773887,5.76077516171702e-05
-0.685777477775065,5.74578061976259e-05
-0.682187019776243,5.74566723998829e-05
-0.67859656177742,5.78935475166862e-05
-0.675006103778598,5.77248586403057e-05
-0.671415645779776,5.74870512256023e-05
-0.667825187780953,5.79845216666341e-05
-0.664234729782131,5.78119922477996e-05
-0.660644271783309,5.78164376762541e-05
-0.657053813784486,5.80856936019877e-05
-0.653463355785664,5.84498058083136e-05
-0.649872897786842,5.80322207875786e-05
-0.646282439788019,5.82192097366742e-05
-0.642691981789197,5.86167842146236e-05
-0.639101523790375,5.89551907643418e-05
-0.635511065791552,5.88200065627177e-05
-0.63192060779273,5.8607395679831e-05
-0.628330149793908,5.89502574077766e-05
-0.624739691795085,5.86369367342646e-05
-0.621149233796263,5.89128353414744e-05
-0.617558775797441,5.92326549899779e-05
-0.613968317798618,5.94371183358928e-05
-0.610377859799796,5.89488369761304e-05
-0.606787401800974,5.96210132331896e-05
-0.603196943802151,6.01694805485222e-05
-0.599606485803329,5.92739329458707e-05
-0.596016027804507,5.99897130524676e-05
-0.592425569805685,5.99159728286168e-05
-0.588835111806862,5.92427509216276e-05
-0.58524465380804,5.96601690239303e-05
-0.581654195809218,6.02585612616692e-05
-0.578063737810395,5.98420170790723e-05
-0.574473279811573,5.97889353911947e-05
-0.57088282181275,6.0467908429664e-05
-0.567292363813928,6.0684087962577e-05
-0.563701905815106,5.97532045632255e-05
-0.560111447816284,6.09256043243843e-05
-0.556520989817461,6.079345374043e-05
-0.552930531818639,6.01645491958564e-05
-0.549340073819817,5.98197224195445e-05
-0.545749615820994,6.06953325297327e-05
-0.542159157822172,6.16520598853658e-05
-0.53856869982335,6.11445539221916e-05
-0.534978241824527,6.13666219995868e-05
-0.531387783825705,6.20400634685859e-05
-0.527797325826883,6.26307281027855e-05
-0.52420686782806,6.11855645577427e-05
-0.520616409829238,6.17614463808902e-05
-0.517025951830416,6.13195083426954e-05
-0.513435493831593,6.2142740462575e-05
-0.509845035832771,6.2335628958958e-05
-0.506254577833949,6.22130653618797e-05
-0.502664119835126,6.03578610640905e-05
-0.499073661836304,6.23798790400408e-05
-0.495483203837482,6.22320455437614e-05
-0.491892745838659,6.29038448840828e-05
-0.488302287839837,6.29041093722186e-05
-0.484711829841015,6.22930155257478e-05
-0.481121371842192,6.29903770024903e-05
-0.47753091384337,6.44776096418839e-05
-0.473940455844548,6.28550879952155e-05
-0.470349997845725,6.26357277342657e-05
-0.466759539846903,6.3802307907746e-05
-0.463169081848081,6.23330950905693e-05
-0.459578623849258,6.32961966251519e-05
-0.455988165850436,6.24049420677548e-05
-0.452397707851614,6.23267379263004e-05
-0.448807249852791,6.19869716025148e-05
-0.445216791853969,6.3547184000954e-05
-0.441626333855147,6.37773397211631e-05
-0.438035875856324,6.45551983208425e-05
-0.434445417857502,6.39287057612855e-05
-0.43085495985868,6.79318402933681e-05
-0.427264501859857,6.30858629941655e-05
-0.423674043861035,6.56426473973042e-05
-0.420083585862213,6.51779550127565e-05
-0.41649312786339,6.0854727494702e-05
-0.412902669864568,6.26598943456467e-05
-0.409312211865746,6.27608531493114e-05
-0.405721753866923,6.4163446690716e-05
-0.402131295868101,6.47398558923737e-05
-0.398540837869279,6.36924081349136e-05
-0.394950379870456,6.19989836581506e-05
-0.391359921871634,6.5266105424084e-05
-0.387769463872812,6.44528036519652e-05
-0.384179005873989,6.30574724403814e-05
-0.380588547875167,6.47242007972568e-05
-0.376998089876345,6.15467400665058e-05
-0.373407631877522,5.94891701992021e-05
-0.3698171738787,6.24199551053005e-05
-0.366226715879878,6.58242476909492e-05
-0.362636257881055,6.40885036607737e-05
-0.359045799882233,6.20414971924599e-05
-0.355455341883411,6.20523676152013e-05
-0.351864883884588,6.17933258146191e-05
-0.348274425885766,6.33647801530013e-05
-0.344683967886944,6.22014043685969e-05
-0.341093509888121,6.22414905262585e-05
-0.337503051889299,6.32512835045215e-05
-0.333912593890477,6.61366939680328e-05
-0.330322135891654,6.05435296213573e-05
-0.326731677892832,6.53426437385629e-05
-0.32314121989401,6.42267651965658e-05
-0.319550761895187,6.68946273226038e-05
-0.315960303896365,6.42224215349533e-05
-0.312369845897543,6.68480017725227e-05
-0.30877938789872,6.17187856354195e-05
-0.305188929899898,6.57959458349273e-05
-0.301598471901076,6.59654198481178e-05
-0.298008013902253,6.07249824438381e-05
-0.294417555903431,6.23998256801325e-05
-0.290827097904609,6.64516953637033e-05
-0.287236639905786,7.02235591565556e-05
-0.283646181906964,6.92410777025131e-05
-0.280055723908142,6.27760452814417e-05
-0.276465265909319,6.37120456479907e-05
-0.272874807910497,6.00851357178957e-05
-0.269284349911675,6.10514235345621e-05
-0.265693891912852,6.02793136830534e-05
-0.26210343391403,6.27441107403518e-05
-0.258512975915208,6.6781087545217e-05
-0.254922517916385,7.35684879317339e-05
-0.251332059917563,6.72734867784714e-05
-0.247741601918741,6.24127582885877e-05
-0.244151143919918,5.48985445629608e-05
-0.240560685921096,6.08189682582614e-05
-0.236970227922274,6.25589194246078e-05
-0.233379769923451,6.64181017302188e-05
-0.229789311924629,6.21037032321373e-05
-0.226198853925807,6.84386180440284e-05
-0.222608395926984,5.7668848570834e-05
-0.219017937928162,6.04250547500883e-05
-0.21542747992934,7.4008941991764e-05
-0.211837021930517,4.86125225236706e-05
-0.208246563931695,6.37287723983966e-05
-0.204656105932873,5.61857860163639e-05
-0.20106564793405,5.65677514530984e-05
-0.197475189935228,5.38536955199619e-05
-0.193884731936406,4.58333340978449e-05
-0.190294273937583,6.67017386886887e-05
-0.186703815938761,6.60741862783083e-05
-0.183113357939939,5.81897348337899e-05
-0.179522899941117,6.71408529124468e-05
-0.175932441942294,5.61738214650282e-05
-0.172341983943472,6.7560764874045e-05
-0.16875152594465,6.14051312655362e-05
-0.165161067945827,6.8989510204878e-05
-0.161570609947005,5.58070715819356e-05
-0.157980151948183,6.89629509201577e-05
-0.15438969394936,7.05259156415825e-05
-0.150799235950538,7.4195593675815e-05
-0.147208777951716,7.6985409232466e-05
-0.143618319952893,7.31354763084658e-05
-0.140027861954071,4.10267411605601e-05
-0.136437403955249,5.80526955004885e-05
-0.132846945956426,4.87026237126617e-05
-0.129256487957604,2.92353034893524e-05
-0.125666029958782,0.00011083220352407
-0.122075571959959,3.78526894599571e-05
-0.118485113961137,8.67040887388972e-05
-0.114894655962315,4.09385568742671e-05
-0.111304197963492,2.8942759381275e-05
-0.10771373996467,0.000102603946501266
-0.104123281965848,6.8217232911177e-05
-0.100532823967025,5.36103682716819e-05
-0.0969423659682029,0.000107995651085828
-0.0933519079693806,0.000128632963005774
-0.0897614499705583,0.000183622317314643
-0.0861709919717359,8.16764877921879e-05
-0.0825805339729136,0.00013385014325338
-0.0789900759740913,0.00017752278741202
-0.0753996179752689,8.32937271663957e-05
-0.0718091599764466,0.000149343490184265
-0.0682187019776243,0.000125680933595073
-0.0646282439788019,0.000202116557363125
-0.0610377859799796,0.000226471493692522
-0.0574473279811573,0.000413322995292028
-0.053856869982335,0.000730524090100917
-0.0502664119835126,0.000389335121948284
-0.0466759539846903,0.00011186532961805
-0.043085495985868,0.000738018073068489
-0.0394950379870456,0.000637818197219321
-0.0359045799882233,0.000178326182942861
-0.032314121989401,0.00197238555474022
-0.0287236639905786,0.00161363805353641
-0.0251332059917563,0.00157817910149159
-0.021542747992934,0.00357747274180322
-0.0179522899941117,0.00271368553751137
-0.0143618319952893,0.00233594751388452
-0.010771373996467,0.00303708358247548
-0.00718091599764466,0.0014501261413655
-0.00359045799882233,0.00516586783480792
0,0.00719949601422528
0.00359045799882233,0.00211465562666361
0.00718091599764466,0.00273036599191372
0.010771373996467,0.00230822192332107
0.0143618319952893,0.00904404107400174
0.0179522899941117,0.00154438609024543
0.021542747992934,0.00123931101268608
0.0251332059917563,0.00167606702439144
0.0287236639905786,0.000330559879174055
0.032314121989401,0.0022124728164676
0.0359045799882233,0.00087385453688175
0.0394950379870456,0.000675457047573329
0.043085495985868,0.000548689709227002
0.0466759539846903,0.000569788295531304
0.0502664119835126,0.000674172950217219
0.053856869982335,0.000147831832046016
0.0574473279811573,0.000370639690655486
0.0610377859799796,0.000314305821500332
0.0646282439788019,0.000298176323025271
0.0682187019776243,0.000303587297778767
0.0718091599764466,0.000137674211733675
0.0753996179752689,0.000261451695883045
0.0789900759740913,0.000132572116055915
0.0825805339729136,9.33345440599133e-05
0.0861709919717359,0.000320554420628575
0.0897614499705583,0.000159696485506123
0.0933519079693806,0.000310296272714915
0.0969423659682029,0.000183006811315214
0.100532823967025,0.000323768682181301
0.104123281965848,0.000186326970718957
0.10771373996467,0.000111799969145406
0.111304197963492,0.000393371137382057
0.114894655962315,7.76468059786681e-05
0.118485113961137,0.00020191960898539
0.122075571959959,0.000263174044693953
0.125666029958782,0.000242547630785069
0.129256487957604,0.000185585346723611
0.132846945956426,0.000137695125843449
0.136437403955249,0.000231284753460961
0.140027861954071,0.000172001164800567
0.143618319952893,0.000152556057783883
0.147208777951716,0.00023244093885582
0.150799235950538,0.0001849872365809
0.15438969394936,0.000180213115029508
0.157980151948183,0.000147000856671901
0.161570609947005,0.000192062165962568
0.165161067945827,0.000179154393875724
0.16875152594465,0.000146581878975114
0.172341983943472,0.000190952590290283
0.175932441942294,0.000150971246315541
0.179522899941117,0.000187069032916245
0.183113357939939,0.000187107244290996
0.186703815938761,0.000186669143090688
0.190294273937583,0.000175233749915366
0.193884731936406,0.000172438765744621
0.197475189935228,0.000218621227383584
0.20106564793405,0.000161677168369915
0.204656105932873,0.000166056408401267
0.208246563931695,0.000181842963206608
0.211837021930517,0.000194422970799937
0.21542747992934,0.000182849034867527
0.219017937928162,0.000177643245065495
0.222608395926984,0.000177828714087993
0.226198853925807,0.000185926151542381
0.229789311924629,0.000174364125624989
0.233379769923451,0.000170417164295317
0.236970227922274,0.000170610566116665
0.240560685921096,0.000169710931416
0.244151143919918,0.000188547291405464
0.247741601918741,0.00019247528230121
0.251332059917563,0.000174042948394624
0.254922517916385,0.000181680079907321
0.258512975915208,0.000182750621354131
0.26210343391403,0.000169962386418003
0.265693891912852,0.000176122820372068
0.269284349911675,0.000187788594900998
0.272874807910497,0.000194000279343822
0.276465265909319,0.000176942498756636
0.280055723908142,0.000186333030529464
0.283646181906964,0.00019053640278982
0.287236639905786,0.000186404231813337
0.290827097904609,0.000196459084085406
0.294417555903431,0.000187290614789041
0.298008013902253,0.000180504523362551
0.301598471901076,0.000193741813662847
0.305188929899898,0.000189132074895834
0.30877938789872,0.000190858069397979
0.312369845897543,0.000189913088601956
0.315960303896365,0.00019541428170347
0.319550761895187,0.000187680325113802
0.32314121989401,0.000192102673308213
0.326731677892832,0.000185123982990808
0.330322135891654,0.000196927150153236
0.333912593890477,0.000194062589492311
0.337503051889299,0.000197587172943261
0.341093509888121,0.00019974665838354
0.344683967886944,0.000195747932789454
0.348274425885766,0.000194415119417287
0.351864883884588,0.000198955007676926
0.355455341883411,0.000198323493097578
0.359045799882233,0.000194920108280805
0.362636257881055,0.000203547577433756
0.366226715879878,0.000194460623617415
0.3698171738787,0.000204466686335613
0.373407631877522,0.000200384450487523
0.376998089876345,0.000208026808075974
0.380588547875167,0.000197931376814974
0.384179005873989,0.000193727348112388
0.387769463872812,0.000213099864774771
0.391359921871634,0.000200439770567231
0.394950379870456,0.000203045318490284
0.398540837869279,0.000204480267526688
0.402131295868101,0.000211728213702652
0.405721753866923,0.000211435854634085
0.409312211865746,0.000207048960555283
0.412902669864568,0.000215778999416926
0.41649312786339,0.00021496892196948
0.420083585862213,0.000206648339749843
0.423674043861035,0.000215869627977716
0.427264501859857,0.000216719297204037
0.43085495985868,0.000220407019954209
0.434445417857502,0.000213724741964066
0.438035875856324,0.000224337267643056
0.441626333855147,0.000219003304650204
0.445216791853969,0.00022526219839454
0.448807249852791,0.000222451429205919
0.452397707851614,0.000221748585546416
0.455988165850436,0.000223744038863243
0.459578623849258,0.000231301636640195
0.463169081848081,0.000227525394959479
0.466759539846903,0.000227250057621286
0.470349997845725,0.000233692159148966
0.473940455844548,0.00022999612638662
0.47753091384337,0.00023222779508922
0.481121371842192,0.000228669961535873
0.484711829841015,0.000235263439704021
0.488302287839837,0.000239223220445677
0.491892745838659,0.000241448961209537
0.495483203837482,0.000240369498238979
0.499073661836304,0.000238501428275661
0.502664119835126,0.000240694773803587
0.506254577833949,0.000244793409995307
0.509845035832771,0.000246949305644119
0.513435493831593,0.000250177208293731
0.517025951830416,0.000254839418805732
0.520616409829238,0.000252821572313271
0.52420686782806,0.000253887180849798
0.527797325826883,0.000256474142805716
0.531387783825705,0.000260306017045547
0.534978241824527,0.000259514546626822
0.53856869982335,0.000260342410633967
0.542159157822172,0.000267141460670438
0.545749615820994,0.00026651075699476
0.549340073819817,0.000265295641354873
0.552930531818639,0.000268452178061294
0.556520989817461,0.00026971543275683
0.560111447816284,0.000275238714446967
0.563701905815106,0.000275277308832884
0.567292363813928,0.00027589201701192
0.57088282181275,0.000275813193518466
0.574473279811573,0.000279680117137629
0.578063737810395,0.000284307362744366
0.581654195809218,0.000285073424426286
0.58524465380804,0.000284742027652493
0.588835111806862,0.000282865376096912
0.592425569805685,0.000291840984720609
0.596016027804507,0.000296948691247031
0.599606485803329,0.000298838926355914
0.603196943802151,0.000301250311870793
0.606787401800974,0.000300716409441913
0.610377859799796,0.000304940523014783
0.613968317798618,0.000307718473106075
0.617558775797441,0.000308814901780692
0.621149233796263,0.00031297971599649
0.624739691795085,0.000310802370384324
0.628330149793908,0.000317790425286208
0.63192060779273,0.000319745109451722
0.635511065791552,0.000323165536845593
0.639101523790375,0.0003301118527751
0.642691981789197,0.000331672616864488
0.646282439788019,0.000334777526131506
0.649872897786842,0.0003383871679125
0.653463355785664,0.000338458613111554
0.657053813784486,0.0003408777769898
0.660644271783309,0.000349089823755696
0.664234729782131,0.00034882073071493
0.667825187780953,0.000353632304557888
0.671415645779776,0.00035884529721412
0.675006103778598,0.000361685322277813
0.67859656177742,0.000365660481061541
0.682187019776243,0.000369262134606438
0.685777477775065,0.000372828789323814
0.689367935773887,0.000377555793838118
0.69295839377271,0.000382045585650561
0.696548851771532,0.000383363899914787
0.700139309770354,0.000392570257624673
0.703729767769177,0.000392555045273206
0.707320225767999,0.000400605148568599
0.710910683766821,0.000406188608604447
0.714501141765644,0.000408183809221047
0.718091599764466,0.000413924683105914
0.721682057763288,0.000421165096876473
0.725272515762111,0.000425648200469611
0.728862973760933,0.000429929995888937
0.732453431759755,0.000436909455320237
0.736043889758578,0.000444092825981103
0.7396343477574,0.000449231004271948
0.743224805756222,0.000454717640457923
0.746815263755045,0.000461781684347076
0.750405721753867,0.000467217338915005
0.753996179752689,0.000475609624555803
0.757586637751512,0.000477306098506282
0.761177095750334,0.00048807892853874
0.764767553749156,0.000497363534359684
0.768358011747979,0.000500386483529399
0.771948469746801,0.000510358802801495
0.775538927745623,0.000519751903999059
0.779129385744446,0.000524996834258858
0.782719843743268,0.000532243898966864
0.78631030174209,0.000542664332077061
0.789900759740913,0.00055227521431819
0.793491217739735,0.000561469459284915
0.797081675738557,0.000572066417736542
0.80067213373738,0.000580926982115769
0.804262591736202,0.000592472716234179
0.807853049735024,0.000601772830013515
0.811443507733847,0.000613251804158391
0.815033965732669,0.000624221909530722
0.818624423731491,0.000635854673228855
0.822214881730314,0.000651404946381406
0.825805339729136,0.000665287330416006
0.829395797727958,0.000678046721824572
0.832986255726781,0.000693073475087356
0.836576713725603,0.000709486258953606
0.840167171724425,0.000721912541825629
0.843757629723248,0.000736714524975454
0.84734808772207,0.000756552331966714
0.850938545720892,0.000773250210395868
0.854529003719715,0.0007910586678615
0.858119461718537,0.000815793241035087
0.861709919717359,0.000836058476412213
0.865300377716182,0.00085446594085198
0.868890835715004,0.000879797430103603
0.872481293713826,0.000904089507045062
0.876071751712649,0.000930271954599422
0.879662209711471,0.000955795806678586
0.883252667710293,0.000988968159838819
0.886843125709115,0.00101668397679793
0.890433583707938,0.00104954941348006
0.89402404170676,0.00108569341847799
0.897614499705583,0.00112405963017022
0.901204957704405,0.00116396798770125
0.904795415703227,0.00120692681224945
0.90838587370205,0.00125570267536758
0.911976331700872,0.0013067064623744
0.915566789699694,0.00135497706771724
0.919157247698516,0.00142109148232621
0.922747705697339,0.00148637655794228
0.926338163696161,0.00155844142104126
0.929928621694984,0.00163662275134166
0.933519079693806,0.00172536255325723
0.937109537692628,0.00182313991931963
0.940699995691451,0.00193003618590507
0.944290453690273,0.00206032284615686
0.947880911689095,0.0022012497732571
0.951471369687917,0.00236017397825177
0.95506182768674,0.00254903595774342
0.958652285685562,0.00277179125584195
0.962242743684384,0.00303166194191624
0.965833201683207,0.0033475835714175
0.969423659682029,0.00374342948858309
0.973014117680852,0.0042406805206535
0.976604575679674,0.0048860562833194
0.980195033678496,0.00577565112972483
0.983785491677318,0.00705182752704141
0.987375949676141,0.00905380490093488
0.990966407674963,0.0126489333077672
0.994556865673785,0.0209938955841095
0.998147323672608,0.0616627368650632
1.00173778167143,0.0657085637307248
1.00532823967025,0.0214252594887023
1.00891869766907,0.0127964291957954
1.0125091556679,0.00912319281546109
1.01609961366672,0.00708663424851734
1.01969007166554,0.00579428574971808
1.02328052966436,0.00489866862741908
1.02687098766319,0.00424569737179648
1.03046144566201,0.0037418917994563
1.03405190366083,0.00334593532828622
1.03764236165965,0.00302878051032729
1.04123281965848,0.00276331237865464
1.0448232776573,0.00253948884426319
1.04841373565612,0.00235190657167675
1.05200419365494,0.00218871940561788
1.05559465165377,0.00204673262276942
1.05918510965259,0.00192119846652907
1.06277556765141,0.00181554635842191
1.06636602565023,0.00171300865856616
1.06995648364905,0.00162350301573432
1.07354694164788,0.00154729386538541
1.0771373996467,0.00147496070400521
1.08072785764552,0.00140781151802329
1.08431831564434,0.00134610722235506
1.08790877364317,0.00129299734207872
1.09149923164199,0.00124159864154625
1.09508968964081,0.00119507757214818
1.09868014763963,0.00115183526879171
1.10227060563846,0.00110916719774635
1.10586106363728,0.00107172155331868
1.1094515216361,0.00103971053097267
1.11304197963492,0.0010040846584934
1.11663243763374,0.000974232361572313
1.12022289563257,0.000943391028806717
1.12381335363139,0.00091676248957909
1.12740381163021,0.000891878607405084
1.13099426962903,0.00086506604433426
1.13458472762786,0.00084383916508148
1.13817518562668,0.000819684757276123
1.1417656436255,0.000798729051000692
1.14535610162432,0.000779351502702796
1.14894655962315,0.000761220734275066
1.15253701762197,0.00074215224363728
1.15612747562079,0.000723864529248354
1.15971793361961,0.000711094272490764
1.16330839161844,0.000692016266111478
1.16689884961726,0.000676278665796393
1.17048930761608,0.000665140254863017
1.1740797656149,0.000649810089298126
1.17767022361372,0.000635538834496567
1.18126068161255,0.000623286416379676
1.18485113961137,0.000613260432900871
1.18844159761019,0.000600242250646703
1.19203205560901,0.000588368250322925
1.19562251360784,0.000579118049690095
1.19921297160666,0.00056720303699202
1.20280342960548,0.000555925117987435
1.2063938876043,0.000547730917889101
1.20998434560313,0.000539238323510842
1.21357480360195,0.000528384466965606
1.21716526160077,0.000519689915579753
1.22075571959959,0.000512321970619776
1.22434617759841,0.000504465347625381
1.22793663559724,0.000494831306778756
1.23152709359606,0.000487336691716367
1.23511755159488,0.000480466938950246
1.2387080095937,0.000471999094161792
1.24229846759253,0.000465097110571308
1.24588892559135,0.000458962041182936
1.24947938359017,0.00045370482196169
1.25306984158899,0.000444816088458065
1.25666029958782,0.000439844790937188
1.26025075758664,0.000432729646962063
1.26384121558546,0.000426925535581692
1.26743167358428,0.000421629770387753
1.2710221315831,0.000415587681896971
1.27461258958193,0.000410350904777788
1.27820304758075,0.000405063219852975
1.28179350557957,0.000399407805381001
1.28538396357839,0.000395349661353703
1.28897442157722,0.000389981609038657
1.29256487957604,0.000383862127846257
1.29615533757486,0.000381110969832203
1.29974579557368,0.000374392257034604
1.30333625357251,0.000370365202479621
1.30692671157133,0.000366357601450359
1.31051716957015,0.000362851255201555
1.31410762756897,0.000358940259268713
1.3176980855678,0.000354273121653185
1.32128854356662,0.000350081261022879
1.32487900156544,0.000346146772723981
1.32846945956426,0.000342173132134689
1.33205991756308,0.000338401297889233
1.33565037556191,0.000335622995113023
1.33924083356073,0.000331666345337031
1.34283129155955,0.000327956213537355
1.34642174955837,0.000324184010229426
1.3500122075572,0.000320457109479209
1.35360266555602,0.000319076073047038
1.35719312355484,0.000313933216946141
1.36078358155366,0.000311731775882168
1.36437403955249,0.000308252577196563
1.36796449755131,0.000304708405450112
1.37155495555013,0.000301927916441155
1.37514541354895,0.000299150174176809
1.37873587154777,0.000296034976976388
1.3823263295466,0.000292787776215541
1.38591678754542,0.000289912500988352
1.38950724554424,0.000287243166028025
1.39309770354306,0.000285719237617078
1.39668816154189,0.000282332863757041
1.40027861954071,0.000280402295168869
1.40386907753953,0.000278381758897134
1.40745953553835,0.000274644445965232
1.41104999353718,0.000272850029597861
1.414640451536,0.000270565632725603
1.41823090953482,0.000268066275071856
1.42182136753364,0.000264826624600926
1.42541182553247,0.000263562892827825
1.42900228353129,0.000261475708513872
1.43259274153011,0.000259937079016937
1.43618319952893,0.000256713853452047
1.43977365752775,0.000255040527259621
1.44336411552658,0.000252374034567375
1.4469545735254,0.000249509243894838
1.45054503152422,0.000248261874321422
1.45413548952304,0.000246908054118004
1.45772594752187,0.000244778234169142
1.46131640552069,0.00024258986123146
1.46490686351951,0.000241204833072892
1.46849732151833,0.000239042041691574
1.47208777951716,0.000237266034030976
1.47567823751598,0.00023566208949725
1.4792686955148,0.000232418804777024
1.48285915351362,0.000232271643424091
1.48644961151244,0.000229849132892596
1.49004006951127,0.000228245233046166
1.49363052751009,0.000226611291436182
1.49722098550891,0.000226011711761159
1.50081144350773,0.000222818875427342
1.50440190150656,0.000221282658165672
1.50799235950538,0.000219683204757038
1.5115828175042,0.000219283373592814
1.51517327550302,0.000216245776633106
1.51876373350185,0.000215280202950064
1.52235419150067,0.00021412401084847
1.52594464949949,0.000212222198454233
1.52953510749831,0.000211367638149989
1.53312556549713,0.000209701151854281
1.53671602349596,0.000208240341235599
1.54030648149478,0.000206768313778801
1.5438969394936,0.000206147977312016
1.54748739749242,0.000204043829865422
1.55107785549125,0.000202815961263592
1.55466831349007,0.000200891869550193
1.55825877148889,0.000199740946090277
1.56184922948771,0.000198976041624068
1.56543968748654,0.000197945283167197
1.56903014548536,0.000196564775350919
1.57262060348418,0.000194480910436452
1.576211061483,0.000193624905207496
1.57980151948183,0.000192370533638696
1.58339197748065,0.00019192633486533
1.58698243547947,0.000189387303253266
1.59057289347829,0.000189569928069605
1.59416335147711,0.000186991361948473
1.59775380947594,0.000187292207619375
1.60134426747476,0.000185457225669361
1.60493472547358,0.000184622499442919
1.6085251834724,0.000183841391116906
1.61211564147123,0.000182087430586757
1.61570609947005,0.000180821663151343
1.61929655746887,0.000179988176710901
1.62288701546769,0.000179099981955624
1.62647747346652,0.000177591745749023
1.63006793146534,0.000176743258119446
1.63365838946416,0.000175598647546131
1.63724884746298,0.000175479969104832
1.6408393054618,0.000173550989274565
1.64442976346063,0.000172986691675169
1.64802022145945,0.000171971199710012
1.65161067945827,0.000171046789437638
1.65520113745709,0.000169858224158963
1.65879159545592,0.000168703127098004
1.66238205345474,0.000167618813179983
1.66597251145356,0.000167479608733454
1.66956296945238,0.00016665469243583
1.67315342745121,0.000165075664073352
1.67674388545003,0.000164784407340302
1.68033434344885,0.000163567557871268
1.68392480144767,0.00016280071591635
1.6875152594465,0.000161998658276848
1.69110571744532,0.000161418270080536
1.69469617544414,0.00015929919421543
1.69828663344296,0.000158890737892646
1.70187709144178,0.000158944244725783
1.70546754944061,0.000157740926683694
1.70905800743943,0.000156810791616909
1.71264846543825,0.000156073158783914
1.71623892343707,0.00015598173332365
1.7198293814359,0.000154473551201165
1.72341983943472,0.000153163418547523
1.72701029743354,0.000153157475446938
1.73060075543236,0.000152558161172129
1.73419121343119,0.000151014729413859
1.73778167143001,0.000151385155037879
1.74137212942883,0.000150410713322821
1.74496258742765,0.00014861045725457
1.74855304542647,0.000148524187428722
1.7521435034253,0.000147884399048782
1.75573396142412,0.000147066135518494
1.75932441942294,0.00014629896393548
1.76291487742176,0.000145895401293883
1.76650533542059,0.000145748806324879
1.77009579341941,0.000144849050550246
1.77368625141823,0.000143532917853124
1.77727670941705,0.00014311751179002
1.78086716741588,0.000142183292052909
1.7844576254147,0.000141500885368574
1.78804808341352,0.000141421164806972
1.79163854141234,0.000140404197459057
1.79522899941117,0.000139524476017886
1.79881945740999,0.000139404375314862
1.80240991540881,0.000138239825504867
1.80600037340763,0.000137827085333251
1.80959083140645,0.000137529350273283
1.81318128940528,0.000136648125578106
1.8167717474041,0.000135871947093717
1.82036220540292,0.000134983972600628
1.82395266340174,0.000135020780599547
1.82754312140057,0.000134055136374267
1.83113357939939,0.000133054138219836
1.83472403739821,0.00013300604939879
1.83831449539703,0.000131943017641864
1.84190495339586,0.000131683749553344
1.84549541139468,0.000131125574671666
1.8490858693935,0.00013106708711718
1.85267632739232,0.000130612271142848
1.85626678539114,0.000129011137437309
1.85985724338997,0.00012921932194889
1.86344770138879,0.000129010337633714
1.86703815938761,0.000127995710148341
1.87062861738643,0.000127485522440639
1.87421907538526,0.000127132177038465
1.87780953338408,0.000126763688400067
1.8813999913829,0.000125490095832998
1.88499044938172,0.000125604050794237
1.88858090738055,0.000124743841755141
1.89217136537937,0.00012416985499655
1.89576182337819,0.000124196209865228
1.89935228137701,0.000123343831656119
1.90294273937583,0.000122409400603558
1.90653319737466,0.00012192272730159
1.91012365537348,0.00012156567455662
1.9137141133723,0.000121658238163911
1.91730457137112,0.000120156526646015
1.92089502936995,0.000120629222269216
1.92448548736877,0.00011974976727494
1.92807594536759,0.000119040966708819
1.93166640336641,0.000119031365074643
1.93525686136524,0.000118888855100802
1.93884731936406,0.000117462674813144
1.94243777736288,0.000117018609711819
1.9460282353617,0.0001172361183752
1.94961869336053,0.000116591863729724
1.95320915135935,0.000116456790226121
1.95679960935817,0.00011584558668094
1.96039006735699,0.000115437780311318
1.96398052535581,0.000115579341866677
1.96757098335464,0.000113940402368093
1.97116144135346,0.000114050559491272
1.97475189935228,0.000113375242980414
1.9783423573511,0.000113385312765632
1.98193281534993,0.000112956391623731
1.98552327334875,0.000112412175379844
1.98911373134757,0.000111828939017883
1.99270418934639,0.000112321805041455
1.99629464734522,0.000111106870183589
1.99988510534404,0.000110993292739047
2.00347556334286,0.000110851967530561
2.00706602134168,0.000109434570180645
2.01065647934051,0.000109454451790031
2.01424693733933,0.00010882258758567
2.01783739533815,0.000108917346968724
2.02142785333697,0.000109388220994427
2.02501831133579,0.000107634888164019
2.02860876933462,0.00010761460536797
2.03219922733344,0.000106391695073703
2.03578968533226,0.00010687070734935
2.03938014333108,0.00010597047457604
2.04297060132991,0.000105283615595174
2.04656105932873,0.00010575663576555
2.05015151732755,0.00010509497456976
2.05374197532637,0.000104594584667031
2.05733243332519,0.000105118297595763
2.06092289132402,0.000104709085489573
2.06451334932284,0.000103849962346804
2.06810380732166,0.000103828093931924
2.07169426532048,0.000103582508177908
2.07528472331931,0.000102986774816934
2.07887518131813,0.000102171076712323
2.08246563931695,0.000101499914731115
2.08605609731577,0.000101928623543988
2.0896465553146,0.000101489497007078
2.09323701331342,0.0001013710266118
2.09682747131224,0.000100204764725873
2.10041792931106,0.000100368195094982
2.10400838730989,9.98745393514541e-05
2.10759884530871,9.95781383775068e-05
2.11118930330753,9.92907892878798e-05
2.11477976130635,9.96158519121941e-05
2.11837021930517,9.94829394264054e-05
2.121960677304,9.83110504742764e-05
2.12555113530282,9.75279372875174e-05
2.12914159330164,9.75906666010596e-05
2.13273205130046,9.78053279655272e-05
2.13632250929929,9.72344772345211e-05
2.13991296729811,9.65043111732845e-05
2.14350342529693,9.62170139089862e-05
2.14709388329575,9.63655947317988e-05
2.15068434129458,9.6176846847499e-05
2.1542747992934,9.56544411820778e-05
2.15786525729222,9.57060157973459e-05
2.16145571529104,9.54256468250191e-05
2.16504617328986,9.50020807552417e-05
2.16863663128869,9.45042066426535e-05
2.17222708928751,9.41416573600388e-05
2.17581754728633,9.42239636942545e-05
2.17940800528515,9.37579911145404e-05
2.18299846328398,9.35165304582098e-05
2.1865889212828,9.35614302471755e-05
2.19017937928162,9.25404366567029e-05
2.19376983728044,9.2551572858222e-05
2.19736029527927,9.23423911421359e-05
2.20095075327809,9.17579969600588e-05
2.20454121127691,9.15190391774016e-05
2.20813166927573,9.16013027166363e-05
2.21172212727456,9.1343098224038e-05
2.21531258527338,9.07827132155596e-05
2.2189030432722,9.04923227460881e-05
2.22249350127102,9.00185489372915e-05
2.22608395926984,9.04026279036098e-05
2.22967441726867,8.94891157313209e-05
2.23326487526749,8.91758652051605e-05
2.23685533326631,8.95373987697621e-05
2.24044579126513,8.95415658838159e-05
2.24403624926396,8.88247712141073e-05
2.24762670726278,8.8542959092873e-05
2.2512171652616,8.80933061944581e-05
2.25480762326042,8.79048280950152e-05
2.25839808125925,8.78771038939259e-05
2.26198853925807,8.68783918122651e-05
2.26557899725689,8.68607631378459e-05
2.26916945525571,8.70499640979575e-05
2.27275991325454,8.75303758019441e-05
2.27635037125336,8.63512345905552e-05
2.27994082925218,8.60390816129819e-05
2.283531287251,8.54607787440668e-05
2.28712174524982,8.60110454407564e-05
2.29071220324865,8.55351695779067e-05
2.29430266124747,8.55948802785787e-05
2.29789311924629,8.51690572179087e-05
2.30148357724511,8.49747383235329e-05
2.30507403524394,8.42816863791312e-05
2.30866449324276,8.41131559013761e-05
2.31225495124158,8.41071888869237e-05
2.3158454092404,8.40044742621556e-05
2.31943586723923,8.38386729383692e-05
2.32302632523805,8.34589630655883e-05
2.32661678323687,8.32713430925854e-05
2.33020724123569,8.26668039917488e-05
2.33379769923451,8.28193765604105e-05
2.33738815723334,8.22084156635621e-05
2.34097861523216,8.19801219843945e-05
2.34456907323098,8.21468934834299e-05
2.3481595312298,8.142566779226e-05
2.35174998922863,8.11512565335615e-05
2.35534044722745,8.13677414863845e-05
2.35893090522627,8.10087333330384e-05
2.36252136322509,8.06178423956218e-05
2.36611182122392,8.07168386364485e-05
2.36970227922274,8.0485970659034e-05
2.37329273722156,8.00919595249869e-05
2.37688319522038,7.97280706235324e-05
2.38047365321921,7.97686593424113e-05
2.38406411121803,7.99691925067756e-05
2.38765456921685,7.91229787956016e-05
2.39124502721567,7.93440599243827e-05
2.39483548521449,7.89345483865888e-05
2.39842594321332,7.92064196336987e-05
2.40201640121214,7.80701576186441e-05
2.40560685921096,7.83091274690049e-05
2.40919731720978,7.86333308197641e-05
2.41278777520861,7.79383050315077e-05
2.41637823320743,7.798191465715e-05
2.41996869120625,7.73266077993459e-05
2.42355914920507,7.70416452415963e-05
2.4271496072039,7.67636030734386e-05
2.43074006520272,7.7152721247227e-05
2.43433052320154,7.68958864229306e-05
2.43792098120036,7.66725106775423e-05
2.44151143919918,7.68020500744524e-05
2.44510189719801,7.63268788563848e-05
2.44869235519683,7.6355858870789e-05
2.45228281319565,7.56789092726877e-05
2.45587327119447,7.59385982047757e-05
2.4594637291933,7.53716671812511e-05
2.46305418719212,7.50940220435258e-05
2.46664464519094,7.444805219831e-05
2.47023510318976,7.47292679699464e-05
2.47382556118859,7.4470282249718e-05
2.47741601918741,7.42416427167396e-05
2.48100647718623,7.39785798821249e-05
2.48459693518505,7.3618131780954e-05
2.48818739318387,7.38943037109353e-05
2.4917778511827,7.38282777392272e-05
2.49536830918152,7.32196476976966e-05
2.49895876718034,7.38038449677554e-05
2.50254922517916,7.33786404278667e-05
2.50613968317799,7.31195788584124e-05
2.50973014117681,7.29985497143845e-05
2.51332059917563,7.23753728447475e-05
2.51691105717445,7.27350329224139e-05
2.52050151517328,7.24910790272982e-05
2.5240919731721,7.24385730194398e-05
2.52768243117092,7.20589100881088e-05
2.53127288916974,7.16438362084044e-05
2.53486334716857,7.15060271227942e-05
2.53845380516739,7.13172678590608e-05
2.54204426316621,7.12806460860517e-05
2.54563472116503,7.11748558685456e-05
2.54922517916385,7.12096869112237e-05
2.55281563716268,7.10939872515878e-05
2.5564060951615,7.08102186461928e-05
2.55999655316032,7.01077525996651e-05
2.56358701115914,7.02070493118361e-05
2.56717746915797,7.00880535235723e-05
2.57076792715679,6.99364132647951e-05
2.57435838515561,7.00024779385998e-05
2.57794884315443,6.9412486273354e-05
2.58153930115326,6.96700293795515e-05
2.58512975915208,6.92031450527615e-05
2.5887202171509,6.90347196594401e-05
2.59231067514972,6.90474626781604e-05
2.59590113314854,6.88516719609057e-05
2.59949159114737,6.88560432526996e-05
2.60308204914619,6.86025601765632e-05
2.60667250714501,6.81962747531039e-05
2.61026296514383,6.81205912330532e-05
2.61385342314266,6.81984778881019e-05
2.61744388114148,6.80669444803795e-05
2.6210343391403,6.76731242424745e-05
2.62462479713912,6.77208875318442e-05
2.62821525513795,6.75562496410412e-05
2.63180571313677,6.72143983009801e-05
2.63539617113559,6.71482749141274e-05
2.63898662913441,6.70403253928303e-05
2.64257708713324,6.70666175837112e-05
2.64616754513206,6.67695279479093e-05
2.64975800313088,6.65338481646024e-05
2.6533484611297,6.62068267603249e-05
2.65693891912852,6.64472248796193e-05
2.66052937712735,6.59868810070579e-05
2.66411983512617,6.6052278272581e-05
2.66771029312499,6.58253153573061e-05
2.67130075112381,6.57321858127335e-05
2.67489120912264,6.57275828219963e-05
2.67848166712146,6.51417433275858e-05
2.68207212512028,6.50308530328555e-05
2.6856625831191,6.53678766238105e-05
2.68925304111792,6.49722686634045e-05
2.69284349911675,6.46407489048037e-05
2.69643395711557,6.47056368116844e-05
2.70002441511439,6.45030572283467e-05
2.70361487311321,6.45418777016311e-05
2.70720533111204,6.42770313095364e-05
2.71079578911086,6.40805010972622e-05
2.71438624710968,6.42414113970016e-05
2.7179767051085,6.40107393553687e-05
2.72156716310733,6.36894207469099e-05
2.72515762110615,6.37141712242019e-05
2.72874807910497,6.3333797571223e-05
2.73233853710379,6.3106409402032e-05
2.73592899510262,6.31123605521335e-05
2.73951945310144,6.31806781035988e-05
2.74310991110026,6.30642257619222e-05
2.74670036909908,6.2956523258353e-05
2.7502908270979,6.27226656840515e-05
2.75388128509673,6.27212015811508e-05
2.75747174309555,6.22804406534237e-05
2.76106220109437,6.21113178445318e-05
2.76465265909319,6.2269631254206e-05
2.76824311709202,6.21764125284665e-05
2.77183357509084,6.19236554592993e-05
2.77542403308966,6.20035314948157e-05
2.77901449108848,6.15693627568388e-05
2.78260494908731,6.13347722181519e-05
2.78619540708613,6.12858396039594e-05
2.78978586508495,6.12949500608639e-05
2.79337632308377,6.11915600913304e-05
2.7969667810826,6.1016796428946e-05
2.80055723908142,6.11215628652751e-05
2.80414769708024,6.06573350224268e-05
2.80773815507906,6.05795507892969e-05
2.81132861307788,6.04522055876584e-05
2.81491907107671,6.03747178084557e-05
2.81850952907553,5.99289002065109e-05
2.82209998707435,6.03020938270729e-05
2.82569044507317,6.00274925834222e-05
2.829280903072,6.00270868956262e-05
2.83287136107082,6.00909914050232e-05
2.83646181906964,5.98495006790956e-05
2.84005227706846,5.97527984491276e-05
2.84364273506729,5.95639848552007e-05
2.84723319306611,5.92216974134687e-05
2.85082365106493,5.91690418565463e-05
2.85441410906375,5.92052148186144e-05
2.85800456706257,5.89315981195172e-05
2.8615950250614,5.90414613625896e-05
2.86518548306022,5.86737409202372e-05
2.86877594105904,5.8665793836944e-05
2.87236639905786,5.86748479765899e-05
2.87595685705669,5.83474531926421e-05
2.87954731505551,5.81870876337217e-05
2.88313777305433,5.82270718582181e-05
2.88672823105315,5.80491251346126e-05
2.89031868905198,5.80156376439878e-05
2.8939091470508,5.78572293390878e-05
2.89749960504962,5.75842698552091e-05
2.90109006304844,5.74237464635317e-05
2.90468052104727,5.76544476041618e-05
2.90827097904609,5.74273002573809e-05
2.91186143704491,5.71946249306863e-05
2.91545189504373,5.72031704379366e-05
2.91904235304255,5.70117139070717e-05
2.92263281104138,5.70120458553814e-05
2.9262232690402,5.68965934506726e-05
2.92981372703902,5.69088067161418e-05
2.93340418503784,5.68422797415193e-05
2.93699464303667,5.64799148050126e-05
2.94058510103549,5.63687257804712e-05
2.94417555903431,5.65217819100399e-05
2.94776601703313,5.64178164277635e-05
2.95135647503196,5.60279442071416e-05
2.95494693303078,5.6141953114476e-05
2.9585373910296,5.61408415954918e-05
2.96212784902842,5.60982000654796e-05
2.96571830702724,5.59622346600111e-05
2.96930876502607,5.55819458452563e-05
2.97289922302489,5.55716724975666e-05
2.97648968102371,5.55468055747518e-05
2.98008013902253,5.5464900999685e-05
2.98367059702136,5.52926610502888e-05
2.98726105502018,5.49234462595071e-05
2.990851513019,5.52824909076478e-05
2.99444197101782,5.51549544460232e-05
2.99803242901665,5.46909349624719e-05
