freqs,specs
-2.99803242901665,2.565473934425e-05
-2.99444197101782,2.57634899808604e-05
-2.990851513019,2.59348261519962e-05
-2.98726105502018,2.60109326906062e-05
-2.98367059702136,2.59563701905685e-05
-2.98008013902253,2.59812456277372e-05
-2.97648968102371,2.60039747917842e-05
-2.97289922302489,2.59706035602644e-05
-2.96930876502607,2.59021416315281e-05
-2.96571830702724,2.60202295490904e-05
-2.96212784902842,2.6015296951391e-05
-2.9585373910296,2.61626716208151e-05
-2.95494693303078,2.63292337107167e-05
-2.95135647503196,2.62707732762877e-05
-2.94776601703313,2.61817948163405e-05
-2.94417555903431,2.6206565463211e-05
-2.94058510103549,2.6364758240647e-05
-2.93699464303667,2.63014953331694e-05
-2.93340418503784,2.6417065024154e-05
-2.92981372703902,2.64447041506711e-05
-2.9262232690402,2.6424297151886e-05
-2.92263281104138,2.64015630278536e-05
-2.91904235304255,2.65325101434161e-05
-2.91545189504373,2.65086320895678e-05
-2.91186143704491,2.65667342899032e-05
-2.90827097904609,2.65000775577641e-05
-2.90468052104727,2.66484228816112e-05
-2.90109006304844,2.64850409067462e-05
-2.89749960504962,2.67241184947147e-05
-2.8939091470508,2.66525832494664e-05
-2.89031868905198,2.66733739116705e-05
-2.88672823105315,2.68039311716935e-05
-2.88313777305433,2.65441863176596e-05
-2.87954731505551,2.66383228126196e-05
-2.87595685705669,2.67089171811808e-05
-2.87236639905786,2.69003680747223e-05
-2.86877594105904,2.67929111287442e-05
-2.86518548306022,2.70864281308434e-05
-2.8615950250614,2.69348643452233e-05
-2.85800456706257,2.69733229620948e-05
-2.85441410906375,2.70576552592429e-05
-2.85082365106493,2.68955745091528e-05
-2.84723319306611,2.69316321275607e-05
-2.84364273506729,2.70654186138793e-05
-2.84005227706846,2.7123311883628e-05
-2.83646181906964,2.70558565411572e-05
-2.83287136107082,2.71834458311423e-05
-2.829280903072,2.71510711567251e-05
-2.82569044507317,2.71625968940512e-05
-2.82209998707435,2.71634513430953e-05
-2.81850952907553,2.72324992240068e-05
-2.81491907107671,2.72757649266585e-05
-2.81132861307788,2.7320312222032e-05
-2.80773815507906,2.72526587319699e-05
-2.80414769708024,2.73330236037898e-05
-2.80055723908142,2.73238323803732e-05
-2.7969667810826,2.73087492578681e-05
-2.79337632308377,2.73915913509115e-05
-2.78978586508495,2.74038983860586e-05
-2.78619540708613,2.7512496497173e-05
-2.78260494908731,2.75208011367921e-05
-2.77901449108848,2.76066760413247e-05
-2.77542403308966,2.75082468180509e-05
-2.77183357509084,2.76893064402585e-05
-2.76824311709202,2.76466040966556e-05
-2.76465265909319,2.74542703331944e-05
-2.76106220109437,2.77128781438865e-05
-2.75747174309555,2.76542116070796e-05
-2.75388128509673,2.76893362818973e-05
-2.7502908270979,2.77987710708976e-05
-2.74670036909908,2.7904849102527e-05
-2.74310991110026,2.77745377561812e-05
-2.73951945310144,2.78233776403205e-05
-2.73592899510262,2.78488556550634e-05
-2.73233853710379,2.79287998084188e-05
-2.72874807910497,2.77946219798173e-05
-2.72515762110615,2.79490863312569e-05
-2.72156716310733,2.8068232302434e-05
-2.7179767051085,2.80727257587467e-05
-2.71438624710968,2.80211012088715e-05
-2.71079578911086,2.81944650948632e-05
-2.70720533111204,2.81289204697368e-05
-2.70361487311321,2.80852828854129e-05
-2.70002441511439,2.81212576069939e-05
-2.69643395711557,2.81039988076387e-05
-2.69284349911675,2.83218607548011e-05
-2.68925304111792,2.84183849157721e-05
-2.6856625831191,2.83884338956181e-05
-2.68207212512028,2.83665464131739e-05
-2.67848166712146,2.84153936214526e-05
-2.67489120912264,2.83672339725447e-05
-2.67130075112381,2.84367474591239e-05
-2.66771029312499,2.8537195414243e-05
-2.66411983512617,2.86316333593147e-05
-2.66052937712735,2.85518270839998e-05
-2.65693891912852,2.86834351521353e-05
-2.6533484611297,2.8581273345009e-05
-2.64975800313088,2.86004224894042e-05
-2.64616754513206,2.87452375591429e-05
-2.64257708713324,2.86992688867648e-05
-2.63898662913441,2.88730523253419e-05
-2.63539617113559,2.87696364902105e-05
-2.63180571313677,2.88565630883512e-05
-2.62821525513795,2.87918541741628e-05
-2.62462479713912,2.90657524692935e-05
-2.6210343391403,2.92021159120803e-05
-2.61744388114148,2.95616783948691e-05
-2.61385342314266,3.11177583515657e-05
-2.61026296514383,2.77119962048295e-05
-2.60667250714501,2.86330013662729e-05
-2.60308204914619,2.88242915927682e-05
-2.59949159114737,2.91949919645712e-05
-2.59590113314854,2.89082265932171e-05
-2.59231067514972,2.87590970368613e-05
-2.5887202171509,2.89277072145967e-05
-2.58512975915208,2.91076161490798e-05
-2.58153930115326,2.92278530535902e-05
-2.57794884315443,2.92007600900162e-05
-2.57435838515561,2.91705981146838e-05
-2.57076792715679,2.94013498752754e-05
-2.56717746915797,2.92170416638299e-05
-2.56358701115914,2.93443161255625e-05
-2.55999655316032,2.92262493199007e-05
-2.5564060951615,2.93693363832123e-05
-2.55281563716268,2.94025938819014e-05
-2.54922517916385,2.95929107231128e-05
-2.54563472116503,2.93392561792156e-05
-2.54204426316621,2.95645422328074e-05
-2.53845380516739,2.97336201797409e-05
-2.53486334716857,2.94883705860116e-05
-2.53127288916974,2.94483274679705e-05
-2.52768243117092,2.96359332291106e-05
-2.5240919731721,2.9704638560306e-05
-2.52050151517328,2.9702449590383e-05
-2.51691105717445,2.97649396624339e-05
-2.51332059917563,2.97501186984332e-05
-2.50973014117681,2.98290573073776e-05
-2.50613968317799,2.99002686588437e-05
-2.50254922517916,3.00076622229049e-05
-2.49895876718034,2.97855132865309e-05
-2.49536830918152,2.99877597231328e-05
-2.4917778511827,3.0027347695936e-05
-2.48818739318387,2.999561520194e-05
-2.48459693518505,3.01765027283688e-05
-2.48100647718623,3.01292130605051e-05
-2.47741601918741,2.99271891716233e-05
-2.47382556118859,3.00574805086176e-05
-2.47023510318976,3.03190058377436e-05
-2.46664464519094,3.04200043900262e-05
-2.46305418719212,3.05531734168558e-05
-2.4594637291933,3.03823231443281e-05
-2.45587327119447,3.04064248331423e-05
-2.45228281319565,3.04307705290782e-05
-2.44869235519683,3.05928157002625e-05
-2.44510189719801,3.0540308149429e-05
-2.44151143919918,3.06767097425765e-05
-2.43792098120036,3.0701652612265e-05
-2.43433052320154,3.06209573378187e-05
-2.43074006520272,3.06586977843837e-05
-2.4271496072039,3.07488846078693e-05
-2.42355914920507,3.06523989958219e-05
-2.41996869120625,3.078259895673e-05
-2.41637823320743,3.07991477489748e-05
-2.41278777520861,3.08939262757631e-05
-2.40919731720978,3.08983182024237e-05
-2.40560685921096,3.09891371833792e-05
-2.40201640121214,3.10582150338157e-05
-2.39842594321332,3.10055374244255e-05
-2.39483548521449,3.10441301462045e-05
-2.39124502721567,3.08941885074147e-05
-2.38765456921685,3.10867839325059e-05
-2.38406411121803,3.11219076411951e-05
-2.38047365321921,3.11742853448892e-05
-2.37688319522038,3.12422320315982e-05
-2.37329273722156,3.1314189476996e-05
-2.36970227922274,3.1283635134713e-05
-2.36611182122392,3.1320505448029e-05
-2.36252136322509,3.12569549689644e-05
-2.35893090522627,3.13805056802145e-05
-2.35534044722745,3.12962499344876e-05
-2.35174998922863,3.14088204656636e-05
-2.3481595312298,3.16357509938156e-05
-2.34456907323098,3.15902165758366e-05
-2.34097861523216,3.17744944727762e-05
-2.33738815723334,3.15738762132644e-05
-2.33379769923451,3.16112428917768e-05
-2.33020724123569,3.16713193550773e-05
-2.32661678323687,3.19231374110362e-05
-2.32302632523805,3.19342257330025e-05
-2.31943586723923,3.18892103867973e-05
-2.3158454092404,3.19384138107916e-05
-2.31225495124158,3.18478187445621e-05
-2.30866449324276,3.20110767734823e-05
-2.30507403524394,3.20951620708422e-05
-2.30148357724511,3.19011698560824e-05
-2.29789311924629,3.20412528528709e-05
-2.29430266124747,3.20296471441732e-05
-2.29071220324865,3.22302963173849e-05
-2.28712174524982,3.23362224981281e-05
-2.283531287251,3.22338173255734e-05
-2.27994082925218,3.24063480223738e-05
-2.27635037125336,3.25333618602263e-05
-2.27275991325454,3.23160688616864e-05
-2.26916945525571,3.24796758107588e-05
-2.26557899725689,3.24842392829743e-05
-2.26198853925807,3.2377281178269e-05
-2.25839808125925,3.25690479728694e-05
-2.25480762326042,3.26732873619386e-05
-2.2512171652616,3.25627776042523e-05
-2.24762670726278,3.26179651988343e-05
-2.24403624926396,3.2783128652339e-05
-2.24044579126513,3.27162279570976e-05
-2.23685533326631,3.2778969878538e-05
-2.23326487526749,3.28371847193555e-05
-2.22967441726867,3.27024103884944e-05
-2.22608395926984,3.29686490154281e-05
-2.22249350127102,3.27385647739605e-05
-2.2189030432722,3.24695277257846e-05
-2.21531258527338,3.20158343234577e-05
-2.21172212727456,2.66370637862254e-05
-2.20813166927573,3.46503337256853e-05
-2.20454121127691,3.39526706943502e-05
-2.20095075327809,3.36954061264909e-05
-2.19736029527927,3.3402832266984e-05
-2.19376983728044,3.36048101246628e-05
-2.19017937928162,3.3507684261639e-05
-2.1865889212828,3.37432115440344e-05
-2.18299846328398,3.37954389729333e-05
-2.17940800528515,3.38823920437862e-05
-2.17581754728633,3.39295082631177e-05
-2.17222708928751,3.38562970757225e-05
-2.16863663128869,3.40700270658951e-05
-2.16504617328986,3.38621691556537e-05
-2.16145571529104,3.39728666768957e-05
-2.15786525729222,3.3836624030773e-05
-2.1542747992934,3.38235136907269e-05
-2.15068434129458,3.39208333782857e-05
-2.14709388329575,3.42684823677225e-05
-2.14350342529693,3.40043163126675e-05
-2.13991296729811,3.40495078063653e-05
-2.13632250929929,3.42734076280932e-05
-2.13273205130046,3.43332164039603e-05
-2.12914159330164,3.42616692014233e-05
-2.12555113530282,3.44472011060629e-05
-2.121960677304,3.43448606041485e-05
-2.11837021930517,3.44850535752292e-05
-2.11477976130635,3.45972115020505e-05
-2.11118930330753,3.45587532555031e-05
-2.10759884530871,3.46868014924865e-05
-2.10400838730989,3.47309324426959e-05
-2.10041792931106,3.48629644015526e-05
-2.09682747131224,3.46195830518141e-05
-2.09323701331342,3.50031566730115e-05
-2.0896465553146,3.46902176562206e-05
-2.08605609731577,3.48720861956152e-05
-2.08246563931695,3.5050719626981e-05
-2.07887518131813,3.50241097294042e-05
-2.07528472331931,3.50753809597393e-05
-2.07169426532048,3.50761666398134e-05
-2.06810380732166,3.52783938189175e-05
-2.06451334932284,3.51925774276981e-05
-2.06092289132402,3.53598002692344e-05
-2.05733243332519,3.53371561909623e-05
-2.05374197532637,3.5374560625895e-05
-2.05015151732755,3.56024190246664e-05
-2.04656105932873,3.56160486487274e-05
-2.04297060132991,3.54688056465812e-05
-2.03938014333108,3.56655968345617e-05
-2.03578968533226,3.57882602510308e-05
-2.03219922733344,3.57487444229561e-05
-2.02860876933462,3.59017961962615e-05
-2.02501831133579,3.58925880353402e-05
-2.02142785333697,3.60293457756917e-05
-2.01783739533815,3.58704898246951e-05
-2.01424693733933,3.59015736082097e-05
-2.01065647934051,3.59136555978279e-05
-2.00706602134168,3.59877945466899e-05
-2.00347556334286,3.6271496266808e-05
-1.99988510534404,3.63271477890799e-05
-1.99629464734522,3.63037507626686e-05
-1.99270418934639,3.64933825292536e-05
-1.98911373134757,3.6343036703438e-05
-1.98552327334875,3.64145637765653e-05
-1.98193281534993,3.64515922524989e-05
-1.9783423573511,3.66445072081186e-05
-1.97475189935228,3.68683236873378e-05
-1.97116144135346,3.67244737548134e-05
-1.96757098335464,3.67385145838436e-05
-1.96398052535581,3.66946965280701e-05
-1.96039006735699,3.66932560829594e-05
-1.95679960935817,3.69704544544327e-05
-1.95320915135935,3.70272043385004e-05
-1.94961869336053,3.72408413235866e-05
-1.9460282353617,3.69723187199197e-05
-1.94243777736288,3.72016737438118e-05
-1.93884731936406,3.73438974862445e-05
-1.93525686136524,3.74025566006134e-05
-1.93166640336641,3.74683958355397e-05
-1.92807594536759,3.75902783713868e-05
-1.92448548736877,3.73735689901269e-05
-1.92089502936995,3.76875353493806e-05
-1.91730457137112,3.77295888260308e-05
-1.9137141133723,3.77067813317085e-05
-1.91012365537348,3.78303994165217e-05
-1.90653319737466,3.80566020167011e-05
-1.90294273937583,3.80235132869602e-05
-1.89935228137701,3.80113515797975e-05
-1.89576182337819,3.80229045264858e-05
-1.89217136537937,3.80821655868027e-05
-1.88858090738055,3.82100355478099e-05
-1.88499044938172,3.8311551887372e-05
-1.8813999913829,3.83278957966993e-05
-1.87780953338408,3.83244608805833e-05
-1.87421907538526,3.85585708907867e-05
-1.87062861738643,3.8491113124397e-05
-1.86703815938761,3.85285767623028e-05
-1.86344770138879,3.8652888946973e-05
-1.85985724338997,3.87832677475087e-05
-1.85626678539114,3.88292260496721e-05
-1.85267632739232,3.91003299181918e-05
-1.8490858693935,3.9157086302458e-05
-1.84549541139468,3.91182278731665e-05
-1.84190495339586,3.90761351057243e-05
-1.83831449539703,3.91502180484096e-05
-1.83472403739821,3.93605864705045e-05
-1.83113357939939,3.93504173241742e-05
-1.82754312140057,3.95470501935425e-05
-1.82395266340174,3.90280229428776e-05
-1.82036220540292,3.93688660825342e-05
-1.8167717474041,3.99424865085786e-05
-1.81318128940528,3.97996806060032e-05
-1.80959083140645,3.91425826616716e-05
-1.80600037340763,3.93749262156485e-05
-1.80240991540881,3.99764593431673e-05
-1.79881945740999,3.98221530704415e-05
-1.79522899941117,4.04459813471499e-05
-1.79163854141234,4.03180622977077e-05
-1.78804808341352,3.98635875992152e-05
-1.7844576254147,4.00585010945747e-05
-1.78086716741588,4.04531531006052e-05
-1.77727670941705,4.03966003453717e-05
-1.77368625141823,4.04772112957284e-05
-1.77009579341941,4.06133364340632e-05
-1.76650533542059,4.06996747464522e-05
-1.76291487742176,4.08945995646998e-05
-1.75932441942294,4.10003981355047e-05
-1.75573396142412,4.08890788738644e-05
-1.7521435034253,4.09641995803792e-05
-1.74855304542647,4.09576662973777e-05
-1.74496258742765,4.1219137505314e-05
-1.74137212942883,4.13327860490722e-05
-1.73778167143001,4.12613706100306e-05
-1.73419121343119,4.14027370117493e-05
-1.73060075543236,4.15199439790923e-05
-1.72701029743354,4.15015346513464e-05
-1.72341983943472,4.15345313999657e-05
-1.7198293814359,4.18005048933153e-05
-1.71623892343707,4.18992766992056e-05
-1.71264846543825,4.19584493672578e-05
-1.70905800743943,4.1894008221511e-05
-1.70546754944061,4.20897379723979e-05
-1.70187709144178,4.23017133673668e-05
-1.69828663344296,4.23754623948423e-05
-1.69469617544414,4.22729365404811e-05
-1.69110571744532,4.23744378303917e-05
-1.6875152594465,4.25080530052737e-05
-1.68392480144767,4.26771854659979e-05
-1.68033434344885,4.2813816630944e-05
-1.67674388545003,4.2800036909355e-05
-1.67315342745121,4.26933083957863e-05
-1.66956296945238,4.2919861199373e-05
-1.66597251145356,4.30165336489846e-05
-1.66238205345474,4.32402469744963e-05
-1.65879159545592,4.32107032691561e-05
-1.65520113745709,4.33089188677206e-05
-1.65161067945827,4.32301785868184e-05
-1.64802022145945,4.33453281649731e-05
-1.64442976346063,4.38006465981754e-05
-1.6408393054618,4.37276788009243e-05
-1.63724884746298,4.37968635203204e-05
-1.63365838946416,4.4003797129232e-05
-1.63006793146534,4.41543317716032e-05
-1.62647747346652,4.42008669276627e-05
-1.62288701546769,4.43233390611092e-05
-1.61929655746887,4.45385441193468e-05
-1.61570609947005,4.45875627232712e-05
-1.61211564147123,4.43996665295717e-05
-1.6085251834724,4.46531431927681e-05
-1.60493472547358,4.45943548850099e-05
-1.60134426747476,4.4969454116955e-05
-1.59775380947594,4.51203866751576e-05
-1.59416335147711,4.51510311522796e-05
-1.59057289347829,4.50160781807629e-05
-1.58698243547947,4.52842822807824e-05
-1.58339197748065,4.52817706846276e-05
-1.57980151948183,4.54862507856753e-05
-1.576211061483,4.58454554462906e-05
-1.57262060348418,4.58534057738356e-05
-1.56903014548536,4.57279212208909e-05
-1.56543968748654,4.59543758477206e-05
-1.56184922948771,4.58167032351506e-05
-1.55825877148889,4.62069306791007e-05
-1.55466831349007,4.62292549329888e-05
-1.55107785549125,4.60601836360737e-05
-1.54748739749242,4.6585586628147e-05
-1.5438969394936,4.65152476729348e-05
-1.54030648149478,4.66533604845902e-05
-1.53671602349596,4.677242682579e-05
-1.53312556549713,4.70174071672417e-05
-1.52953510749831,4.6845686902018e-05
-1.52594464949949,4.71120269437689e-05
-1.52235419150067,4.71483053050425e-05
-1.51876373350185,4.75139617010538e-05
-1.51517327550302,4.78112312317126e-05
-1.5115828175042,4.77248857381481e-05
-1.50799235950538,4.76802125094255e-05
-1.50440190150656,4.79484767011959e-05
-1.50081144350773,4.82087627307583e-05
-1.49722098550891,4.82810593103334e-05
-1.49363052751009,4.84205905383218e-05
-1.49004006951127,4.84579651437307e-05
-1.48644961151244,4.8657765669616e-05
-1.48285915351362,4.88328775369309e-05
-1.4792686955148,4.89042621781367e-05
-1.47567823751598,4.88342797335823e-05
-1.47208777951716,4.9228815670838e-05
-1.46849732151833,4.91017940602823e-05
-1.46490686351951,4.94206143746545e-05
-1.46131640552069,4.97928378516517e-05
-1.45772594752187,4.96668921773792e-05
-1.45413548952304,4.96927891699704e-05
-1.45054503152422,5.02093599452517e-05
-1.4469545735254,5.04386792475707e-05
-1.44336411552658,5.02284650144086e-05
-1.43977365752775,5.05122962991093e-05
-1.43618319952893,5.06483222784541e-05
-1.43259274153011,5.08001040505869e-05
-1.42900228353129,5.07274888807557e-05
-1.42541182553247,5.0997316095446e-05
-1.42182136753364,5.30834431716206e-05
-1.41823090953482,5.22508637023138e-05
-1.414640451536,5.1934548087495e-05
-1.41104999353718,5.4177978818129e-05
-1.40745953553835,6.47412295692835e-05
-1.40386907753953,5.22002583405344e-05
-1.40027861954071,5.25839221406531e-05
-1.39668816154189,5.31319780392173e-05
-1.39309770354306,5.08188102145344e-05
-1.38950724554424,5.18338252080572e-05
-1.38591678754542,5.25792571036593e-05
-1.3823263295466,5.26524903650961e-05
-1.37873587154777,5.29112068847972e-05
-1.37514541354895,5.29498530218176e-05
-1.37155495555013,5.34343528057672e-05
-1.36796449755131,5.32705277133007e-05
-1.36437403955249,5.36171342237083e-05
-1.36078358155366,5.39131381074911e-05
-1.35719312355484,5.39785987253074e-05
-1.35360266555602,5.41276589576596e-05
-1.3500122075572,5.44989566596165e-05
-1.34642174955837,5.45510453206865e-05
-1.34283129155955,5.47567175935964e-05
-1.33924083356073,5.49308492822958e-05
-1.33565037556191,5.49504081276247e-05
-1.33205991756308,5.53121952344842e-05
-1.32846945956426,5.54165676165583e-05
-1.32487900156544,5.54051533554842e-05
-1.32128854356662,5.57668412323956e-05
-1.3176980855678,5.607689962333e-05
-1.31410762756897,5.61491557514225e-05
-1.31051716957015,5.62446649911137e-05
-1.30692671157133,5.63993213864636e-05
-1.30333625357251,5.66840890921161e-05
-1.29974579557368,5.67807897655981e-05
-1.29615533757486,5.70591044981844e-05
-1.29256487957604,5.73979041285025e-05
-1.28897442157722,5.76830056743936e-05
-1.28538396357839,5.77702989675232e-05
-1.28179350557957,5.78379949877067e-05
-1.27820304758075,5.8081484132707e-05
-1.27461258958193,5.8327773304017e-05
-1.2710221315831,5.86713853298873e-05
-1.26743167358428,5.89005433178015e-05
-1.26384121558546,5.89171781975501e-05
-1.26025075758664,5.93204955009991e-05
-1.25666029958782,5.95107011944187e-05
-1.25306984158899,5.9591356635719e-05
-1.24947938359017,5.98865254018506e-05
-1.24588892559135,6.01833761211618e-05
-1.24229846759253,6.02656580142841e-05
-1.2387080095937,6.06988110955238e-05
-1.23511755159488,6.09492238185611e-05
-1.23152709359606,6.10140574784293e-05
-1.22793663559724,6.13066728512021e-05
-1.22434617759841,6.15667143453773e-05
-1.22075571959959,6.17187595990558e-05
-1.21716526160077,6.21364309168917e-05
-1.21357480360195,6.19340186917987e-05
-1.20998434560313,6.23261170195489e-05
-1.2063938876043,6.26875662030682e-05
-1.20280342960548,6.30294972957572e-05
-1.19921297160666,6.33418817599138e-05
-1.19562251360784,6.34723298157646e-05
-1.19203205560901,6.37183959180622e-05
-1.18844159761019,6.41743982820242e-05
-1.18485113961137,6.42543281489945e-05
-1.18126068161255,6.46711896422329e-05
-1.17767022361372,6.47086949364133e-05
-1.1740797656149,6.5223146483988e-05
-1.17048930761608,6.51696368793458e-05
-1.16689884961726,6.57407044082636e-05
-1.16330839161844,6.59104296328011e-05
-1.15971793361961,6.64009598844997e-05
-1.15612747562079,6.65664894407321e-05
-1.15253701762197,6.67518350158366e-05
-1.14894655962315,6.73111976429489e-05
-1.14535610162432,6.71943978255286e-05
-1.1417656436255,6.76888259600806e-05
-1.13817518562668,6.79713728650251e-05
-1.13458472762786,6.84201137445747e-05
-1.13099426962903,6.85610570291511e-05
-1.12740381163021,6.89307390109866e-05
-1.12381335363139,6.92180710219056e-05
-1.12022289563257,6.95905283871979e-05
-1.11663243763374,6.99390557305292e-05
-1.11304197963492,7.01380817479108e-05
-1.1094515216361,7.03968188731268e-05
-1.10586106363728,7.06369598223122e-05
-1.10227060563846,7.13274574803093e-05
-1.09868014763963,7.16127549122892e-05
-1.09508968964081,7.17309811196113e-05
-1.09149923164199,7.2021414548587e-05
-1.08790877364317,7.24063530477566e-05
-1.08431831564434,7.29190843893428e-05
-1.08072785764552,7.32737704577693e-05
-1.0771373996467,7.34219346507878e-05
-1.07354694164788,7.39181446579706e-05
-1.06995648364905,7.44179353941563e-05
-1.06636602565023,7.488432554724e-05
-1.06277556765141,7.53302078881573e-05
-1.05918510965259,7.54294861370842e-05
-1.05559465165377,7.59479342894594e-05
-1.05200419365494,7.61516172781773e-05
-1.04841373565612,7.68514866952084e-05
-1.0448232776573,7.71212072062582e-05
-1.04123281965848,7.74740047276662e-05
-1.03764236165965,7.79290754308838e-05
-1.03405190366083,7.79974481840296e-05
-1.03046144566201,7.99962542688097e-05
-1.02687098766319,8.38777334731866e-05
-1.02328052966436,8.56402873078367e-05
-1.01969007166554,7.96993266590757e-05
-1.01609961366672,9.0782585590935e-05
-1.0125091556679,0.00012178220107494
-1.00891869766907,0.000287861757234853
-1.00532823967025,0.0003659264054999
-1.00173778167143,0.000142290320735592
-0.998147323672608,0.000112390777641954
-0.994556865673785,0.000100020759935519
-0.990966407674963,9.82157627017295e-05
-0.987375949676141,9.47877929900946e-05
-0.983785491677318,9.20189110543471e-05
-0.980195033678496,9.19210644005909e-05
-0.976604575679674,9.11507781583011e-05
-0.973014117680852,9.09665349764622e-05
-0.969423659682029,9.10137022618673e-05
-0.965833201683207,9.20076259196772e-05
-0.962242743684384,9.20986060121313e-05
-0.958652285685562,9.20166026132083e-05
-0.95506182768674,9.27053732965095e-05
-0.951471369687917,9.34176330496514e-05
-0.947880911689095,9.3457965050753e-05
-0.944290453690273,9.34786664666315e-05
-0.940699995691451,9.45077612776707e-05
-0.937109537692628,9.45424767905063e-05
-0.933519079693806,9.50384750068577e-05
-0.929928621694984,9.57450450893953e-05
-0.926338163696161,9.61158310037766e-05
-0.922747705697339,9.68947135565941e-05
-0.919157247698516,9.76812934226381e-05
-0.915566789699694,9.78454550211483e-05
-0.911976331700872,9.85663464689152e-05
-0.90838587370205,9.92112842729864e-05
-0.904795415703227,9.96199946270518e-05
-0.901204957704405,0.000100325330516384
-0.897614499705583,0.000101344887512092
-0.89402404170676,0.000102535775880581
-0.890433583707938,0.000102582220147263
-0.886843125709115,0.000103351955496867
-0.883252667710293,0.000103823873806783
-0.879662209711471,0.000104970519286078
-0.876071751712649,0.000105647820325889
-0.872481293713826,0.000106565672846402
-0.868890835715004,0.000107337876370633
-0.865300377716182,0.000108089337542612
-0.861709919717359,0.000109128971771099
-0.858119461718537,0.000109778954184701
-0.854529003719715,0.000110532188629994
-0.850938545720892,0.000111319206321122
-0.84734808772207,0.000112188505944639
-0.843757629723248,0.000113032570320033
-0.840167171724425,0.000114501237785001
-0.836576713725603,0.000115171225078306
-0.832986255726781,0.000115927969284186
-0.829395797727958,0.000116692791367236
-0.825805339729136,0.000117408664581232
-0.822214881730314,0.000119184464711378
-0.818624423731491,0.000119685483566392
-0.815033965732669,0.000121007730862342
-0.811443507733847,0.000122559034172492
-0.807853049735024,0.000123433516376611
-0.804262591736202,0.000124197338504607
-0.80067213373738,0.000124716686495667
-0.797081675738557,0.000127006475015652
-0.793491217739735,0.000127425555064195
-0.789900759740913,0.000128963381508333
-0.78631030174209,0.000129940572323537
-0.782719843743268,0.000130927528872869
-0.779129385744446,0.000132463597847829
-0.775538927745623,0.000133982951463236
-0.771948469746801,0.000134951072578522
-0.768358011747979,0.000137160667252879
-0.764767553749156,0.000137682016053939
-0.761177095750334,0.000139279010092474
-0.757586637751512,0.000141140556526297
-0.753996179752689,0.000142506992317817
-0.750405721753867,0.000143273971811859
-0.746815263755045,0.000144875777574777
-0.743224805756222,0.000147797842177933
-0.7396343477574,0.000148533365314513
-0.736043889758578,0.000150308780234763
-0.732453431759755,0.000151773404368871
-0.728862973760933,0.000154234543604393
-0.725272515762111,0.000155847534191579
-0.721682057763288,0.000157545126307537
-0.718091599764466,0.000159217263850343
-0.714501141765644,0.000162151566881432
-0.710910683766821,0.000163849035162483
-0.707320225767999,0.0001659721294076
-0.703729767769177,0.000168090104540733
-0.700139309770354,0.000170455049844201
-0.696548851771532,0.000173278388172868
-0.69295839377271,0.000176079740246031
-0.689367935773887,0.000178325783421128
-0.685777477775065,0.000181579838750016
-0.682187019776243,0.000184459135880042
-0.67859656177742,0.000185973375941426
-0.675006103778598,0.000191566599149398
-0.671415645779776,0.000193626152532676
-0.667825187780953,0.000197093569296319
-0.664234729782131,0.000200996593858704
-0.660644271783309,0.000205996370011035
-0.657053813784486,0.000209744291041859
-0.653463355785664,0.000215881115873353
-0.649872897786842,0.000219933490959385
-0.646282439788019,0.000228027310790284
-0.642691981789197,0.000236970411871066
-0.639101523790375,0.00024499056384664
-0.635511065791552,0.000254042998464473
-0.63192060779273,0.000270118854952457
-0.628330149793908,0.000287596556303605
-0.624739691795085,0.000297951368174099
-0.621149233796263,0.000330299719449883
-0.617558775797441,0.000396799570111834
-0.613968317798618,0.00048188300928177
-0.610377859799796,0.000695910906735302
-0.606787401800974,0.00217832032781451
-0.603196943802151,0.000845900991120378
-0.599606485803329,0.000218664657493
-0.596016027804507,7.88326391247494e-05
-0.592425569805685,5.90906072428996e-05
-0.588835111806862,7.32177451835221e-05
-0.58524465380804,0.000100599159683385
-0.581654195809218,0.000117680454673106
-0.578063737810395,0.000133545372630891
-0.574473279811573,0.000145778748888561
-0.57088282181275,0.000157055512063468
-0.567292363813928,0.00016809492044513
-0.563701905815106,0.000171324749069845
-0.560111447816284,0.000178154913565701
-0.556520989817461,0.000187065799024323
-0.552930531818639,0.000192391534551189
-0.549340073819817,0.000198984084976758
-0.545749615820994,0.000203887159773305
-0.542159157822172,0.000211177096947201
-0.53856869982335,0.000217220227652628
-0.534978241824527,0.00022160708992816
-0.531387783825705,0.000227796870583087
-0.527797325826883,0.000233697455365732
-0.52420686782806,0.000237384431638784
-0.520616409829238,0.000247140644116033
-0.517025951830416,0.00024716562390884
-0.513435493831593,0.000254699105643345
-0.509845035832771,0.000261513372025231
-0.506254577833949,0.000264897590443711
-0.502664119835126,0.000273505297011634
-0.499073661836304,0.000277552017005946
-0.495483203837482,0.000284724452754121
-0.491892745838659,0.000288761356984565
-0.488302287839837,0.000294243985517927
-0.484711829841015,0.000301364636172501
-0.481121371842192,0.000307865312952662
-0.47753091384337,0.00031158552339152
-0.473940455844548,0.00032089773253712
-0.470349997845725,0.000325641411109931
-0.466759539846903,0.000334431701068767
-0.463169081848081,0.000340296247096705
-0.459578623849258,0.000345388030238325
-0.455988165850436,0.000352010146940397
-0.452397707851614,0.000363075168149608
-0.448807249852791,0.000367819835149654
-0.445216791853969,0.000376996551773503
-0.441626333855147,0.00038333813907713
-0.438035875856324,0.000397469175728841
-0.434445417857502,0.000398922157840268
-0.43085495985868,0.000412993437190013
-0.427264501859857,0.000420946648401782
-0.423674043861035,0.000429708090484206
-0.420083585862213,0.000438900600083938
-0.41649312786339,0.00045052311650196
-0.412902669864568,0.000458808788939978
-0.409312211865746,0.000467381640025688
-0.405721753866923,0.000482138221303097
-0.402131295868101,0.000493823974500928
-0.398540837869279,0.000498034493307365
-0.394950379870456,0.000523990722190416
-0.391359921871634,0.000529989451246316
-0.387769463872812,0.000544944902970428
-0.384179005873989,0.000565774713275503
-0.380588547875167,0.000577739533050557
-0.376998089876345,0.000595057149797148
-0.373407631877522,0.000611095784274215
-0.3698171738787,0.000625002772411736
-0.366226715879878,0.000632921223835091
-0.362636257881055,0.000662876158506698
-0.359045799882233,0.000672472750668394
-0.355455341883411,0.000694711421799901
-0.351864883884588,0.000727031507688926
-0.348274425885766,0.000747786141080877
-0.344683967886944,0.000781482150392609
-0.341093509888121,0.000793387280302527
-0.337503051889299,0.000814747997280312
-0.333912593890477,0.000843741429364465
-0.330322135891654,0.000873195198017659
-0.326731677892832,0.000920393751476342
-0.32314121989401,0.000959206347925258
-0.319550761895187,0.000989185368493429
-0.315960303896365,0.00100609800884535
-0.312369845897543,0.00105084917624048
-0.30877938789872,0.00107486792328878
-0.305188929899898,0.00112765465310262
-0.301598471901076,0.00119683110400563
-0.298008013902253,0.00126573903683853
-0.294417555903431,0.00132901378270223
-0.290827097904609,0.00135292540824173
-0.287236639905786,0.00144877400965591
-0.283646181906964,0.0015169962446074
-0.280055723908142,0.00157934776505428
-0.276465265909319,0.00171137309733887
-0.272874807910497,0.00176840422319954
-0.269284349911675,0.00191634920143784
-0.265693891912852,0.00198981874663122
-0.26210343391403,0.00219511267094823
-0.258512975915208,0.00230372813249501
-0.254922517916385,0.00246983089335188
-0.251332059917563,0.00272702122230352
-0.247741601918741,0.00297824071921957
-0.244151143919918,0.00320704690335083
-0.240560685921096,0.00363522005423217
-0.236970227922274,0.0039707913645906
-0.233379769923451,0.00461862473091776
-0.229789311924629,0.00528799106902458
-0.226198853925807,0.00633032984444166
-0.222608395926984,0.00681904937803338
-0.219017937928162,0.00757412368607485
-0.21542747992934,0.012973628266059
-0.211837021930517,0.0187326505008828
-0.208246563931695,0.0355265434807749
-0.204656105932873,0.30019182337223
-0.20106564793405,0.0471698571157142
-0.197475189935228,0.0205707348467332
-0.193884731936406,0.0143238223914804
-0.190294273937583,0.0102262471503215
-0.186703815938761,0.00850029576753595
-0.183113357939939,0.00716058656939117
-0.179522899941117,0.00622779229982654
-0.175932441942294,0.00560655864321883
-0.172341983943472,0.00484457378216099
-0.16875152594465,0.00438506793350877
-0.165161067945827,0.00391842450641107
-0.161570609947005,0.00367850225899059
-0.157980151948183,0.00348605037518336
-0.15438969394936,0.00325093435264413
-0.150799235950538,0.00290534424724141
-0.147208777951716,0.00285756313015352
-0.143618319952893,0.0027772284199008
-0.140027861954071,0.00260616028392214
-0.136437403955249,0.00246433189718876
-0.132846945956426,0.00241120355032074
-0.129256487957604,0.00230742551437895
-0.125666029958782,0.00219606346197053
-0.122075571959959,0.00214770040111915
-0.118485113961137,0.00201579905527572
-0.114894655962315,0.00201374134262891
-0.111304197963492,0.00196156278087472
-0.10771373996467,0.00190353117059886
-0.104123281965848,0.0018392154749486
-0.100532823967025,0.0017656328171259
-0.0969423659682029,0.00166220940790307
-0.0933519079693806,0.00165394727900065
-0.0897614499705583,0.00162956935241791
-0.0861709919717359,0.00165048561297179
-0.0825805339729136,0.00157000468481553
-0.0789900759740913,0.00159282032536292
-0.0753996179752689,0.00155988012028367
-0.0718091599764466,0.00152828262252692
-0.0682187019776243,0.00152318221307109
-0.0646282439788019,0.00142490092965243
-0.0610377859799796,0.00143091931792082
-0.0574473279811573,0.00144294018436875
-0.053856869982335,0.00147819424060621
-0.0502664119835126,0.00141248879432401
-0.0466759539846903,0.00145055431890732
-0.043085495985868,0.00138201396247303
-0.0394950379870456,0.00134935599814951
-0.0359045799882233,0.001373424467022
-0.032314121989401,0.00136989584725151
-0.0287236639905786,0.00136556059262655
-0.0251332059917563,0.00132031623884236
-0.021542747992934,0.00130606512189895
-0.0179522899941117,0.00133999431251035
-0.0143618319952893,0.00128189598381504
-0.010771373996467,0.00132083286943432
-0.00718091599764466,0.0012997474333283
-0.00359045799882233,0.00128694763260294
0,0.00129410430188601
0.00359045799882233,0.00126204282875565
0.00718091599764466,0.00130480622916836
0.010771373996467,0.00129509879042007
0.0143618319952893,0.0012773732795807
0.0179522899941117,0.001292478898637
0.021542747992934,0.001232900470118
0.0251332059917563,0.00126301542008532
0.0287236639905786,0.00126067727589416
0.032314121989401,0.00129306404982117
0.0359045799882233,0.00128126356627553
0.0394950379870456,0.00129089550737338
0.043085495985868,0.00133406042690105
0.0466759539846903,0.00131411438559387
0.0502664119835126,0.00132911323238114
0.053856869982335,0.00135659587291897
0.0574473279811573,0.00137255123782924
0.0610377859799796,0.00134883926611853
0.0646282439788019,0.00139660152873354
0.0682187019776243,0.00139280665700179
0.0718091599764466,0.00142121112928463
0.0753996179752689,0.00149707052687218
0.0789900759740913,0.00144938949256009
0.0825805339729136,0.00148401701343272
0.0861709919717359,0.00152187842868247
0.0897614499705583,0.00157076855369889
0.0933519079693806,0.0015518378283003
0.0969423659682029,0.00159959354312179
0.100532823967025,0.00156420960993724
0.104123281965848,0.00158934923082595
0.10771373996467,0.00163427305179242
0.111304197963492,0.00172469484149905
0.114894655962315,0.00174288486550101
0.118485113961137,0.00181335643476682
0.122075571959959,0.00187128755224736
0.125666029958782,0.0018749761957317
0.129256487957604,0.00205546496725376
0.132846945956426,0.00202887949160935
0.136437403955249,0.0021905586360145
0.140027861954071,0.0023384555471379
0.143618319952893,0.00251223043885804
0.147208777951716,0.00251695334114278
0.150799235950538,0.00259030597971808
0.15438969394936,0.00284147462213016
0.157980151948183,0.00305648938755216
0.161570609947005,0.00322342493114792
0.165161067945827,0.00353080535363566
0.16875152594465,0.00359260308219171
0.172341983943472,0.00451389398741224
0.175932441942294,0.00536000837168313
0.179522899941117,0.00603150296554935
0.183113357939939,0.00676792244657757
0.186703815938761,0.00991451825135332
0.190294273937583,0.0163636693998717
0.193884731936406,0.0304221004840616
0.197475189935228,0.383250625767144
0.20106564793405,0.0256677009103833
0.204656105932873,0.0144686760676912
0.208246563931695,0.00889187396439791
0.211837021930517,0.0039967464850936
0.21542747992934,0.00449318178284994
0.219017937928162,0.00462598003558345
0.222608395926984,0.00375967845967442
0.226198853925807,0.00299249255522518
0.229789311924629,0.00253580609486007
0.233379769923451,0.00229919707333783
0.236970227922274,0.00196768821710839
0.240560685921096,0.00187263394144007
0.244151143919918,0.00172963661290041
0.247741601918741,0.00137819240011087
0.251332059917563,0.00139926273121185
0.254922517916385,0.00139223392655622
0.258512975915208,0.00109260128761851
0.26210343391403,0.00108171983703346
0.265693891912852,0.000937826877014722
0.269284349911675,0.000981502639158435
0.272874807910497,0.00085916682820339
0.276465265909319,0.000856546115050602
0.280055723908142,0.000799622509210111
0.283646181906964,0.000735655246689067
0.287236639905786,0.000719728813837165
0.290827097904609,0.000740458538916392
0.294417555903431,0.000651071709665303
0.298008013902253,0.00061333211023863
0.301598471901076,0.000552949710796061
0.305188929899898,0.000494152234738792
0.30877938789872,0.000486514007227883
0.312369845897543,0.000519712824029815
0.315960303896365,0.000491372989951915
0.319550761895187,0.00042072985366795
0.32314121989401,0.000421028302893307
0.326731677892832,0.000402113450184877
0.330322135891654,0.000366112132938967
0.333912593890477,0.000388117228432269
0.337503051889299,0.00037496179699157
0.341093509888121,0.000379615935258242
0.344683967886944,0.000372414863703707
0.348274425885766,0.000310929300527096
0.351864883884588,0.00029608981398539
0.355455341883411,0.000287711102073412
0.359045799882233,0.000248452969102147
0.362636257881055,0.000232869081896152
0.366226715879878,0.000272275634206315
0.3698171738787,0.000268454808845689
0.373407631877522,0.000243008979779323
0.376998089876345,0.000207076493286148
0.380588547875167,0.000204578167173822
0.384179005873989,0.000198629527993154
0.387769463872812,0.000188419501056556
0.391359921871634,0.000202464990751497
0.394950379870456,0.000220503333401545
0.398540837869279,0.000191599476910949
0.402131295868101,0.000183862732153069
0.405721753866923,0.000174613082177301
0.409312211865746,0.000184160872630247
0.412902669864568,0.000175846684239664
0.41649312786339,0.000210689365102373
0.420083585862213,0.000169842395073311
0.423674043861035,0.00017160111790506
0.427264501859857,0.000189865808585906
0.43085495985868,0.00017961731815719
0.434445417857502,0.000155867932637308
0.438035875856324,0.000173972267911362
0.441626333855147,0.00018727564108323
0.445216791853969,0.000188789810121415
0.448807249852791,0.00018683787818986
0.452397707851614,0.000203092368686426
0.455988165850436,0.000186754770876075
0.459578623849258,0.000180419431374967
0.463169081848081,0.000200796405575624
0.466759539846903,0.000190940579692425
0.470349997845725,0.000202574429631012
0.473940455844548,0.000180787352094827
0.47753091384337,0.000173217034810505
0.481121371842192,0.000194828710156948
0.484711829841015,0.000192900149577476
0.488302287839837,0.000195199592914594
0.491892745838659,0.000178632801927293
0.495483203837482,0.000202656277160669
0.499073661836304,0.0002077021888379
0.502664119835126,0.000202299885101113
0.506254577833949,0.000210716250076972
0.509845035832771,0.00022909250538971
0.513435493831593,0.000216840135313703
0.517025951830416,0.000225137678934839
0.520616409829238,0.000218213937964453
0.52420686782806,0.000241186006642512
0.527797325826883,0.000229989470978232
0.531387783825705,0.00024846321940706
0.534978241824527,0.000252476020497973
0.53856869982335,0.000261771947908078
0.542159157822172,0.000259571980470859
0.545749615820994,0.000260020619063821
0.549340073819817,0.000280476192479856
0.552930531818639,0.000298921138500471
0.556520989817461,0.000298881555807972
0.560111447816284,0.000273927100154391
0.563701905815106,0.000323119194064234
0.567292363813928,0.000341953986419798
0.57088282181275,0.0003641320220877
0.574473279811573,0.00039396193959545
0.578063737810395,0.000438477629574573
0.581654195809218,0.00046102307901622
0.58524465380804,0.000529367239151464
0.588835111806862,0.000650622589111191
0.592425569805685,0.000936215025401517
0.596016027804507,0.00198329760973121
0.599606485803329,0.00449717098746043
0.603196943802151,0.00086650432920545
0.606787401800974,0.000469330719662092
0.610377859799796,0.000332941087305797
0.613968317798618,0.000198628180222988
0.617558775797441,0.000193105882541926
0.621149233796263,0.000213663005792662
0.624739691795085,0.000213382703680057
0.628330149793908,0.000206776073475483
0.63192060779273,0.000214277878421734
0.635511065791552,0.000207419041803213
0.639101523790375,0.000247006197152953
0.642691981789197,0.000243479943975357
0.646282439788019,0.000241465380974095
0.649872897786842,0.000251464893918388
0.653463355785664,0.000249844062137637
0.657053813784486,0.000267888008294237
0.660644271783309,0.000266853574926091
0.664234729782131,0.000270515617537639
0.667825187780953,0.000281276176213794
0.671415645779776,0.000290759052940535
0.675006103778598,0.000279853078491097
0.67859656177742,0.000306598904067062
0.682187019776243,0.00030262434025389
0.685777477775065,0.000315285971578735
0.689367935773887,0.000311625742051342
0.69295839377271,0.000313817235738055
0.696548851771532,0.000328949715263914
0.700139309770354,0.000331918093824606
0.703729767769177,0.000347444676954174
0.707320225767999,0.000354070553360254
0.710910683766821,0.000361666716847928
0.714501141765644,0.000360420939187948
0.718091599764466,0.00036511572171338
0.721682057763288,0.000381480519917422
0.725272515762111,0.000380273095385234
0.728862973760933,0.000385865645993592
0.732453431759755,0.000397147435132405
0.736043889758578,0.00040781477107935
0.7396343477574,0.000413913610649978
0.743224805756222,0.000423408222684998
0.746815263755045,0.000419916073747539
0.750405721753867,0.000420683752231285
0.753996179752689,0.000447756986722638
0.757586637751512,0.000446275629010786
0.761177095750334,0.000459062557405646
0.764767553749156,0.000463975317340461
0.768358011747979,0.00047607375675402
0.771948469746801,0.00047406429220704
0.775538927745623,0.000492472550180727
0.779129385744446,0.00050146778123575
0.782719843743268,0.000502363785055903
0.78631030174209,0.000514350167174521
0.789900759740913,0.000519806510807853
0.793491217739735,0.000544666256430212
0.797081675738557,0.000542129147634381
0.80067213373738,0.000558446856283417
0.804262591736202,0.000580719780575038
0.807853049735024,0.000581039667263745
0.811443507733847,0.000597664095988229
0.815033965732669,0.00060946469955553
0.818624423731491,0.000626455133630026
0.822214881730314,0.000640655241881367
0.825805339729136,0.000650508840124113
0.829395797727958,0.000673704571287228
0.832986255726781,0.000688122507091765
0.836576713725603,0.000700734542427829
0.840167171724425,0.00071600978093143
0.843757629723248,0.000742493366621089
0.84734808772207,0.000748090211446643
0.850938545720892,0.000765105541138534
0.854529003719715,0.000793287555490814
0.858119461718537,0.000813631342706152
0.861709919717359,0.000837600762244956
0.865300377716182,0.000859894237193088
0.868890835715004,0.000879218163321748
0.872481293713826,0.000901296650695989
0.876071751712649,0.00093177174052752
0.879662209711471,0.000958491592497555
0.883252667710293,0.00098984960462446
0.886843125709115,0.00103460403754209
0.890433583707938,0.00106369122960296
0.89402404170676,0.00109781538462456
0.897614499705583,0.00113456492093027
0.901204957704405,0.00117811447695614
0.904795415703227,0.00121777407046163
0.90838587370205,0.00126927888490857
0.911976331700872,0.00133327806220143
0.915566789699694,0.0013853003013028
0.919157247698516,0.00145594857376032
0.922747705697339,0.00151606551452072
0.926338163696161,0.00159589248123857
0.929928621694984,0.0016807033910401
0.933519079693806,0.00177228684936842
0.937109537692628,0.00187817672692344
0.940699995691451,0.00198458692532169
0.944290453690273,0.00211671368769069
0.947880911689095,0.00226777886968158
0.951471369687917,0.0024264784107378
0.95506182768674,0.0026273192536958
0.958652285685562,0.00286224971461926
0.962242743684384,0.00312145836308919
0.965833201683207,0.00346432017002282
0.969423659682029,0.00387308273487617
0.973014117680852,0.00439155683095711
0.976604575679674,0.00505916611414177
0.980195033678496,0.00597219698923945
0.983785491677318,0.00729398907647307
0.987375949676141,0.00942889725341116
0.990966407674963,0.0131555038801169
0.994556865673785,0.0218212517378418
0.998147323672608,0.0641474946499702
1.00173778167143,0.0683516362095796
1.00532823967025,0.0223079030195243
1.00891869766907,0.0133202451583801
1.0125091556679,0.00949177975460072
1.01609961366672,0.0074045122084325
1.01969007166554,0.00604913297686599
1.02328052966436,0.00511658215418924
1.02687098766319,0.00442504777992717
1.03046144566201,0.00391462085718399
1.03405190366083,0.00350240450265952
1.03764236165965,0.00317604731603706
1.04123281965848,0.0028881981080449
1.0448232776573,0.0026617717846864
1.04841373565612,0.0024686744864062
1.05200419365494,0.00228901449247353
1.05559465165377,0.00214607315388493
1.05918510965259,0.00201996043052392
1.06277556765141,0.00190062935152531
1.06636602565023,0.00179822181651181
1.06995648364905,0.00170566560369479
1.07354694164788,0.0016266757752861
1.0771373996467,0.00155246074638066
1.08072785764552,0.00147553506155132
1.08431831564434,0.00141729526013386
1.08790877364317,0.00135732195302016
1.09149923164199,0.00131299167491485
1.09508968964081,0.00126702471662172
1.09868014763963,0.00121080609296317
1.10227060563846,0.00117384549602798
1.10586106363728,0.00112964323357337
1.1094515216361,0.00109236569639419
1.11304197963492,0.00105466905211773
1.11663243763374,0.00103095133799001
1.12022289563257,0.00100019882259941
1.12381335363139,0.000968867377047054
1.12740381163021,0.000940269593934886
1.13099426962903,0.000915842107588882
1.13458472762786,0.000885044106666851
1.13817518562668,0.00086274563121229
1.1417656436255,0.000847707333111836
1.14535610162432,0.000825580095048507
1.14894655962315,0.000809947427375291
1.15253701762197,0.000788785372291296
1.15612747562079,0.000765880356632892
1.15971793361961,0.000749076359064491
1.16330839161844,0.000730201952036046
1.16689884961726,0.000717357871776117
1.17048930761608,0.000700291030716285
1.1740797656149,0.00068824154858631
1.17767022361372,0.000674708926477864
1.18126068161255,0.000659705971406928
1.18485113961137,0.000650226394703645
1.18844159761019,0.000635468361142233
1.19203205560901,0.000626524972424157
1.19562251360784,0.000610748082583683
1.19921297160666,0.000603522074021509
1.20280342960548,0.000596260289708224
1.2063938876043,0.000580888192147089
1.20998434560313,0.00057591710182703
1.21357480360195,0.000562817859589826
1.21716526160077,0.000550900611501689
1.22075571959959,0.000540032876560481
1.22434617759841,0.000534130193390265
1.22793663559724,0.000528931586173434
1.23152709359606,0.00051640221163653
1.23511755159488,0.000513137627232391
1.2387080095937,0.000502377284900698
1.24229846759253,0.000496782762301784
1.24588892559135,0.000486832639544023
1.24947938359017,0.000482554377911933
1.25306984158899,0.000472867398670371
1.25666029958782,0.000463788095504104
1.26025075758664,0.000459436036622773
1.26384121558546,0.000453517162578923
1.26743167358428,0.000447140631161241
1.2710221315831,0.000440951616749133
1.27461258958193,0.000436313424283542
1.27820304758075,0.000427069366820278
1.28179350557957,0.000425643370794293
1.28538396357839,0.000418028322036944
1.28897442157722,0.000413810727851307
1.29256487957604,0.000406773726731723
1.29615533757486,0.000404519832997131
1.29974579557368,0.000399796957464571
1.30333625357251,0.000394644905158897
1.30692671157133,0.000392158569811071
1.31051716957015,0.000384290259249183
1.31410762756897,0.000377405337480387
1.3176980855678,0.000376434407588737
1.32128854356662,0.000370297637977508
1.32487900156544,0.000369286846662098
1.32846945956426,0.000360479645303226
1.33205991756308,0.000357640376971835
1.33565037556191,0.000356647857708423
1.33924083356073,0.00035070397819947
1.34283129155955,0.000347493532591516
1.34642174955837,0.000342525653120239
1.3500122075572,0.000338854880556315
1.35360266555602,0.000335589393573488
1.35719312355484,0.000329984441669871
1.36078358155366,0.000325334589713501
1.36437403955249,0.000325949422091383
1.36796449755131,0.000318769151224012
1.37155495555013,0.000313054590823981
1.37514541354895,0.000311664409641886
1.37873587154777,0.000306496598134083
1.3823263295466,0.000301443039366701
1.38591678754542,0.000296153009855961
1.38950724554424,0.000289223130564818
1.39309770354306,0.000279740789958838
1.39668816154189,0.000262690652228085
1.40027861954071,0.000282803324912035
1.40386907753953,0.000405194393443981
1.40745953553835,0.000334809532334438
1.41104999353718,0.000318265964455879
1.414640451536,0.000312204593387133
1.41823090953482,0.00029925676514399
1.42182136753364,0.000293627554929945
1.42541182553247,0.000290034506347891
1.42900228353129,0.000286580408533495
1.43259274153011,0.000284059252980675
1.43618319952893,0.000281327204855065
1.43977365752775,0.000282038002841176
1.44336411552658,0.000277941641553157
1.4469545735254,0.000271365151809045
1.45054503152422,0.000271718109857917
1.45413548952304,0.000270967616359446
1.45772594752187,0.000266672992767448
1.46131640552069,0.000261015645390547
1.46490686351951,0.000260107593665388
1.46849732151833,0.000257855160510843
1.47208777951716,0.000258272041667547
1.47567823751598,0.000254023151387741
1.4792686955148,0.000252969843458486
1.48285915351362,0.000249786869024324
1.48644961151244,0.000248420817650048
1.49004006951127,0.000246064113912896
1.49363052751009,0.000244450171239063
1.49722098550891,0.000241927525387145
1.50081144350773,0.000241252530256594
1.50440190150656,0.000239021634785879
1.50799235950538,0.000240129898361196
1.5115828175042,0.000236971837249627
1.51517327550302,0.000234625310691366
1.51876373350185,0.000231372153253703
1.52235419150067,0.000230379976733662
1.52594464949949,0.000227672256174533
1.52953510749831,0.000225984226367653
1.53312556549713,0.000226724861221651
1.53671602349596,0.000223864011759296
1.54030648149478,0.000224267007263
1.5438969394936,0.000220377148292255
1.54748739749242,0.000217945183408607
1.55107785549125,0.000217544007804747
1.55466831349007,0.000216641349541317
1.55825877148889,0.000215042145332122
1.56184922948771,0.000213303175417399
1.56543968748654,0.000214604067548132
1.56903014548536,0.000212620987573325
1.57262060348418,0.00021014149782193
1.576211061483,0.000208497365776214
1.57980151948183,0.000206861735559216
1.58339197748065,0.000205663592230406
1.58698243547947,0.000205329798245627
1.59057289347829,0.000203388309188812
1.59416335147711,0.00020109262657924
1.59775380947594,0.000199048510554586
1.60134426747476,0.000199389228214898
1.60493472547358,0.000196587331469418
1.6085251834724,0.000198020329946588
1.61211564147123,0.000195566193177616
1.61570609947005,0.000194172882362068
1.61929655746887,0.000192653210184118
1.62288701546769,0.00019036109805289
1.62647747346652,0.000190305684311115
1.63006793146534,0.000190110623688465
1.63365838946416,0.000188541120437569
1.63724884746298,0.00018649635219417
1.6408393054618,0.000185275706134822
1.64442976346063,0.000185044423532137
1.64802022145945,0.000184137626180851
1.65161067945827,0.000182349350840094
1.65520113745709,0.000183233164694522
1.65879159545592,0.000180554680381877
1.66238205345474,0.000180129457397989
1.66597251145356,0.000179603830155175
1.66956296945238,0.00017837945041721
1.67315342745121,0.000176395673656896
1.67674388545003,0.000175870244111831
1.68033434344885,0.000175276815737854
1.68392480144767,0.00017430344331932
1.6875152594465,0.000173879801769954
1.69110571744532,0.000172275109940148
1.69469617544414,0.000171160732612463
1.69828663344296,0.000170558500500515
1.70187709144178,0.000170135786635426
1.70546754944061,0.000169668665617251
1.70905800743943,0.00016829876880503
1.71264846543825,0.000167196060595557
1.71623892343707,0.00016575265590937
1.7198293814359,0.000165959507715305
1.72341983943472,0.00016503760122804
1.72701029743354,0.00016301472707457
1.73060075543236,0.000162254819684466
1.73419121343119,0.00016037707950492
1.73778167143001,0.000160246440727622
1.74137212942883,0.000160412344415577
1.74496258742765,0.00016034401168679
1.74855304542647,0.000157973313237385
1.7521435034253,0.000157730345209089
1.75573396142412,0.000157766165508055
1.75932441942294,0.000157162568780172
1.76291487742176,0.00015709424916575
1.76650533542059,0.000154644963722389
1.77009579341941,0.000154489960404792
1.77368625141823,0.000152916995524665
1.77727670941705,0.000153385601825695
1.78086716741588,0.000151113070784564
1.7844576254147,0.000153109719873384
1.78804808341352,0.000149592246488353
1.79163854141234,0.000149564236560458
1.79522899941117,0.000148743255639985
1.79881945740999,0.000150591503428465
1.80240991540881,0.000222414673829291
1.80600037340763,0.000147143224821794
1.80959083140645,0.000147994403433724
1.81318128940528,0.000144476175841026
1.8167717474041,0.000140998425288386
1.82036220540292,0.000144241581113565
1.82395266340174,0.000144250095301704
1.82754312140057,0.000141629973157253
1.83113357939939,0.000142136044463068
1.83472403739821,0.000142288779624629
1.83831449539703,0.000141823909202418
1.84190495339586,0.000140407422435152
1.84549541139468,0.000140229987062987
1.8490858693935,0.000139760429506064
1.85267632739232,0.000138725425538889
1.85626678539114,0.000138963832426386
1.85985724338997,0.000137307381496461
1.86344770138879,0.000137578090492042
1.86703815938761,0.000136306654355128
1.87062861738643,0.000136417337738509
1.87421907538526,0.000134778000212442
1.87780953338408,0.000135255343346179
1.8813999913829,0.000134313631166114
1.88499044938172,0.000133514680716699
1.88858090738055,0.000132852699319454
1.89217136537937,0.000131982387974163
1.89576182337819,0.00013166779746536
1.89935228137701,0.000130984949552731
1.90294273937583,0.000130850709045523
1.90653319737466,0.000130649751247697
1.91012365537348,0.000130822783551716
1.9137141133723,0.000128634872936468
1.91730457137112,0.000128579718299227
1.92089502936995,0.000128310226883788
1.92448548736877,0.000128475078430642
1.92807594536759,0.000126589096791426
1.93166640336641,0.000127004944184452
1.93525686136524,0.00012622461496804
1.93884731936406,0.000124973969353652
1.94243777736288,0.000124623757566998
1.9460282353617,0.000125630572793866
1.94961869336053,0.00012475403047584
1.95320915135935,0.000123521160056866
1.95679960935817,0.000123122662639941
1.96039006735699,0.000122611700924662
1.96398052535581,0.000121718220095168
1.96757098335464,0.000121310274882106
1.97116144135346,0.000121069296655505
1.97475189935228,0.000120953263067582
1.9783423573511,0.000119109532329875
1.98193281534993,0.000119675220205894
1.98552327334875,0.000119794721690788
1.98911373134757,0.000118832603887632
1.99270418934639,0.000118729840256772
1.99629464734522,0.000117334319950508
1.99988510534404,0.000116843760772167
2.00347556334286,0.000116638628504685
2.00706602134168,0.000116215312268079
2.01065647934051,0.000116266040098007
2.01424693733933,0.000117159199986665
2.01783739533815,0.000115390051482926
2.02142785333697,0.000115046922690278
2.02501831133579,0.000113625556559749
2.02860876933462,0.000114608029138406
2.03219922733344,0.000114097701593954
2.03578968533226,0.000112813588073236
2.03938014333108,0.000112497849647294
2.04297060132991,0.000112284875574447
2.04656105932873,0.0001125693412774
2.05015151732755,0.000113188135464251
2.05374197532637,0.000112218976141084
2.05733243332519,0.000110630794451985
2.06092289132402,0.000109832454212058
2.06451334932284,0.000109551185052961
2.06810380732166,0.000110497851868896
2.07169426532048,0.000109660044578379
2.07528472331931,0.00010894643860236
2.07887518131813,0.000108382249561615
2.08246563931695,0.000107247796226251
2.08605609731577,0.000107897913579041
2.0896465553146,0.000107385681760501
2.09323701331342,0.000106941251199538
2.09682747131224,0.000105623858269703
2.10041792931106,0.000106292580257537
2.10400838730989,0.000107079860745206
2.10759884530871,0.000106177960212197
2.11118930330753,0.000104897127378476
2.11477976130635,0.00010485358186141
2.11837021930517,0.000103960404003685
2.121960677304,0.000103965381259907
2.12555113530282,0.000104119373762813
2.12914159330164,0.000103964043320339
2.13273205130046,0.000103048892343215
2.13632250929929,0.000102633135764812
2.13991296729811,0.000102316421293518
2.14350342529693,0.000101989085867777
2.14709388329575,0.000101167148279397
2.15068434129458,0.000100617782783352
2.1542747992934,0.000100789091197404
2.15786525729222,9.99005677887281e-05
2.16145571529104,0.000100846146658043
2.16504617328986,9.97189824295317e-05
2.16863663128869,9.95847200539374e-05
2.17222708928751,9.9479988045977e-05
2.17581754728633,9.85156786848631e-05
2.17940800528515,9.88778578586609e-05
2.18299846328398,9.91947776368967e-05
2.1865889212828,9.69026586080813e-05
2.19017937928162,9.67884687451309e-05
2.19376983728044,9.74147346919444e-05
2.19736029527927,9.67441987971129e-05
2.20095075327809,9.67827062464198e-05
2.20454121127691,0.000128210511119682
2.20813166927573,9.66943262781043e-05
2.21172212727456,9.7011427611325e-05
2.21531258527338,9.64915537004884e-05
2.2189030432722,9.73569978689197e-05
2.22249350127102,9.57413997287547e-05
2.22608395926984,9.60239131972026e-05
2.22967441726867,9.40485623344566e-05
2.23326487526749,9.48660288195843e-05
2.23685533326631,9.4088083161938e-05
2.24044579126513,9.41967072333196e-05
2.24403624926396,9.34189678445534e-05
2.24762670726278,9.31860725993487e-05
2.2512171652616,9.27687701311036e-05
2.25480762326042,9.33723866254125e-05
2.25839808125925,9.33444527513111e-05
2.26198853925807,9.26203072798743e-05
2.26557899725689,9.21192979260695e-05
2.26916945525571,9.17356871462822e-05
2.27275991325454,9.16469129702039e-05
2.27635037125336,9.13306597162009e-05
2.27994082925218,9.16497612113787e-05
2.283531287251,9.08143880999806e-05
2.28712174524982,9.03186403556679e-05
2.29071220324865,8.98545049136325e-05
2.29430266124747,8.96850544397239e-05
2.29789311924629,8.89669737170872e-05
2.30148357724511,8.89549057594669e-05
2.30507403524394,8.93218963126483e-05
2.30866449324276,8.86816001818302e-05
2.31225495124158,8.81803002019025e-05
2.3158454092404,8.83372473257289e-05
2.31943586723923,8.80572051301659e-05
2.32302632523805,8.80766186626798e-05
2.32661678323687,8.72671658872514e-05
2.33020724123569,8.68852180658771e-05
2.33379769923451,8.69828602727345e-05
2.33738815723334,8.68818632217902e-05
2.34097861523216,8.72697664964888e-05
2.34456907323098,8.65494123552271e-05
2.3481595312298,8.62951527453317e-05
2.35174998922863,8.55748702297365e-05
2.35534044722745,8.51778169238891e-05
2.35893090522627,8.61074358772488e-05
2.36252136322509,8.57799656937103e-05
2.36611182122392,8.55002636566439e-05
2.36970227922274,8.47990393194881e-05
2.37329273722156,8.50855715542843e-05
2.37688319522038,8.40845334753811e-05
2.38047365321921,8.42728506130048e-05
2.38406411121803,8.36264208286679e-05
2.38765456921685,8.38228773413979e-05
2.39124502721567,8.31174267555268e-05
2.39483548521449,8.38913727468998e-05
2.39842594321332,8.31360373103715e-05
2.40201640121214,8.22915974885968e-05
2.40560685921096,8.21742571724898e-05
2.40919731720978,8.24977211560451e-05
2.41278777520861,8.19275969106663e-05
2.41637823320743,8.18146229610478e-05
2.41996869120625,8.15581810753199e-05
2.42355914920507,8.09477000705837e-05
2.4271496072039,8.12215090989083e-05
2.43074006520272,8.07466896555839e-05
2.43433052320154,8.05894059783955e-05
2.43792098120036,8.03144435441518e-05
2.44151143919918,7.98130733792005e-05
2.44510189719801,8.01841580837928e-05
2.44869235519683,8.02210288704338e-05
2.45228281319565,7.97638166909745e-05
2.45587327119447,7.94109896908548e-05
2.4594637291933,7.95286765019992e-05
2.46305418719212,7.92616601814496e-05
2.46664464519094,7.93354339837507e-05
2.47023510318976,7.95497364689298e-05
2.47382556118859,7.87623992930832e-05
2.47741601918741,7.88063129897973e-05
2.48100647718623,7.78456609285601e-05
2.48459693518505,7.85106006380585e-05
2.48818739318387,7.80588045500266e-05
2.4917778511827,7.80659523614201e-05
2.49536830918152,7.70470256831405e-05
2.49895876718034,7.71559687423625e-05
2.50254922517916,7.68042757594542e-05
2.50613968317799,7.72458636376878e-05
2.50973014117681,7.69135339113668e-05
2.51332059917563,7.65174546269518e-05
2.51691105717445,7.64560049403292e-05
2.52050151517328,7.60983521037087e-05
2.5240919731721,7.63363009348126e-05
2.52768243117092,7.59112374314752e-05
2.53127288916974,7.59121230791104e-05
2.53486334716857,7.51074405631697e-05
2.53845380516739,7.52992217164988e-05
2.54204426316621,7.48209072944056e-05
2.54563472116503,7.49519638374744e-05
2.54922517916385,7.43452746857296e-05
2.55281563716268,7.45430359018185e-05
2.5564060951615,7.43660609985815e-05
2.55999655316032,7.45187868475881e-05
2.56358701115914,7.40955527694205e-05
2.56717746915797,7.32723339958547e-05
2.57076792715679,7.42975018037375e-05
2.57435838515561,7.39139852189901e-05
2.57794884315443,7.37226076319539e-05
2.58153930115326,7.36801935468757e-05
2.58512975915208,7.3948606857421e-05
2.5887202171509,7.49721289077675e-05
2.59231067514972,7.27494120216485e-05
2.59590113314854,7.34020424568955e-05
2.59949159114737,7.39271533173051e-05
2.60308204914619,7.79960411211372e-05
2.60667250714501,6.21018628968278e-05
2.61026296514383,6.90489617452792e-05
2.61385342314266,7.00663807042465e-05
2.61744388114148,7.09063462945212e-05
2.6210343391403,6.89955898753192e-05
2.62462479713912,7.04028777704887e-05
2.62821525513795,6.97084197653524e-05
2.63180571313677,6.99870579205329e-05
2.63539617113559,6.93572337681367e-05
2.63898662913441,6.97089994566765e-05
2.64257708713324,6.89371684541146e-05
2.64616754513206,6.98074073949992e-05
2.64975800313088,6.94365558651808e-05
2.6533484611297,6.92234000842346e-05
2.65693891912852,6.8344695181046e-05
2.66052937712735,6.80473126045422e-05
2.66411983512617,6.89953445934813e-05
2.66771029312499,6.87385548854013e-05
2.67130075112381,6.83304843122703e-05
2.67489120912264,6.82568396968063e-05
2.67848166712146,6.82928254379353e-05
2.68207212512028,6.74816028953045e-05
2.6856625831191,6.79240150092897e-05
2.68925304111792,6.77740370917259e-05
2.69284349911675,6.75861957388761e-05
2.69643395711557,6.74068320313428e-05
2.70002441511439,6.73708045866297e-05
2.70361487311321,6.6960982465787e-05
2.70720533111204,6.71668163981873e-05
2.71079578911086,6.69694555984082e-05
2.71438624710968,6.7176955146497e-05
2.7179767051085,6.67884547963358e-05
2.72156716310733,6.63497774398866e-05
2.72515762110615,6.59540045551261e-05
2.72874807910497,6.59728247212544e-05
2.73233853710379,6.62500628089241e-05
2.73592899510262,6.59674331558633e-05
2.73951945310144,6.59802341538729e-05
2.74310991110026,6.5554752231902e-05
2.74670036909908,6.5433965830761e-05
2.7502908270979,6.52952403393711e-05
2.75388128509673,6.51773282295659e-05
2.75747174309555,6.48295003589955e-05
2.76106220109437,6.53274105572158e-05
2.76465265909319,6.49671506230544e-05
2.76824311709202,6.42788962239308e-05
2.77183357509084,6.41459405821485e-05
2.77542403308966,6.44121308557265e-05
2.77901449108848,6.43664268803371e-05
2.78260494908731,6.40774776716711e-05
2.78619540708613,6.39883210922234e-05
2.78978586508495,6.37786234245675e-05
2.79337632308377,6.38307582610014e-05
2.7969667810826,6.29897559036791e-05
2.80055723908142,6.33842038044843e-05
2.80414769708024,6.27299033313465e-05
2.80773815507906,6.31217124012515e-05
2.81132861307788,6.29498486666799e-05
2.81491907107671,6.28668107158205e-05
2.81850952907553,6.29647009968437e-05
2.82209998707435,6.23987396104039e-05
2.82569044507317,6.27673577114644e-05
2.829280903072,6.25119958238714e-05
2.83287136107082,6.22118474084357e-05
2.83646181906964,6.24864256056278e-05
2.84005227706846,6.23490855662803e-05
2.84364273506729,6.2100722780703e-05
2.84723319306611,6.13614860566541e-05
2.85082365106493,6.16420912408325e-05
2.85441410906375,6.14424507722273e-05
2.85800456706257,6.17499548148247e-05
2.8615950250614,6.11132282639064e-05
2.86518548306022,6.09761942607261e-05
2.86877594105904,6.08880229188667e-05
2.87236639905786,6.12954409293509e-05
2.87595685705669,6.08420838095482e-05
2.87954731505551,6.10551133407752e-05
2.88313777305433,6.08435723760534e-05
2.88672823105315,6.06529499298722e-05
2.89031868905198,5.99395906663087e-05
2.8939091470508,6.04990064541031e-05
2.89749960504962,6.03488989044974e-05
2.90109006304844,5.99603893875285e-05
2.90468052104727,5.94964176148682e-05
2.90827097904609,5.98679808541549e-05
2.91186143704491,6.01601885976798e-05
2.91545189504373,5.92789270153673e-05
2.91904235304255,5.90873072820939e-05
2.92263281104138,5.93506972558844e-05
2.9262232690402,5.91663983779175e-05
2.92981372703902,5.88706094879439e-05
2.93340418503784,5.85480849667325e-05
2.93699464303667,5.89710351058679e-05
2.94058510103549,5.91381510231088e-05
2.94417555903431,5.88577716051076e-05
2.94776601703313,5.78811177812034e-05
2.95135647503196,5.81190798023753e-05
2.95494693303078,5.882428625713e-05
2.9585373910296,5.79022793764059e-05
2.96212784902842,5.72920822687636e-05
2.96571830702724,5.80207090609283e-05
2.96930876502607,5.72965272767013e-05
2.97289922302489,5.70232998046648e-05
2.97648968102371,5.74229833924156e-05
2.98008013902253,5.64901417540135e-05
2.98367059702136,5.638871180471e-05
2.98726105502018,5.64520367286291e-05
2.990851513019,5.5114559564454e-05
2.99444197101782,5.65417970542035e-05
2.99803242901665,5.54390935044853e-05
