w1,w2,w3,w4,w5,w6,it
0.151256864477835,0.0165632599787911,6927.22171424574,-0.00262851547316506,0.139743629755433,1.39999929743232,4.99530886276041
0.145843354380199,0.047110779414057,6927.53355951722,-0.0454694862565983,0.132241504427616,1.39999989617414,4.9188501637442
0.131297809685501,0.0745339811144661,6927.84540484286,-0.0839431118661051,0.111957740621194,1.3999999384785,4.85018590831895
0.109019495831038,0.096181579902002,6928.15725021867,-0.114336332726795,0.0808473963709002,1.40000005193703,4.79594283017611
0.0811535027431964,0.109959652798085,6928.46909559467,-0.133718675553242,0.0419122851417298,1.39999992839008,4.76135097361227
0.0503837879137295,0.11453341039478,6928.78094095868,-0.140220255680878,-0.00109178811919376,1.40000006931699,4.7497475400528
0.0196743868943117,0.109455858430387,6929.0927863131,-0.133213969514059,-0.0440164734681427,1.399999931157,4.76225172741023
-0.00909174804744546,0.0944126968339369,6929.41797215542,-0.112262455337594,-0.0842246008163731,1.39999949064795,4.79964409940969
-0.0315659637900919,0.0709762294841109,6929.74315798466,-0.0795604038136593,-0.115632598524036,1.39999988889094,4.85800777018925
-0.0453955570837158,0.0415978531286576,6930.06834383278,-0.0385373202253568,-0.134946887549013,1.3999997858798,4.93122206817168
-0.0491349809976233,0.00935154335615952,6930.39352968342,0.00650587974951138,-0.140142545745996,1.39999967217735,5.01161110713663
-0.0423970400572221,-0.0223889615370902,6930.71871550702,0.050848472236439,-0.130675111047117,1.39999957964721,5.0907497650745
-0.0258925843508934,-0.0503032422904545,6931.04390129858,0.0898428801648288,-0.107537354938752,1.39999950915597,5.16034346579113
-0.00135573680714499,-0.0714716706211008,6931.36908707288,0.119401838027702,-0.0731543976504302,1.39999945323797,5.2130976266129
0.0286375381810136,-0.0836814212811767,6931.69427284608,0.136426959271709,-0.0311298526827038,1.39999945386975,5.24348252679386
0.0609391702905037,-0.0856586725615165,6932.01945862568,0.139133720461503,0.0141315490690089,1.39999948130881,5.2483133099282
0.0921590190337941,-0.0772022606994572,6932.3446444152,0.127238479833841,0.0578855467666575,1.39999954375199,5.22708375779052
0.120313353272476,-0.0579666038228835,6932.68773056432,0.100252013527834,0.0973601614726028,1.39999937019877,5.17892074777768
0.140332082228282,-0.0303668490031042,6933.03081673909,0.0615554107048393,0.125456485956356,1.39999980797921,5.10985854274153
0.149874498461336,0.0023704136088258,6933.37390297561,0.0156619212292731,0.138898786999534,1.39999995010806,5.0279519837993
0.147822755474761,0.0364202738537208,6933.71698927633,-0.0320767938127803,0.136118388155221,1.40000016094608,4.94275223276488
0.134411573304475,0.0678063524458528,6934.06007561078,-0.076097507180624,0.117440788790215,1.4000002197033,4.86418803563487
0.111199421029708,0.0928633073114586,6934.4031619662,-0.111269863379921,0.0850433952021732,1.40000039565394,4.80141558797192
0.0808864333590299,0.108663076169691,6934.7462483287,-0.133494423438263,0.0427024158887608,1.40000031867088,4.7617511985523
0.047000313225667,0.11335614131432,6935.0893346889,-0.140179893063362,-0.00464741674734599,1.40000032216831,4.74981957561053
0.0134856081328569,0.106387586953047,6935.43242103513,-0.130547088297237,-0.0514869431002548,1.40000022108596,4.76701133636726
-0.0157561983763632,0.088562020945556,6935.77550735675,-0.105718755755513,-0.0923563763600174,1.40000011184128,4.81132270397092
-0.03732175213569,0.0619496602784114,6936.11859364328,-0.0685889568185387,-0.1224919075754,1.39999994355486,4.87758861880757
-0.0487025804872747,0.0296448415457364,6936.4616798891,-0.023485434846444,-0.138380988113495,1.39999978145736,4.95808531503017
-0.0494981221927437,0.00174971142091234,6936.74089623995,0.0154720609749314,-0.139465100681915,1.39999958187785,5.02761313834887
-0.0425971516136485,-0.0252745828769874,6937.02011257174,0.0532136888041077,-0.129775910021647,1.39999960988686,5.09497099018561
-0.0285343903942143,-0.0493461605755866,6937.29932890356,0.0868240532179946,-0.110059670414975,1.39999961351307,5.15495573585203
-0.00839942771709589,-0.0686067612302951,6937.57854523586,0.11370158213487,-0.0818417175393175,1.3999995450822,5.20292432424241
0.0162460288010123,-0.0815671676709314,6937.85776155625,0.131762011077741,-0.0473086393457188,1.39999947026579,5.23515694818614
0.04349004546224,-0.0872269694607545,6938.13697786604,0.139604724105726,-0.00913648712774187,1.39999949738367,5.24915391473268
0.0712198446945553,-0.0851533327818881,6938.41619417932,0.136622825946948,0.0297180953389824,1.39999954268338,5.24383209196234
0.0992959712897165,-0.0743975498412062,6938.71842411555,0.121480774615037,0.0690641892098716,1.39999940202977,5.21680792504681
0.122876341920006,-0.0557650518392957,6939.02065406037,0.0953118001667436,0.102121048306953,1.39999961247782,5.17010390073748
0.139819270157427,-0.0309519372147987,6939.32288402391,0.0604894621438329,0.125891126636257,1.39999964511485,5.10795613393281
0.148585527504596,-0.00221452346957398,6939.62511400937,0.0201713489757651,0.138217967732524,1.39999974968363,5.03600000354533
0.14837795378346,0.027835565693115,6939.92734400865,-0.0219881452817178,0.137985149055913,1.39999977329144,4.96075754234146
0.139212924849093,0.056467966332132,6940.22957402276,-0.0621674403304024,0.125214182490882,1.39999990506493,4.88904916200759
0.121918421603899,0.0810808048516112,6940.5318040456,-0.0967244140870623,0.101062978609886,1.3999998675712,4.8273749934009
0.0935624703921656,0.101765805165816,6940.88460761687,-0.125807080108553,0.0614347215777172,1.39999934652501,4.77547087528073
0.0597675211203277,0.111380403128189,6941.23741123114,-0.13940256284711,0.0141864661010754,1.40000039450332,4.75120688444023
0.0305335010188688,0.110050364454794,6941.53062900833,-0.137660700999985,-0.0266933097658764,1.39999943823157,4.75431560229283
0.00291513492727016,0.100336254664723,6941.82384675691,-0.124182324158844,-0.0653167684198564,1.39999981706088,4.77837059309435
-0.0207404672028931,0.0830595307330502,6942.11706448348,-0.10011686536852,-0.0983960213384421,1.39999971664426,4.82132045246234
-0.0384193264056561,0.0596865592719042,6942.41028221551,-0.0675153485488606,-0.123110983382307,1.39999976261496,4.87950469797318
-0.0486122551208377,0.0322054668926306,6942.70349995292,-0.0291605878158672,-0.137349397713619,1.39999966174531,4.94795681409229
-0.0504491151603579,0.00295620009316381,6942.99671768024,0.0116720371698462,-0.139893170338241,1.39999962435467,5.02083119874633
-0.0437757387561693,-0.0255703674325737,6943.28993539147,0.0514965673469449,-0.130525239231245,1.39999959025713,5.09190642674864
-0.0275346561063953,-0.052951049953591,6943.60893231824,0.0897128894046469,-0.107761511107211,1.3999995650606,5.16011147001172
-0.00355109587824274,-0.0738508770976136,6943.9279292364,0.118863672560212,-0.07415782420044,1.39999947933541,5.21213715744642
0.0257501753016908,-0.0861675734401928,6944.24692614466,0.136005888448188,-0.0331071527388576,1.3999994420734,5.24273103758222
0.0574084134370841,-0.0886660582569986,6944.56592304988,0.139409163044622,0.0112475510155117,1.39999948227177,5.24880489499674
0.0882259506603482,-0.0811028320550113,6944.88491996687,0.128730440773749,0.0544314343949057,1.39999956640168,5.22974647505304
0.115090152517359,-0.0642494951314714,6945.20391690387,0.105047670764937,0.0920880017834806,1.39999963391671,5.18747960409142
0.135286992571574,-0.0398144851432821,6945.52291386006,0.0707504735694943,0.120417844638189,1.3999997113854,5.12626906125097
0.147034936978036,-0.009008946245094,6945.85480650974,0.0275283031078578,0.1369293289221,1.39999931340294,5.04913003144561
0.148073585024308,0.0239520965198539,6946.18669918095,-0.0187170366073803,0.138454678048286,1.40000000381009,4.96659552194386
0.138285367171598,0.0554598040811409,6946.51859192724,-0.0629365343379852,0.124829307910064,1.40000009797487,4.88767655241995
0.118735210521783,0.0820649132409395,6946.85048474014,-0.100301027442891,0.0975389156732733,1.40000024547384,4.82099177660936
0.091553506632883,0.100854569908936,6947.18237755933,-0.126734137212362,0.0595632979143382,1.40000014367287,4.77381634741232
0.0597031825242813,0.109769164447275,6947.51427036692,-0.139351101605183,0.0150472917666189,1.40000028705455,4.75129872782135
0.0266565145990178,0.107826412166211,6947.84616316078,-0.136774903755859,-0.0311503911808179,1.40000011648389,4.75589649328665
-0.00398346420812532,0.0952287523945761,6948.17805594229,-0.119285862453111,-0.0739876407497961,1.40000007182359,4.78710935612789
-0.0288761826079027,0.0733416950755347,6948.50994870344,-0.0887929978232128,-0.108788781936694,1.39999994128911,4.84153026947892
-0.0458764779140066,0.0429543609483978,6948.8586432405,-0.0464050721650044,-0.132549640333062,1.39999955750833,4.91718041443492
-0.0515012680249816,0.00859193140624724,6949.20733773674,0.00155464859425955,-0.140396780680326,1.39999968655194,5.00277459653156
-0.0450768123468497,-0.025616889513066,6949.55603221769,0.0493102420648075,-0.131385053013293,1.39999951969765,5.08800447066217
-0.0273810200608405,-0.0555632176573809,6949.90472668385,0.0911116746023951,-0.106599647818396,1.3999994132393,5.16260789561709
-0.00583052707004971,-0.07445821491096,6950.19185369547,0.117471752095008,-0.0764203875166281,1.39999953671556,5.20965298339627
0.0201621764433923,-0.0864750893293398,6950.47898071806,0.134206560530811,-0.0400202655945403,1.39999956606667,5.23951975947273
0.0484744078810945,-0.0906384918503493,6950.76610775324,0.1399481477204,-0.000370060177664877,1.39999959462297,5.24976682621226
0.0767893187317542,-0.0866123506955966,6951.05323478606,0.134225971665762,0.0392870006851935,1.39999952216569,5.23955440271488
0.102785451326267,-0.0747301902133087,6951.34036180451,0.117507383796086,0.0757007754186105,1.39999947541756,5.20971657564122
0.12433116936325,-0.0559702514079621,6951.62748881849,0.0911611189060582,0.105887462535689,1.39999953602184,5.1626961393488
0.139661306896514,-0.0318750638291464,6951.91461585099,0.05734487378409,0.127376015805227,1.39999966574796,5.10234395637169
0.147934216087858,-0.00087030872175963,6952.23756340316,0.0138417335453178,0.138992443930685,1.39999930898775,5.02470347706064
0.14591128870213,0.0311605415831719,6952.56051098469,-0.0311033204462387,0.136199234281925,1.3999999605518,4.94448960019077
0.133799740110134,0.060894084499385,6952.88345862895,-0.0728399611743473,0.119287246061826,1.40000002482461,4.8700018098111
0.112850858923673,0.085245816543593,6953.20640632488,-0.107049021085746,0.0900037830464678,1.40000015712035,4.80894856644238
0.0852297641441542,0.101689761682021,6953.52935402406,-0.130195463461515,0.0513775635259897,1.40000005802292,4.76763888464616
0.0537909577002536,0.108518007366755,6953.85230171525,-0.139887024062803,0.00740219257486923,1.40000019227845,4.75034226177649
0.02178332079318,0.105016101560574,6954.17524939515,-0.135121884027373,-0.0373756002839972,1.40000002569367,4.75884665374232
-0.00748531492416762,0.0915371512495666,6954.4981970627,-0.116391682244071,-0.0783262675630669,1.39999998757088,4.79227462781653
-0.0312526559798692,0.0691221055380194,6954.82545341749,-0.0851531869827202,-0.111583349651337,1.39999953253838,4.84802627543864
-0.0465804324141022,0.0402559602195289,6955.1527097423,-0.0448809607324187,-0.133034046090234,1.39999978997129,4.91990051099576
-0.0518426444987165,0.00799463311758692,6955.47996606848,0.00014924886077854,-0.140401005826484,1.3999996701582,5.00026636589965
-0.0464821855334644,-0.0242459079901708,6955.80722239203,0.0451572178393013,-0.132902360618935,1.39999956811846,5.08059252776129
-0.0310696022465561,-0.0530523333119887,6956.13447869426,0.0853664481052711,-0.111333812196072,1.39999949186996,5.15235433376986
-0.00724219713016491,-0.0753758552189705,6956.46173497339,0.116509117155543,-0.0779848867496691,1.39999945683101,5.20793495941705
0.0224696990248607,-0.0888556046715493,6956.78899124221,0.135279433742339,-0.0363952740756452,1.39999942916971,5.24143452677288
0.0549110908802204,-0.0920693076125078,6957.11624751706,0.139684886392076,0.00902069038032715,1.39999947571819,5.24929698114813
0.0866371530005106,-0.0846843889838068,6957.44350380741,0.129257925823764,0.0534425571383476,1.39999954193521,5.23068788277414
0.114865210300496,-0.0669732067833239,6957.7785946936,0.104375337905083,0.0929767461172759,1.39999936659308,5.18627968506928
0.135670613959237,-0.0409631041522503,6958.11368560107,0.067874421143691,0.122129435343484,1.39999978090252,5.12113614239414
0.146736592684154,-0.00955758580351392,6958.44877656259,0.0238165358891867,0.137657841518381,1.39999991152256,5.04250560423491
0.147603403836913,0.0181754567278347,6958.72765562808,-0.0150884704332331,0.138907346429304,1.39999929924087,4.97307145943771
0.140788055859297,0.0450745999088306,6959.00653466397,-0.0528287244519562,0.129403357561034,1.39999968183763,4.9057160594539
0.126814244079568,0.069062155075057,6959.2854137113,-0.0864951719391861,0.109877556079145,1.39999970338017,4.84563122177869
0.106758814686575,0.0882810067982191,6959.56429279027,-0.113486560329997,0.0818353347802711,1.39999976108331,4.79745942727302
0.0821700556526471,0.101239372307399,6959.84317187677,-0.131716320093328,0.0474456624848256,1.39999967443351,4.76492459696004
0.0549473036391184,0.106930009792947,6960.12205096242,-0.139774294472306,0.00936751464582152,1.3999998347088,4.75054345137777
0.0271930590923917,0.1049091990628,6960.40093004484,-0.137038295167638,-0.0294567435281556,1.39999974026275,4.75542641606131
-0.00143980126415411,0.0939511671387879,6960.70819969476,-0.121800563107642,-0.0695120157583393,1.39999948702976,4.78262134530683
-0.0254377770463385,0.0748469454344628,6961.01546934742,-0.0951581798304865,-0.103084282231302,1.39999982256923,4.83017026697716
-0.0425527229734389,0.0493812686125113,6961.32273902273,-0.0596088713117127,-0.12702636423575,1.39999976324119,4.89361546512665
-0.0511823346718965,0.0199347180972716,6961.63000870246,-0.0184837216666696,-0.139094334329455,1.39999968211049,4.9670119213975
-0.0505202809687552,-0.0107398934953924,6961.93727836209,0.0243652414920753,-0.138158042729918,1.39999961647364,5.043484884484
-0.0406306622974621,-0.0397750626296121,6962.24454799785,0.0649245489997493,-0.124305860383119,1.39999955717001,5.11587147676529
-0.0224414483590837,-0.0644567322636694,6962.55181762044,0.0993949089849543,-0.0988353541898093,1.39999950577842,5.17739106492804
0.0023770923884327,-0.0824963434586664,6962.85947915421,0.124572195013488,-0.0640831271771372,1.39999951734079,5.22232521322809
0.0314744818400469,-0.0921704455947019,6963.16714068848,0.138043269359147,-0.0233380448789927,1.39999948541865,5.24636717119459
0.0621163739728537,-0.0925760927628907,6963.47480222199,0.138543054283597,0.0195732635765936,1.3999995092,5.24725914223102
0.0914234137212617,-0.083680824707613,6963.78246375908,0.126024745332773,0.0606209930753541,1.39999955055083,5.22491759397103
0.116641745927504,-0.0663256330447078,6964.09012530841,0.101663973023538,0.0959502562882306,1.39999962289124,5.1814406856813
0.135401537209649,-0.0421459379892084,6964.39778687423,0.0677484541459338,0.122243402232431,1.39999968418218,5.12091132786283
0.145939433795452,-0.0134180238995501,6964.70544845739,0.0274632434080386,0.137031260491795,1.39999976988509,5.04901391876386
0.147188147567588,0.017811496304344,6965.01972388303,-0.0163296048930937,0.138819759816869,1.39999930649141,4.97085639464413
0.138701571398777,0.0479002103040441,6965.33399931905,-0.0585306375634017,0.126981821148078,1.39999995894841,4.89553979942916
0.121309525347793,0.0738939757392056,6965.64827481352,-0.0950060983134308,0.102679080285804,1.39999999565887,4.83044168834614
0.0967143673108464,0.0932402405901328,6965.9625503592,-0.122180748158101,0.0682907403792353,1.40000009753176,4.78194282533373
0.0673239008760078,0.104038048958779,6966.27682590183,-0.137394114548195,0.0271862079567805,1.39999996125079,4.75479138173728
0.0360154873650429,0.105223857981841,6966.59110142722,-0.139155847848089,-0.0166079228418497,1.40000007930131,4.75164719910883
0.00585434622541749,0.0966755464937925,6966.90537693872,-0.127293390619195,-0.0588015579492484,1.39999992831993,4.77281824239451
-0.0220155924337036,0.077502696651369,6967.24453853395,-0.100566559658995,-0.0977933294860238,1.39999951948704,4.82051787866963
-0.0419404297091166,0.0501480078655499,6967.58370011524,-0.0623841752231105,-0.125672870740721,1.39999987080054,4.88866235312756
-0.0516490883529477,0.0177239201878879,6967.92286170744,-0.0171003894700898,-0.139261202560547,1.39999972325027,4.96948076788075
-0.051132991644865,-0.0103504059835371,6968.20389444302,0.0221172079415185,-0.138541679193044,1.39999957300526,5.03947279704813
-0.0428703220666211,-0.0371766426580621,6968.48492716033,0.0595913625991266,-0.126978437087032,1.39999959552936,5.10635328690298
-0.0275080941628962,-0.0606607632995279,6968.76595987249,0.0923891651857571,-0.105475179890149,1.39999960204615,5.1648878455394
-0.00625013827817334,-0.0789659421950437,6969.04699258255,0.117938943965474,-0.0757170839867433,1.39999951296561,5.21048678529089
0.019235425747866,-0.0906581235579185,6969.32802528331,0.1342336749513,-0.0400396624392552,1.399999460396,5.23956815084382
0.0469477663480951,-0.0948229102708687,6969.60905797624,0.139993238481348,-0.001243327723753,1.39999948193975,5.24984730013376
0.0747116627370544,-0.0911386017170299,6969.89009067357,0.134766244771284,0.0376277476134107,1.39999953801593,5.24051863340355
0.103488259874474,-0.0778716560082409,6970.20851131607,0.116115737178317,0.0779217011936616,1.39999937813205,5.20723289032926
0.126643846411662,-0.0562604673283448,6970.52693197501,0.08578353007722,0.110352932728796,1.39999968527143,5.15309870403914
0.141847003490227,-0.0284864817522583,6970.84535266768,0.0468221584643012,0.131659031462577,1.39999974733608,5.08356396355742
0.147567459378974,0.00264946879829671,6971.16377339605,0.0031509812707965,0.139695472456348,1.39999989648384,5.00562358705192
0.143229903539964,0.0340098402615489,6971.48219414574,-0.0408401766745499,0.133655626744614,1.39999994173364,4.92711213777313
0.129270252773661,0.0624351402432328,6971.80061491522,-0.0807292377215076,0.114147367745647,1.40000010298033,4.85592174089706
0.107091028931871,0.0850607075026333,6972.11903569441,-0.112506126485554,0.0831322308606026,1.40000004290575,4.79920921713181
0.0762076837585068,0.100448814541701,6972.46582615713,-0.134168590308173,0.03993213006166,1.39999938742474,4.7605480063545
0.0419023410722233,0.104418713334659,6972.81261663127,-0.139855490740772,-0.00806542109080007,1.40000032013293,4.75039853960433
0.00826393023844937,0.0964872012721499,6973.15940718795,-0.128890399960319,-0.0551393559874214,1.40000025973251,4.76996804422425
-0.0206998290906477,0.0775903466410759,6973.50619778159,-0.102578010662645,-0.0956819279887842,1.40000011436241,4.81692802241611
-0.0415410047376895,0.0499702496058226,6973.85298832549,-0.0640522982012646,-0.124866989105638,1.39999990507799,4.88568523775468
-0.0517795362652251,0.0169067536420811,6974.19977879273,-0.0179005771213552,-0.139221195640785,1.39999974414332,4.96805266516352
-0.0514117877604258,-0.0112687483549427,6974.48166129267,0.0214387581422358,-0.138729053204315,1.39999957182465,5.03826196106444
-0.0432446248597758,-0.0382306680125378,6974.7635437843,0.0590825724246797,-0.127319376724569,1.39999958864154,5.10544524410892
-0.0279195427256495,-0.0618630785663116,6975.04542627879,0.0920677385622208,-0.105887867617647,1.39999959512105,5.16431419230477
-0.00664361241511494,-0.0803074306067284,6975.32730876878,0.117792379943912,-0.0761243069143868,1.39999951894672,5.21022521105001
0.0189043323285112,-0.0921110281144249,6975.60919124259,0.134223364606616,-0.0403792446931802,1.39999944228461,5.23954974987096
0.046707478480171,-0.0963463100811927,6975.89107370696,0.140061983862753,-0.00147546607841646,1.39999947968206,5.24996999068744
0.0745715851667885,-0.0926852875249305,6976.17295617941,0.134847984841466,0.0375163795221645,1.39999954099999,5.24066451570521
0.103418420923514,-0.0794092635065265,6976.49198130156,0.116162700953277,0.0778867511176367,1.39999937404014,5.20731670703716
0.12662063628174,-0.0577591200865973,6976.81100643964,0.0857539866780255,0.110361484054814,1.3999996853797,5.15304597764602
0.141834822247488,-0.0299299817715001,6977.13003160978,0.0466935232827516,0.131661364212821,1.39999975037567,5.08333438709244
0.147525371524643,0.00125960334281791,6977.44905681615,0.00292541101678137,0.139634354861916,1.39999990595285,5.00522100961627
0.143119427819502,0.0326532297606694,6977.76808204564,-0.0411342076369486,0.133477291045485,1.39999995216792,4.92658737784252
0.129063057380712,0.061074550967808,6978.0871072961,-0.0810396756567415,0.113812242497648,1.40000011564394,4.85536769928178
0.106775400027393,0.0836469586759293,6978.40613255595,-0.112764173755357,0.0826239720821737,1.40000005270388,4.79874867764886
0.0758601438328136,0.0988939916688368,6978.75280106858,-0.134252806148952,0.0393559534284039,1.3999993927209,4.76039770552086
0.0415685944843389,0.102717960624223,6979.09946959116,-0.139758983426063,-0.00864551505211013,1.40000031982525,4.75057077715155
0.00798708771900589,0.0946514187115486,6979.44613819527,-0.128628289909172,-0.0556629741097406,1.40000025567377,4.77043583459275
-0.0208843017698162,0.0756438636519118,6979.79280683571,-0.102184229812035,-0.0960993398246737,1.40000010781697,4.81763080694654
-0.041609059102813,0.0479470139900246,6980.13947542606,-0.0635742681313394,-0.125144426981213,1.39999989795154,4.88653838268974
-0.0517207144360204,0.0148455905981511,6980.4861439395,-0.0173925732293759,-0.139343914162469,1.39999973553508,4.96895930467158
-0.0511632315114409,-0.0138781357298378,6980.77343394667,0.0226932213598056,-0.138605630248884,1.39999957102168,5.04050081382209
-0.0425168994382455,-0.04127196152036,6981.06072394568,0.0609211148439996,-0.126544795234216,1.3999995798841,5.10872650872306
-0.0264863155006639,-0.0651038366065884,6981.34801394736,0.0941654603358916,-0.104145332973461,1.39999958436501,5.16805801684422
-0.00438184010714982,-0.0834285149324758,6981.63530394397,0.119702994946032,-0.0732414363094707,1.39999950967052,5.21363510430667
0.0219863286510904,-0.0947486116577024,6981.92259392428,0.135437943471045,-0.0363674091894015,1.39999943668108,5.24171742063398
0.0504577147837213,-0.0981417714215703,6982.2098838957,0.140078798536548,0.00345294641688304,1.39999947596705,5.25
0.078699980138531,-0.0933374996973148,6982.49717387634,0.133245694793783,0.0429557083951086,1.39999954308959,5.23780489300638
0.10773059246234,-0.0783540086770779,6982.82541751379,0.112147952454653,0.0835629346163797,1.39999936385317,5.20015154617669
0.130349930979667,-0.054820090379408,6983.15366117236,0.079079817620564,0.115202635018096,1.39999973464959,5.14113452293769
0.144141708429901,-0.0252620546365312,6983.48190487262,0.0375761242754147,0.134493939208818,1.39999982133873,5.06706247602775
0.147634427226738,0.00715077148179754,6983.81014861834,-0.00792837099007147,0.139374097819789,1.40000000460482,4.98585015885184
0.14045834752898,0.0389460059877347,6984.13839239228,-0.0525757121025501,0.129323674781788,1.40000006216665,4.90616761306524
0.123382894408549,0.0667180814253715,6984.4666361897,-0.0915994529602653,0.105416711686853,1.40000023783771,4.83652156158313
0.0982335100810534,0.0874906723383348,6984.79487999597,-0.120833042023126,0.0702062104898326,1.40000015876405,4.78434808963685
0.0663144104759314,0.0992982115464735,6985.13718856236,-0.137531422522201,0.025514849031022,1.3999994112483,4.75454632685488
0.0382812898155454,0.100482238701378,6985.41873831482,-0.13933258840968,-0.0137392804729192,1.39999944908787,4.7513317685022
0.0110011519045274,0.0938271953359675,6985.70028807829,-0.130161248208996,-0.0519423027972952,1.39999977036164,4.76769994894153
-0.0133822924956958,0.0798483294985268,6985.98183789,-0.11073557355905,-0.0860925906062677,1.3999997150203,4.80236914023403
-0.0329496653729684,0.0596374815626999,6986.26338771934,-0.0825835341169994,-0.113503233091359,1.3999996995748,4.85261236000776
-0.0461574373111571,0.034778564603885,6986.54493753076,-0.0479233675403784,-0.132013603917511,1.39999967460596,4.91447069784819
-0.0519632123337232,0.00722232788548034,6986.82648732027,-0.00948575192050763,-0.140164083577052,1.39999962749538,4.98307068589321
-0.04990931292839,-0.0208682500186086,6987.1080371029,0.0297025848925987,-0.137313037738365,1.39999959759222,5.05301049338464
-0.0393272738650866,-0.0487965032744089,6987.40673121788,0.0686595789874048,-0.122525267337243,1.39999955574656,5.12253742126702
-0.021023094159933,-0.0723816661087765,6987.70542532727,0.101541424615464,-0.0969268501008081,1.39999950622294,5.18122197234039
0.0033826562097757,-0.089542912681291,6988.00411942444,0.125434899298125,-0.0627855665804159,1.39999946973215,5.22386488999154
0.0317291782985693,-0.0987688247719572,6988.30281351463,0.138223449820638,-0.0231251850580523,1.39999948126292,5.24668874102417
0.0615069575068666,-0.0992512685245043,6988.60150760929,0.13877482947324,0.0185423775048353,1.39999951503894,5.2476727936759
0.0900798465871194,-0.0909564094497228,6988.90020171439,0.127040567917138,0.0585274667608989,1.3999995497749,5.22673054245963
0.11491835406745,-0.0746274204231304,6989.198895829,0.104059817023775,0.0932892247211148,1.39999958968386,5.18571657187048
0.136423581425921,-0.0470954280193238,6989.55069906549,0.0653728616373882,0.123390341927166,1.39999932247165,5.11667158470868
0.147079676118084,-0.0138417877199614,6989.9025023451,0.0186714260072339,0.138314090376085,1.40000004458254,5.03332307637255
0.146845708805929,0.0143170409179932,6990.18583868091,-0.0208735470062801,0.137998484918089,1.39999931685496,4.96274677677073
0.138727112878973,0.0412773610860769,6990.46917500493,-0.0587433860669218,0.126644780780915,1.39999977272817,4.89516010509686
0.123369931102033,0.064890309658245,6990.75251132999,-0.0919313269877472,0.105158390080764,1.39999969193545,4.83592926276463
0.101996783961407,0.0832683488983208,6991.03584768722,-0.117792093555255,0.075248120623483,1.39999995079606,4.78977530007062
0.0763114858140307,0.0949359526483637,6991.31918404594,-0.134261251977633,0.0393001317282259,1.3999996093734,4.76038263216792
0.0483629732041097,0.0989529632457603,6991.60252040016,-0.140021914379297,0.000182039080323981,1.39999988451419,4.75010152171108
0.0203805954168389,0.0949921448876309,6991.88585675168,-0.134616117590787,-0.038985808186301,1.39999976534505,4.75974930004189
-0.0090879166030921,0.0809065881297008,6992.21334529358,-0.115058716985929,-0.0802384439759327,1.39999951515828,4.79465358393278
-0.0324925357607221,0.0580808014627998,6992.54083384095,-0.0832646316662033,-0.113009971127764,1.39999986843664,4.85139679855892
-0.047341802798455,0.0289329202750359,6992.86832240836,-0.0426172249839198,-0.133813379063742,1.39999976084238,4.92394062229767
-0.0520557400457575,-0.00344736726838448,6993.19581096952,0.00256046549271386,-0.140435566691403,1.3999996336652,5.00456968777478
-0.0461337175629124,-0.0356284058658056,6993.52329949874,0.0474668596655163,-0.132172947318835,1.39999954318161,5.0847145680885
-0.0302056782702733,-0.0642003393788099,6993.85078799774,0.087329599052848,-0.109904739393198,1.39999947292173,5.15585798844153
-0.00596419083922748,-0.0861364998414958,6994.17827648236,0.117911690798202,-0.0759978873370019,1.39999941704551,5.21043814629706
0.0240148890995351,-0.0991150615818537,6994.50576496658,0.135962053088905,-0.0340558601448296,1.39999942296605,5.24265280418834
0.05654547187467,-0.101766284178619,6994.83325345819,0.139561792806601,0.0114635436684093,1.39999946784687,5.24907729482379
0.0881698930848121,-0.0938183512350386,6995.16074196324,0.12832834720536,0.0557217969510374,1.39999954810636,5.229028854734
0.116348168687135,-0.0753683915750295,6995.49940129179,0.102391625965417,0.0951647274918892,1.39999934477341,5.18273933499419
0.136763735553219,-0.0486094055285434,6995.83806064798,0.064822242775531,0.12375077617808,1.39999983237791,5.11568888984763
0.147096413215138,-0.0165936377376186,6996.17672006918,0.0198895423052141,0.138232718538563,1.3999999738018,5.03549706042779
0.147171148615991,0.0111584254478296,6996.45576333306,-0.0190584735195145,0.13835711227458,1.39999930254246,4.96598615615171
0.139582328104926,0.0378526091240477,6996.7348065613,-0.0565282023536709,0.127754053890484,1.39999969745605,4.89911356510721
0.124914769920499,0.0614242724939415,6997.01384979961,-0.0896286951549738,0.107240571422275,1.39999972460514,4.84003879228806
0.104301007133811,0.0800454336227797,6997.29289307199,-0.115799403017543,0.0784000194357602,1.39999978124972,4.79333167433734
0.0793352927432729,0.0922676899513943,6997.57193635397,-0.1330146801982,0.0434659205495676,1.39999969864978,4.76260740099885
0.0519493624951376,0.0971386012953628,6997.85097963476,-0.139941153371951,0.00514270103584966,1.39999985545354,4.75024565666974
0.024261741885639,0.0942765678846647,6998.13002291064,-0.136043480034995,-0.0336049182550262,1.39999975622646,4.75720187234562
-0.00485363488935477,0.0819353525558953,6998.44709239829,-0.118890595187053,-0.0743540338727201,1.39999951604014,4.78781479347848
-0.0286947989536954,0.061126412602448,6998.76416188988,-0.0898826958386686,-0.107726252470102,1.39999984401934,4.83958547478686
-0.0448826466059468,0.0339183866672757,6999.08123140262,-0.0519148026881263,-0.130391361066289,1.39999975860913,4.90734714455275
-0.051802701155999,0.00301779545465638,6999.39830091381,-0.00877394816043324,-0.140088178024659,1.39999965241882,4.98434104901652
-0.048766089173853,-0.0285018779104939,6999.71537039845,0.0352394688886167,-0.135850404126667,1.39999957382574,5.06289222433512
-0.0378940231062981,-0.0545710801003726,6999.99803403482,0.0716399985393106,-0.12064368904896,1.39999954960416,5.12785660515324
