freqs,specs
0,4.50611260243922e-08
0.00359045799882233,7.84270370329031e-10
0.00718091599764466,7.85630197647212e-10
0.010771373996467,7.85229972574737e-10
0.0143618319952893,7.86923123729309e-10
0.0179522899941117,7.92667871844837e-10
0.021542747992934,7.91946088176512e-10
0.0251332059917563,7.92735475019803e-10
0.0287236639905786,7.98549160870776e-10
0.032314121989401,8.11732652035392e-10
0.0359045799882233,8.29196882572856e-10
0.0394950379870456,9.73382653426459e-10
0.043085495985868,6.70557722688436e-10
0.0466759539846903,7.29585383769607e-10
0.0502664119835126,7.60741545781459e-10
0.053856869982335,7.59015046308301e-10
0.0574473279811573,7.62888130582415e-10
0.0610377859799796,7.63658503795606e-10
0.0646282439788019,7.66573048103597e-10
0.0682187019776243,7.66187408731568e-10
0.0718091599764466,7.66584254080708e-10
0.0753996179752689,7.71423109454385e-10
0.0789900759740913,7.69713549135364e-10
0.0825805339729136,7.80076118935085e-10
0.0861709919717359,7.7586115581416e-10
0.0897614499705583,7.78446931112546e-10
0.0933519079693806,7.70436390717349e-10
0.0969423659682029,7.72396822885964e-10
0.100532823967025,7.7083103608817e-10
0.104123281965848,7.69966833740112e-10
0.10771373996467,7.7292696155653e-10
0.111304197963492,7.7629852759484e-10
0.114894655962315,7.67972136690018e-10
0.118485113961137,7.72500959012803e-10
0.122075571959959,7.54825878863547e-10
0.125666029958782,7.53536421182312e-10
0.129256487957604,7.15074845663462e-10
0.132846945956426,8.49341820806688e-10
0.136437403955249,8.01861416228364e-10
0.140027861954071,7.91122021610572e-10
0.143618319952893,7.87285123643251e-10
0.147208777951716,7.86928400066635e-10
0.150799235950538,7.8083468715254e-10
0.15438969394936,7.832249025681e-10
0.157980151948183,7.8031637282481e-10
0.161570609947005,8.12800310381178e-10
0.165161067945827,7.83007976704207e-10
0.16875152594465,7.80081464899959e-10
0.172341983943472,8.4668196776111e-10
0.175932441942294,7.81033264348639e-10
0.179522899941117,7.74965940351933e-10
0.183113357939939,7.67411930856419e-10
0.186703815938761,7.58144241797363e-10
0.190294273937583,7.45414043363556e-10
0.193884731936406,7.18858830932153e-10
0.197475189935228,6.51088110172073e-10
0.20106564793405,2.0621998070556e-10
0.204656105932873,1.11006392674605e-09
0.208246563931695,9.30405442176862e-10
0.211837021930517,8.95968365016882e-10
0.21542747992934,8.6304106132112e-10
0.219017937928162,8.49714558097158e-10
0.222608395926984,8.47412449616823e-10
0.226198853925807,8.41299894903822e-10
0.229789311924629,8.37199979911141e-10
0.233379769923451,8.3200735669949e-10
0.236970227922274,8.38247981234954e-10
0.240560685921096,8.42163255608794e-10
0.244151143919918,7.97378791583679e-10
0.247741601918741,8.20649701662985e-10
0.251332059917563,8.21617215154025e-10
0.254922517916385,8.18835272356205e-10
0.258512975915208,8.16277389585501e-10
0.26210343391403,8.20868464985579e-10
0.265693891912852,8.13625162269449e-10
0.269284349911675,8.09666760633479e-10
0.272874807910497,8.06432641717874e-10
0.276465265909319,7.94612062382454e-10
0.280055723908142,7.85610376860595e-10
0.283646181906964,7.63835404466257e-10
0.287236639905786,7.25844225082056e-10
0.290827097904609,5.29374867463886e-10
0.294417555903431,1.07759682642383e-09
0.298008013902253,9.01668737843959e-10
0.301598471901076,8.41512788712518e-10
0.305188929899898,8.34006170618733e-10
0.30877938789872,8.10728056134919e-10
0.312369845897543,7.8877486153501e-10
0.315960303896365,7.63635231994604e-10
0.319550761895187,7.22386133708053e-10
0.32314121989401,6.5489233753937e-10
0.326731677892832,5.58944241413477e-10
0.330322135891654,6.36553173389764e-10
0.333912593890477,6.88302439366415e-09
0.337503051889299,1.70187562084494e-09
0.341093509888121,1.33366585323418e-09
0.344683967886944,1.20544764185896e-09
0.348274425885766,1.13854237857952e-09
0.351864883884588,1.10165512987393e-09
0.355455341883411,1.07384280150408e-09
0.359045799882233,1.05322663894042e-09
0.362636257881055,1.0381646787228e-09
0.366226715879878,1.04525528181835e-09
0.3698171738787,1.02223397603367e-09
0.373407631877522,9.54671540778419e-10
0.376998089876345,1.05536735031249e-09
0.380588547875167,1.04336506327429e-09
0.384179005873989,1.02008251538499e-09
0.387769463872812,1.02583019907759e-09
0.391359921871634,1.01977757989733e-09
0.394950379870456,1.02327211068966e-09
0.398540837869279,1.02399594858897e-09
0.402131295868101,1.02802704378187e-09
0.405721753866923,1.02510769050095e-09
0.409312211865746,1.02618186531413e-09
0.412902669864568,1.04060169872557e-09
0.41649312786339,1.00126330579726e-09
0.420083585862213,1.01956219772854e-09
0.423674043861035,1.04965412113984e-09
0.427264501859857,1.02246910434877e-09
0.43085495985868,1.02454680097683e-09
0.434445417857502,1.02711174947519e-09
0.438035875856324,1.02670572499178e-09
0.441626333855147,1.02624655379076e-09
0.445216791853969,1.0255932156941e-09
0.448807249852791,1.01654408129669e-09
0.452397707851614,1.00700693607105e-09
0.455988165850436,9.74646812415416e-10
0.459578623849258,9.14912395488707e-10
0.463169081848081,4.76388332265702e-10
0.466759539846903,1.43823389692682e-09
0.470349997845725,1.22724645569092e-09
0.473940455844548,1.18108943589967e-09
0.47753091384337,1.16303250445566e-09
0.481121371842192,1.15567592680656e-09
0.484711829841015,1.14959739123596e-09
0.488302287839837,1.14655552428962e-09
0.491892745838659,1.14967250773813e-09
0.495483203837482,1.11863596907911e-09
0.499073661836304,1.1381971561819e-09
0.502664119835126,1.13219524360025e-09
0.506254577833949,1.24496178290184e-09
0.509845035832771,1.18192356543123e-09
0.513435493831593,1.18268177275593e-09
0.517025951830416,1.17931655105897e-09
0.520616409829238,1.17793885648103e-09
0.52420686782806,1.17646582031044e-09
0.527797325826883,1.17085224962281e-09
0.531387783825705,1.14950794830227e-09
0.534978241824527,7.5784123791598e-10
0.53856869982335,1.3125803679364e-09
0.542159157822172,1.27108572030702e-09
0.545749615820994,1.26631969798614e-09
0.549340073819817,1.26787211496343e-09
0.552930531818639,1.27264976889225e-09
0.556520989817461,1.27305015162793e-09
0.560111447816284,1.28014652865555e-09
0.563701905815106,1.29001549480067e-09
0.567292363813928,1.29828528912332e-09
0.57088282181275,1.3117502258229e-09
0.574473279811573,1.34717288818363e-09
0.578063737810395,1.26965825851209e-09
0.581654195809218,1.30945897053539e-09
0.58524465380804,1.35071537995619e-09
0.588835111806862,1.34457196806759e-09
0.592425569805685,1.35514159694037e-09
0.596016027804507,1.36109942537257e-09
0.599606485803329,1.37205984077963e-09
0.603196943802151,1.38387912265039e-09
0.606787401800974,1.39442607769489e-09
0.610377859799796,1.40735919604593e-09
0.613968317798618,1.41640853830858e-09
0.617558775797441,1.43085953560039e-09
0.621149233796263,1.43077661706195e-09
0.624739691795085,1.36230938685722e-09
0.628330149793908,1.54343157111964e-09
0.63192060779273,1.53469578774375e-09
0.635511065791552,1.5317324791512e-09
0.639101523790375,1.56525838199205e-09
0.642691981789197,1.59431554781315e-09
0.646282439788019,1.62803455849361e-09
0.649872897786842,1.66942901837835e-09
0.653463355785664,1.73572344644681e-09
0.657053813784486,1.83958136125105e-09
0.660644271783309,2.06154735926784e-09
0.664234729782131,2.94338384224022e-09
0.667825187780953,2.35576364840337e-09
0.671415645779776,1.06646974753841e-09
0.675006103778598,1.2543710296707e-09
0.67859656177742,1.36003114267555e-09
0.682187019776243,1.42332316347941e-09
0.685777477775065,1.47172398067192e-09
0.689367935773887,1.50962379540597e-09
0.69295839377271,1.5400089077229e-09
0.696548851771532,1.56388230541253e-09
0.700139309770354,1.60265423514077e-09
0.703729767769177,1.61016213375726e-09
0.707320225767999,1.29500794908913e-09
0.710910683766821,1.70083946164538e-09
0.714501141765644,1.71547383774942e-09
0.718091599764466,1.73884923212188e-09
0.721682057763288,1.75929878352022e-09
0.725272515762111,1.78405047919881e-09
0.728862973760933,1.80401826460422e-09
0.732453431759755,1.82928435560586e-09
0.736043889758578,1.85583288249705e-09
0.7396343477574,1.86932584373576e-09
0.743224805756222,1.89810567555371e-09
0.746815263755045,1.9194369480805e-09
0.750405721753867,1.95809720511199e-09
0.753996179752689,1.97574355788145e-09
0.757586637751512,2.03828920422273e-09
0.761177095750334,2.04339086377394e-09
0.764767553749156,2.06852841641957e-09
0.768358011747979,2.10081418340926e-09
0.771948469746801,2.13227291171956e-09
0.775538927745623,2.16367650450614e-09
0.779129385744446,2.19322187272282e-09
0.782719843743268,2.22889437598514e-09
0.78631030174209,2.26276292356139e-09
0.789900759740913,2.2848980594024e-09
0.793491217739735,2.30804131978809e-09
0.797081675738557,2.17189257644346e-09
0.80067213373738,2.48895234683556e-09
0.804262591736202,2.49952609592768e-09
0.807853049735024,2.53343487387681e-09
0.811443507733847,2.57321772184466e-09
0.815033965732669,2.62169557301472e-09
0.818624423731491,2.6691233184546e-09
0.822214881730314,2.72586266123826e-09
0.825805339729136,2.80543018261855e-09
0.829395797727958,2.74673040464109e-09
0.832986255726781,2.85435298598914e-09
0.836576713725603,2.92675916906334e-09
0.840167171724425,2.96600232731907e-09
0.843757629723248,3.04600007441126e-09
0.84734808772207,3.11661635309522e-09
0.850938545720892,3.19384487697993e-09
0.854529003719715,3.26553445469672e-09
0.858119461718537,3.34498983707101e-09
0.861709919717359,3.43227258347855e-09
0.865300377716182,3.51850395051444e-09
0.868890835715004,3.26165640823619e-09
0.872481293713826,3.70867492117929e-09
0.876071751712649,3.8108257652543e-09
0.879662209711471,3.92773421082069e-09
0.883252667710293,4.04090859411985e-09
0.886843125709115,4.16939294260806e-09
0.890433583707938,4.2963767668558e-09
0.89402404170676,4.43686610038565e-09
0.897614499705583,4.59013619911213e-09
0.901204957704405,4.75447741467427e-09
0.904795415703227,4.92831866018839e-09
0.90838587370205,5.13119261325385e-09
0.911976331700872,5.30915593272523e-09
0.915566789699694,5.53852305140689e-09
0.919157247698516,5.73528309694202e-09
0.922747705697339,6.02850981605392e-09
0.926338163696161,6.31127853814077e-09
0.929928621694984,6.64364240710762e-09
0.933519079693806,6.99180345094025e-09
0.937109537692628,7.38333595470003e-09
0.940699995691451,7.8242130922374e-09
0.944290453690273,8.3195785262184e-09
0.947880911689095,8.88238086846435e-09
0.951471369687917,9.52116587962501e-09
0.95506182768674,1.02798044635244e-08
0.958652285685562,1.11546737028229e-08
0.962242743684384,1.22142762125896e-08
0.965833201683207,1.34852198554805e-08
0.969423659682029,1.50448752924053e-08
0.973014117680852,1.7032021949849e-08
0.976604575679674,1.96289064482064e-08
0.980195033678496,2.31647817713026e-08
0.983785491677318,2.82611631270045e-08
0.987375949676141,3.62658469298566e-08
0.990966407674963,5.06310502792308e-08
0.994556865673785,8.39481482656727e-08
0.998147323672608,2.46391803263995e-07
1.00173778167143,2.62416577884039e-07
1.00532823967025,8.54983656027202e-08
1.00891869766907,5.10253589812699e-08
1.0125091556679,3.63413521328787e-08
1.01609961366672,2.820366404424e-08
1.01969007166554,2.30395215909219e-08
1.02328052966436,1.94621363801024e-08
1.02687098766319,1.68373130305241e-08
1.03046144566201,1.48322754165992e-08
1.03405190366083,1.32363681827132e-08
1.03764236165965,1.19136218066387e-08
1.04123281965848,1.16981188565267e-08
1.0448232776573,1.01333634363647e-08
1.04841373565612,9.33178820118136e-09
1.05200419365494,8.68690635617084e-09
1.05559465165377,8.10936611303342e-09
1.05918510965259,7.60959527906253e-09
1.06277556765141,7.1643885348301e-09
1.06636602565023,6.76919130270108e-09
1.06995648364905,6.4135127502724e-09
1.07354694164788,6.09001844869912e-09
1.0771373996467,5.80247328671927e-09
1.08072785764552,5.52523342979322e-09
1.08431831564434,5.30600706812948e-09
1.08790877364317,5.08060218693017e-09
1.09149923164199,4.88845828853321e-09
1.09508968964081,4.69040521973746e-09
1.09868014763963,4.51561241895377e-09
1.10227060563846,4.35019642281155e-09
1.10586106363728,4.19778207329468e-09
1.1094515216361,4.05603307497223e-09
1.11304197963492,3.93491083671474e-09
1.11663243763374,3.79905495411255e-09
1.12022289563257,3.68212161924818e-09
1.12381335363139,3.58177571717064e-09
1.12740381163021,3.47832405815714e-09
1.13099426962903,3.73506487567853e-09
1.13458472762786,3.2598975631604e-09
1.13817518562668,3.17764587848748e-09
1.1417656436255,3.09567685872564e-09
1.14535610162432,3.01552674199063e-09
1.14894655962315,2.94028539382805e-09
1.15253701762197,2.86385411876982e-09
1.15612747562079,2.7918366278263e-09
1.15971793361961,2.70810440035215e-09
1.16330839161844,2.68237406657484e-09
1.16689884961726,2.60310880510962e-09
1.17048930761608,2.50633650447669e-09
1.1740797656149,2.55349232556098e-09
1.17767022361372,2.47058697781724e-09
1.18126068161255,2.40940782321633e-09
1.18485113961137,2.35882361890317e-09
1.18844159761019,2.30747882045042e-09
1.19203205560901,2.26302526481338e-09
1.19562251360784,2.2153432522052e-09
1.19921297160666,2.1689554462588e-09
1.20280342960548,2.1821412274778e-09
1.2063938876043,2.09410605076747e-09
1.20998434560313,2.05127927225939e-09
1.21357480360195,2.02254409065001e-09
1.21716526160077,1.98089906574811e-09
1.22075571959959,1.94056703716464e-09
1.22434617759841,1.90999155409238e-09
1.22793663559724,1.87688592347623e-09
1.23152709359606,1.84273219645289e-09
1.23511755159488,1.80694059925088e-09
1.2387080095937,1.7816466217761e-09
1.24229846759253,1.78286380273824e-09
1.24588892559135,1.70202065584532e-09
1.24947938359017,1.67982885143017e-09
1.25306984158899,1.66159929233502e-09
1.25666029958782,1.62577637867597e-09
1.26025075758664,1.59425422447278e-09
1.26384121558546,1.57612539374292e-09
1.26743167358428,1.54464424961559e-09
1.2710221315831,1.51685538983741e-09
1.27461258958193,1.49066585392874e-09
1.27820304758075,1.46060239149291e-09
1.28179350557957,1.43407966672365e-09
1.28538396357839,1.40042302615554e-09
1.28897442157722,1.37020890184262e-09
1.29256487957604,1.17701551963098e-09
1.29615533757486,1.30680816027367e-09
1.29974579557368,1.27291499638149e-09
1.30333625357251,1.21420799214677e-09
1.30692671157133,1.18208472355934e-09
1.31051716957015,1.12839009253517e-09
1.31410762756897,1.06338199794158e-09
1.3176980855678,9.82887902242808e-10
1.32128854356662,8.72319445582286e-10
1.32487900156544,7.25222797421227e-10
1.32846945956426,8.50961167301235e-10
1.33205991756308,5.19291632259652e-09
1.33565037556191,4.62541903444451e-09
1.33924083356073,2.55548473166832e-09
1.34283129155955,2.05284612727355e-09
1.34642174955837,1.8228920293539e-09
1.3500122075572,1.68569486545072e-09
1.35360266555602,1.59900383937296e-09
1.35719312355484,1.53230066904003e-09
1.36078358155366,1.47644923844219e-09
1.36437403955249,1.42350384239073e-09
1.36796449755131,1.39878794124527e-09
1.37155495555013,1.3569651381618e-09
1.37514541354895,1.394949079285e-09
1.37873587154777,1.3333279937211e-09
1.3823263295466,1.30518713238433e-09
1.38591678754542,1.28753475525389e-09
1.38950724554424,1.27057276211968e-09
1.39309770354306,1.2484279172708e-09
1.39668816154189,1.23198028619315e-09
1.40027861954071,1.21531263760593e-09
1.40386907753953,1.19931137171963e-09
1.40745953553835,1.18883192480626e-09
1.41104999353718,1.1746168808757e-09
1.414640451536,1.1798660540988e-09
1.41823090953482,1.14746721625493e-09
1.42182136753364,1.130138836892e-09
1.42541182553247,1.14722490577514e-09
1.42900228353129,1.12448961498962e-09
1.43259274153011,1.112002265833e-09
1.43618319952893,1.10345513900806e-09
1.43977365752775,1.09291150612515e-09
1.44336411552658,1.08413478506898e-09
1.4469545735254,1.08309308364068e-09
1.45054503152422,1.07187004438615e-09
1.45413548952304,1.06479197170498e-09
1.45772594752187,1.06403457124302e-09
1.46131640552069,1.07726869742482e-09
1.46490686351951,8.58666300739035e-10
1.46849732151833,1.00152911144992e-09
1.47208777951716,1.00462217862317e-09
1.47567823751598,1.0024675947324e-09
1.4792686955148,9.98597172319314e-10
1.48285915351362,9.95621297383016e-10
1.48644961151244,9.9043056782356e-10
1.49004006951127,9.83602354586652e-10
1.49363052751009,9.74898496823112e-10
1.49722098550891,9.75533898620847e-10
1.50081144350773,9.61856820707983e-10
1.50440190150656,9.30440540693317e-10
1.50799235950538,9.97131252407408e-10
1.5115828175042,9.8407191453878e-10
1.51517327550302,9.85418397064953e-10
1.51876373350185,9.88877621639333e-10
1.52235419150067,9.95074732896963e-10
1.52594464949949,1.01362588713745e-09
1.52953510749831,1.05559963360491e-09
1.53312556549713,1.24496277520303e-09
1.53671602349596,2.71682178155315e-10
1.54030648149478,7.56203419547269e-10
1.5438969394936,8.21753549490376e-10
1.54748739749242,8.46495089839013e-10
1.55107785549125,8.62334345020839e-10
1.55466831349007,8.73509076041702e-10
1.55825877148889,8.76624868087178e-10
1.56184922948771,8.81528821762388e-10
1.56543968748654,8.8542034269114e-10
1.56903014548536,8.86977978500112e-10
1.57262060348418,8.93947492440452e-10
1.576211061483,1.04597536697571e-09
1.57980151948183,8.82656239198366e-10
1.58339197748065,8.83611754800023e-10
1.58698243547947,9.09797717869331e-10
1.59057289347829,9.13661120418062e-10
1.59416335147711,9.22859058106802e-10
1.59775380947594,9.2739081372667e-10
1.60134426747476,9.35936283509752e-10
1.60493472547358,9.46425241160541e-10
1.6085251834724,9.57289928101009e-10
1.61211564147123,9.73906532847901e-10
1.61570609947005,9.87432602126517e-10
1.61929655746887,1.02259242618915e-09
1.62288701546769,1.05841392187255e-09
1.62647747346652,9.4012800239537e-10
1.63006793146534,1.07484867187731e-09
1.63365838946416,1.13687068902604e-09
1.63724884746298,1.17692957091274e-09
1.6408393054618,1.25258679202467e-09
1.64442976346063,1.35182078705025e-09
1.64802022145945,1.4896622213207e-09
1.65161067945827,1.69099661175495e-09
1.65520113745709,2.02515372371082e-09
1.65879159545592,2.6549205487694e-09
1.66238205345474,4.37088250111468e-09
1.66597251145356,2.38725714640839e-08
1.66956296945238,4.97939366550194e-09
1.67315342745121,1.90596942938841e-09
1.67674388545003,1.02494716631017e-09
1.68033434344885,6.16876782972133e-10
1.68392480144767,3.8941200377403e-10
1.6875152594465,2.55904597831955e-10
1.69110571744532,1.8993697279501e-10
1.69469617544414,1.77319258220737e-10
1.69828663344296,1.87903502451613e-10
1.70187709144178,2.46335755028848e-10
1.70546754944061,3.81409639985636e-10
1.70905800743943,2.70420723856747e-10
1.71264846543825,2.20358945506461e-10
1.71623892343707,2.6474130817282e-10
1.7198293814359,2.71564828851356e-10
1.72341983943472,2.86359475003468e-10
1.72701029743354,3.05531725719628e-10
1.73060075543236,3.13419825832489e-10
1.73419121343119,3.27332774114959e-10
1.73778167143001,3.40151185108564e-10
1.74137212942883,3.44409630274244e-10
1.74496258742765,3.50407538876787e-10
1.74855304542647,3.61365282051711e-10
1.7521435034253,3.62444494015814e-10
1.75573396142412,3.53906808534039e-10
1.75932441942294,3.84875743539971e-10
1.76291487742176,3.86114013601652e-10
1.76650533542059,3.82678710966448e-10
1.77009579341941,3.91009141245172e-10
1.77368625141823,4.00188107066178e-10
1.77727670941705,4.08927029822309e-10
1.78086716741588,4.07524325640913e-10
1.7844576254147,4.24172791027087e-10
1.78804808341352,4.41878074402134e-10
1.79163854141234,4.78755665730205e-10
1.79522899941117,6.299789871241e-10
1.79881945740999,3.68071998915152e-10
1.80240991540881,2.57125240590589e-10
1.80600037340763,3.10568361153501e-10
1.80959083140645,3.32990082335163e-10
1.81318128940528,3.43505729755954e-10
1.8167717474041,3.53011903468513e-10
1.82036220540292,3.5960531338373e-10
1.82395266340174,3.64228826094667e-10
1.82754312140057,3.99093507901426e-10
1.83113357939939,3.53020338939831e-10
1.83472403739821,3.61826689871525e-10
1.83831449539703,4.4369245386582e-10
1.84190495339586,3.57617557974186e-10
1.84549541139468,3.60081926988119e-10
1.8490858693935,3.6664247742822e-10
1.85267632739232,3.68969188290956e-10
1.85626678539114,3.69503872411937e-10
1.85985724338997,3.70837371835535e-10
1.86344770138879,3.84641997223193e-10
1.86703815938761,4.47451277641402e-10
1.87062861738643,3.0804991976382e-10
1.87421907538526,3.30573370618192e-10
1.87780953338408,3.3350513004267e-10
1.8813999913829,3.4615230509183e-10
1.88499044938172,3.42439452668322e-10
1.88858090738055,3.5033663463892e-10
1.89217136537937,3.4613316099879e-10
1.89576182337819,3.39928054577776e-10
1.89935228137701,3.42428121101539e-10
1.90294273937583,3.44334232287883e-10
1.90653319737466,3.41354735190999e-10
1.91012365537348,3.48812369220468e-10
1.9137141133723,3.3535200634862e-10
1.91730457137112,3.22716234528079e-10
1.92089502936995,3.31885155224724e-10
1.92448548736877,3.35570269642902e-10
1.92807594536759,3.29156190998906e-10
1.93166640336641,3.30636968524609e-10
1.93525686136524,3.28664973950145e-10
1.93884731936406,3.26548848573392e-10
1.94243777736288,3.24299391337991e-10
1.9460282353617,3.23297113464901e-10
1.94961869336053,3.20399960527277e-10
1.95320915135935,3.15405584567692e-10
1.95679960935817,3.06458500079907e-10
1.96039006735699,3.70054165668639e-10
1.96398052535581,3.43264600331951e-10
1.96757098335464,3.32071665608367e-10
1.97116144135346,3.60692649361345e-10
1.97475189935228,3.76995710409487e-10
1.9783423573511,4.05013365350482e-10
1.98193281534993,4.59000788411057e-10
1.98552327334875,5.52106936100804e-10
1.98911373134757,7.21080732727312e-10
1.99270418934639,1.1156771328191e-09
1.99629464734522,2.29692077986608e-09
1.99988510534404,7.90367728866189e-08
2.00347556334286,2.80768177178906e-09
2.00706602134168,1.49967897272234e-09
2.01065647934051,1.08475397386467e-09
2.01424693733933,8.84329000850793e-10
2.01783739533815,7.71102749387376e-10
2.02142785333697,6.98248725854797e-10
2.02501831133579,6.54024264308223e-10
2.02860876933462,6.29030980304035e-10
2.03219922733344,6.19141639726016e-10
2.03578968533226,6.58175291139198e-10
2.03938014333108,9.81037884614814e-10
2.04297060132991,1.66553467115423e-10
2.04656105932873,3.36295661416435e-10
2.05015151732755,3.86089934222719e-10
2.05374197532637,3.87199040884913e-10
2.05733243332519,3.93090994205799e-10
2.06092289132402,3.90999318598806e-10
2.06451334932284,3.90189053831585e-10
2.06810380732166,3.86287437283615e-10
2.07169426532048,3.85173163933146e-10
2.07528472331931,3.83104240171524e-10
2.07887518131813,3.79026441213491e-10
2.08246563931695,3.78428272342041e-10
2.08605609731577,3.7564332457958e-10
2.0896465553146,3.72043020510782e-10
2.09323701331342,3.70752503769275e-10
2.09682747131224,3.69464616368928e-10
2.10041792931106,3.62162934762181e-10
2.10400838730989,3.62479353854733e-10
2.10759884530871,3.6334332527066e-10
2.11118930330753,3.73874691901059e-10
2.11477976130635,3.49969963797994e-10
2.11837021930517,3.54447933738263e-10
2.121960677304,3.75320350128889e-10
2.12555113530282,3.71980245810793e-10
2.12914159330164,4.22167207816531e-10
2.13273205130046,2.42443137495942e-10
2.13632250929929,3.08739098075773e-10
2.13991296729811,3.18617536438075e-10
2.14350342529693,3.22689086618708e-10
2.14709388329575,3.24130196095981e-10
2.15068434129458,3.22725084199469e-10
2.1542747992934,3.24686521143042e-10
2.15786525729222,3.22843346671362e-10
2.16145571529104,3.59326161376705e-10
2.16504617328986,3.23231320817078e-10
2.16863663128869,3.23847671374453e-10
2.17222708928751,3.56134931712576e-10
2.17581754728633,3.19500646832053e-10
2.17940800528515,3.15789248471114e-10
2.18299846328398,3.15624860456632e-10
2.1865889212828,3.14186367358678e-10
2.19017937928162,3.12567368166013e-10
2.19376983728044,3.07314979096759e-10
2.19736029527927,3.07765144882111e-10
2.20095075327809,3.10609104416717e-10
2.20454121127691,3.10005894184223e-10
2.20813166927573,3.04397524887561e-10
2.21172212727456,3.09497885065804e-10
2.21531258527338,3.01037633769577e-10
2.2189030432722,2.99192122993515e-10
2.22249350127102,3.00240516872797e-10
2.22608395926984,2.98142590860704e-10
2.22967441726867,2.92960917881872e-10
2.23326487526749,2.91477001192007e-10
2.23685533326631,2.9934376053945e-10
2.24044579126513,3.05278429094976e-10
2.24403624926396,2.55702822846678e-10
2.24762670726278,2.78959254929212e-10
2.2512171652616,3.03586817440644e-10
2.25480762326042,2.67480966729467e-10
2.25839808125925,2.69400947236196e-10
2.26198853925807,2.70824297320046e-10
2.26557899725689,2.66277742660363e-10
2.26916945525571,2.67117174342623e-10
2.27275991325454,2.62778847378306e-10
2.27635037125336,2.59396268773726e-10
2.27994082925218,2.54096898606094e-10
2.283531287251,2.50489285405345e-10
2.28712174524982,2.39386735575812e-10
2.29071220324865,2.21705590361275e-10
2.29430266124747,2.70994316774029e-10
2.29789311924629,2.39585753930752e-10
2.30148357724511,2.16761630604312e-10
2.30507403524394,2.22544002745605e-10
2.30866449324276,2.06305921307038e-10
2.31225495124158,1.88530924069331e-10
2.3158454092404,1.68012091268506e-10
2.31943586723923,1.35675647566905e-10
2.32302632523805,9.58791587878712e-11
2.32661678323687,1.38577023152002e-10
2.33020724123569,5.51141110562692e-10
2.33379769923451,5.84784074863745e-09
2.33738815723334,9.20847219386148e-10
2.34097861523216,6.23132113504763e-10
2.34456907323098,5.16280252004704e-10
2.3481595312298,4.61009205009288e-10
2.35174998922863,4.31513413784175e-10
2.35534044722745,4.06260067309127e-10
2.35893090522627,3.88771284054038e-10
2.36252136322509,3.80023202119966e-10
2.36611182122392,3.74865909282323e-10
2.36970227922274,3.8129366246504e-10
2.37329273722156,5.55517824834138e-10
2.37688319522038,3.30460798913017e-10
2.38047365321921,3.18001533185171e-10
2.38406411121803,3.49653045885335e-10
2.38765456921685,3.31808368344557e-10
2.39124502721567,3.23444838244493e-10
2.39483548521449,3.21297645275418e-10
2.39842594321332,3.18905599988613e-10
2.40201640121214,3.18320105548916e-10
2.40560685921096,3.14795173946059e-10
2.40919731720978,3.14016010789477e-10
2.41278777520861,3.16933312148634e-10
2.41637823320743,2.96284801510425e-10
2.41996869120625,3.04026271446603e-10
2.42355914920507,3.34273662507155e-10
2.4271496072039,2.97173637808907e-10
2.43074006520272,2.94641732118151e-10
2.43433052320154,3.01710582689744e-10
2.43792098120036,2.99643938914995e-10
2.44151143919918,2.98960529291632e-10
2.44510189719801,3.0310250230367e-10
2.44869235519683,2.91035423003281e-10
2.45228281319565,3.0376425250131e-10
2.45587327119447,2.94422012496579e-10
2.4594637291933,2.86270217554176e-10
2.46305418719212,2.96802244759662e-10
2.46664464519094,2.85855989252784e-10
2.47023510318976,2.83196726072629e-10
2.47382556118859,2.81632929303858e-10
2.47741601918741,2.82590980512536e-10
2.48100647718623,2.8102545074189e-10
2.48459693518505,2.799462105463e-10
2.48818739318387,2.78463395996428e-10
2.4917778511827,2.78154418969803e-10
2.49536830918152,2.81827379651412e-10
2.49895876718034,2.74787359626259e-10
2.50254922517916,2.71897854205829e-10
2.50613968317799,3.39909131356446e-10
2.50973014117681,2.87083196903249e-10
2.51332059917563,2.84627764125366e-10
2.51691105717445,2.80866552400437e-10
2.52050151517328,2.75742204132864e-10
2.5240919731721,2.74780852986534e-10
2.52768243117092,2.73848261494513e-10
2.53127288916974,2.64350261914213e-10
2.53486334716857,2.87583331263529e-10
2.53845380516739,3.08616455914144e-10
2.54204426316621,2.90831613216967e-10
2.54563472116503,2.88986610427873e-10
2.54922517916385,2.86096173112e-10
2.55281563716268,2.84112430622668e-10
2.5564060951615,2.83118821165438e-10
2.55999655316032,2.83681662966835e-10
2.56358701115914,2.84961146011175e-10
2.56717746915797,2.87290244588649e-10
2.57076792715679,2.98694601301118e-10
2.57435838515561,3.38042188553467e-10
2.57794884315443,2.09639372889647e-10
2.58153930115326,2.56419120187161e-10
2.58512975915208,2.73600754359216e-10
2.5887202171509,2.75197121541458e-10
2.59231067514972,2.75055291226186e-10
2.59590113314854,2.66663079935475e-10
2.59949159114737,2.75289019189394e-10
2.60308204914619,2.75490956998452e-10
2.60667250714501,2.78751502726897e-10
2.61026296514383,2.79366108494426e-10
2.61385342314266,2.81073089814799e-10
2.61744388114148,2.83744248529225e-10
2.6210343391403,2.85125447933509e-10
2.62462479713912,2.78064829674867e-10
2.62821525513795,3.12208607012451e-10
2.63180571313677,3.11992208039438e-10
2.63539617113559,3.08182967547622e-10
2.63898662913441,3.22123487168508e-10
2.64257708713324,3.38375991043538e-10
2.64616754513206,3.5302024069263e-10
2.64975800313088,3.73569686538644e-10
2.6533484611297,4.21749984018087e-10
2.65693891912852,4.93660803409198e-10
2.66052937712735,6.53264282159372e-10
2.66411983512617,1.30986243285192e-09
2.66771029312499,2.61766483791449e-09
2.67130075112381,4.94753474810283e-10
2.67489120912264,2.59791990669938e-10
2.67848166712146,1.90771961983748e-10
2.68207212512028,1.72373702635415e-10
2.6856625831191,1.69924174210463e-10
2.68925304111792,1.71960661891775e-10
2.69284349911675,1.71118667149393e-10
2.69643395711557,1.73009155189857e-10
2.70002441511439,1.84607246209266e-10
2.70361487311321,1.75385003263388e-10
2.70720533111204,1.34279714878381e-10
2.71079578911086,2.03116848855003e-10
2.71438624710968,2.03292838014956e-10
2.7179767051085,2.00604494390617e-10
2.72156716310733,2.00603089785808e-10
2.72515762110615,2.01435209299552e-10
2.72874807910497,1.99988230322483e-10
2.73233853710379,2.04150526294094e-10
2.73592899510262,2.04240582411504e-10
2.73951945310144,2.02586775152547e-10
2.74310991110026,2.03711010506996e-10
2.74670036909908,2.0423143235089e-10
2.7502908270979,2.0334649506389e-10
2.75388128509673,2.01253829803189e-10
2.75747174309555,2.24221767729957e-10
2.76106220109437,2.06523202944228e-10
2.76465265909319,2.01087657067038e-10
2.76824311709202,2.06857441990405e-10
2.77183357509084,2.09366778459097e-10
2.77542403308966,2.05138724695465e-10
2.77901449108848,1.97594241972091e-10
2.78260494908731,2.00974856265846e-10
2.78619540708613,1.8785540466495e-10
2.78978586508495,1.98093158739917e-10
2.79337632308377,1.83696317776946e-10
2.7969667810826,1.6041122249384e-10
2.80055723908142,2.74110730824827e-10
2.80414769708024,2.42008509306002e-10
2.80773815507906,2.31270686618606e-10
2.81132861307788,2.27744606145511e-10
2.81491907107671,2.2694802742133e-10
2.81850952907553,2.26844887748328e-10
2.82209998707435,2.25047972874267e-10
2.82569044507317,2.31993779198717e-10
2.829280903072,2.09295135630295e-10
2.83287136107082,2.25763832991391e-10
2.83646181906964,2.53398767502497e-10
2.84005227706846,1.70367654268507e-10
2.84364273506729,2.030385656824e-10
2.84723319306611,2.07685085646584e-10
2.85082365106493,2.0972583291145e-10
2.85441410906375,2.09153500776612e-10
2.85800456706257,2.08868045076532e-10
2.8615950250614,2.14633598200909e-10
2.86518548306022,2.13375690796663e-10
2.86877594105904,4.54364943941937e-10
2.87236639905786,2.18642498104659e-10
2.87595685705669,2.1594889429461e-10
2.87954731505551,2.21474414087955e-10
2.88313777305433,2.19511577605158e-10
2.88672823105315,2.26301685358511e-10
2.89031868905198,2.19696959419851e-10
2.8939091470508,2.20229824726302e-10
2.89749960504962,2.24861716803795e-10
2.90109006304844,2.27742035932325e-10
2.90468052104727,2.2597893446858e-10
2.90827097904609,2.47229096072717e-10
2.91186143704491,2.10323334675879e-10
2.91545189504373,2.13298179492152e-10
2.91904235304255,2.80059859575161e-10
2.92263281104138,2.43029005369935e-10
2.9262232690402,2.41969686773662e-10
2.92981372703902,2.45773650676709e-10
2.93340418503784,2.4722886251359e-10
2.93699464303667,2.51607782321271e-10
2.94058510103549,2.56059197876132e-10
2.94417555903431,2.63525364990354e-10
2.94776601703313,2.71641333836833e-10
2.95135647503196,2.83887042908806e-10
2.95494693303078,3.02204819177405e-10
2.9585373910296,4.33689132963015e-10
2.96212784902842,2.80104361015103e-10
2.96571830702724,3.06871410811422e-10
2.96930876502607,3.62324117590965e-10
2.97289922302489,3.79703550532741e-10
2.97648968102371,4.21622075962205e-10
2.98008013902253,4.83104872059374e-10
2.98367059702136,5.66857924840345e-10
2.98726105502018,7.09883968203951e-10
2.990851513019,9.90591359606398e-10
2.99444197101782,1.57592107553243e-09
2.99803242901665,4.40880420626279e-09
3.00162288701547,5.32527167954871e-09
3.00521334501429,1.66667656767333e-09
3.00880380301311,9.97543296387829e-10
3.01239426101194,7.21924796893845e-10
3.01598471901076,5.73760408846962e-10
3.01957517700958,4.83254907514141e-10
3.0231656350084,4.23865192836798e-10
3.02675609300722,3.82458756525107e-10
3.03034655100605,3.51868713968717e-10
3.03393700900487,3.44088616269176e-10
3.03752746700369,3.51373158450612e-10
3.04111792500251,5.13922465113939e-10
3.04470838300134,2.15286581903597e-10
3.04829884100016,2.42817507498753e-10
3.05188929899898,2.22941189562313e-10
3.0554797569978,2.28270340145398e-10
3.05907021499663,2.2134373933269e-10
3.06266067299545,2.2061985692911e-10
3.06625113099427,2.17567453014797e-10
3.06984158899309,2.20906262976728e-10
3.07343204699191,2.0783525332763e-10
3.07702250499074,2.08540853490641e-10
3.08061296298956,2.01761176336394e-10
3.08420342098838,2.10778284645725e-10
3.0877938789872,2.067634552999e-10
3.09138433698603,2.08996522358635e-10
3.09497479498485,2.06578437543408e-10
3.09856525298367,2.00283123211684e-10
3.10215571098249,2.05513226059017e-10
3.10574616898132,2.05756485435377e-10
3.10933662698014,2.03024394041159e-10
3.11292708497896,1.88012347547738e-10
3.11651754297778,1.99971944978984e-10
3.1201080009766,2.01594599386468e-10
3.12369845897543,1.88135161618093e-10
3.12728891697425,1.82855355782106e-10
3.13087937497307,1.79779612490858e-10
3.13446983297189,2.27767528231337e-10
3.13806029097072,2.16905850752254e-10
3.14165074896954,2.12479703656276e-10
3.14524120696836,2.10344548051172e-10
3.14883166496718,2.09334707547006e-10
3.15242212296601,2.1178098522746e-10
3.15601258096483,2.11091520397008e-10
3.15960303896365,2.17220348776641e-10
3.16319349696247,2.03088122616861e-10
3.1667839549613,2.14371482380321e-10
3.17037441296012,2.42285999760002e-10
3.17396487095894,1.84491657112642e-10
3.17755532895776,2.00567017208963e-10
3.18114578695658,1.97469305546936e-10
3.18473624495541,2.0268455839543e-10
3.18832670295423,2.06545262922038e-10
3.19191716095305,2.10170321476786e-10
3.19550761895187,2.13556673918187e-10
3.1990980769507,2.2259892401559e-10
3.20268853494952,1.44899959146079e-10
3.20627899294834,2.01874720320521e-10
3.20986945094716,2.09970920675455e-10
3.21345990894599,2.11823933198264e-10
3.21705036694481,2.13401297096489e-10
3.22064082494363,2.18368464586217e-10
3.22423128294245,2.18507119182647e-10
3.22782174094128,2.18374129576826e-10
3.2314121989401,2.25673489018392e-10
3.23500265693892,2.28609741689395e-10
3.23859311493774,2.28609954752866e-10
3.24218357293656,2.0872794814919e-10
3.24577403093539,2.50855157560147e-10
3.24936448893421,2.63493855328606e-10
3.25295494693303,2.15134466408102e-10
3.25654540493185,2.43978922166209e-10
3.26013586293068,2.49974738889009e-10
3.2637263209295,2.56135050810384e-10
3.26731677892832,2.66875513851949e-10
3.27090723692714,2.73694982325356e-10
3.27449769492596,2.82668691354061e-10
3.27808815292479,2.92646789383422e-10
3.28167861092361,3.061439804392e-10
3.28526906892243,3.1358582956537e-10
3.28885952692125,3.3196763085216e-10
3.29244998492008,4.23306756594947e-10
3.2960404429189,3.70654282035244e-10
3.29963090091772,3.91876329519498e-10
3.30322135891654,4.53724030806616e-10
3.30681181691537,4.83894825315727e-10
3.31040227491419,5.35932371862405e-10
3.31399273291301,6.16931007184926e-10
3.31758319091183,7.34705657070971e-10
3.32117364891066,9.23800227600903e-10
3.32476410690948,1.26974085063473e-09
3.3283545649083,2.11276638957483e-09
3.33194502290712,7.34672121616464e-09
3.33553548090594,4.48804552187748e-09
3.33912593890477,1.65419077096733e-09
3.34271639690359,9.93657488767381e-10
3.34630685490241,7.0094879034049e-10
3.34989731290123,5.3454513533013e-10
3.35348777090006,4.3034874220586e-10
3.35707822889888,3.60543659410802e-10
3.3606686868977,3.10392349035244e-10
3.36425914489652,2.70912426409417e-10
3.36784960289535,2.61511026742489e-10
3.37144006089417,2.75688448603768e-10
3.37503051889299,1.62067839210316e-10
3.37862097689181,1.13243441909632e-10
3.38221143489063,1.26143306707345e-10
3.38580189288946,1.13117872898426e-10
3.38939235088828,1.10470454522467e-10
3.3929828088871,1.06830526515316e-10
3.39657326688592,1.00397162101401e-10
3.40016372488475,9.85263701506673e-11
3.40375418288357,9.63437869504723e-11
3.40734464088239,9.17086510358934e-11
3.41093509888121,8.8581379922749e-11
3.41452555688004,8.26362490440633e-11
3.41811601487886,8.43879339695142e-11
3.42170647287768,8.29707474415611e-11
3.4252969308765,7.14103323904105e-11
3.42888738887533,7.6834479618462e-11
3.43247784687415,7.28912246866581e-11
3.43606830487297,7.32529879995552e-11
3.43965876287179,7.45166227525992e-11
3.44324922087061,7.31200553977953e-11
3.44683967886944,5.87564249250874e-11
3.45043013686826,7.00454031430461e-11
3.45402059486708,5.91684944822636e-11
3.4576110528659,5.34099286553872e-11
3.46120151086473,5.58630526567533e-11
3.46479196886355,1.89457391739093e-10
3.46838242686237,6.94218437069272e-11
3.47197288486119,6.59315116495636e-11
3.47556334286002,6.58338971670894e-11
3.47915380085884,6.41000168531029e-11
3.48274425885766,6.26244876523922e-11
3.48633471685648,6.37271999997041e-11
3.48992517485531,6.41568314788449e-11
3.49351563285413,7.0773508711322e-11
3.49710609085295,6.18757160837453e-11
3.50069654885177,6.92247882395627e-11
3.50428700685059,1.01404858108935e-10
3.50787746484942,5.4532555486291e-11
3.51146792284824,5.18928570667901e-11
3.51505838084706,5.01079489174457e-11
3.51864883884588,4.79252008714426e-11
3.52223929684471,5.35480281108756e-11
3.52582975484353,5.68979057192194e-11
3.52942021284235,5.38963256401236e-11
3.53301067084117,7.3850361839784e-11
3.53660112884,1.0824660652369e-10
3.54019158683882,5.27500074822469e-11
3.54378204483764,5.72933659907617e-11
3.54737250283646,4.79743461442949e-11
3.55096296083528,5.24735528914389e-11
3.55455341883411,5.24749514075639e-11
3.55814387683293,5.77064185873605e-11
3.56173433483175,6.40493245591286e-11
3.56532479283057,6.50704598079912e-11
3.5689152508294,6.79480227111791e-11
3.57250570882822,7.8387064993249e-11
3.57609616682704,2.05349884241552e-10
3.57968662482586,7.21815075304641e-11
3.58327708282469,7.69507539240196e-11
3.58686754082351,1.16149546506355e-10
3.59045799882233,1.0980508074255e-10
3.59404845682115,1.24854622508253e-10
3.59763891481997,1.31366507210488e-10
3.6012293728188,1.42842609396008e-10
3.60481983081762,1.5717788415748e-10
3.60841028881644,1.74395905014474e-10
3.61200074681526,1.91666420328782e-10
3.61559120481409,2.13677453707436e-10
3.61918166281291,2.40064789508741e-10
3.62277212081173,2.69080960543177e-10
3.62636257881055,2.98844501780015e-10
3.62995303680938,3.4595379098258e-10
3.6335434948082,4.03527767944717e-10
3.63713395280702,4.54512461053715e-10
3.64072441080584,5.36898491365858e-10
3.64431486880467,6.48270546271935e-10
3.64790532680349,7.97992555193562e-10
3.65149578480231,1.01953540167581e-09
3.65508624280113,1.381194311855e-09
3.65867670079995,2.04852953142153e-09
3.66226715879878,3.84761447404503e-09
3.6658576167976,2.15792549702606e-08
3.66944807479642,6.45771690102726e-09
3.67303853279524,2.90365913308826e-09
3.67662899079407,1.90592332044018e-09
3.68021944879289,1.44303760687929e-09
3.68380990679171,1.17266359677195e-09
3.68740036479053,9.98810701511587e-10
3.69099082278936,8.75336211160635e-10
3.69458128078818,7.93073944925798e-10
3.698171738787,7.30550561366636e-10
3.70176219678582,6.93289040183041e-10
3.70535265478464,7.51673728458586e-10
3.70894311278347,4.63396073000229e-10
3.71253357078229,4.76913838987697e-10
3.71612402878111,4.74894578832386e-10
3.71971448677993,4.50759429149044e-10
3.72330494477876,4.33188089567748e-10
3.72689540277758,4.19139326362785e-10
3.7304858607764,4.08284333790042e-10
3.73407631877522,3.93179899394983e-10
3.73766677677405,3.7947469286387e-10
3.74125723477287,3.71633473582336e-10
3.74484769277169,3.62145833602709e-10
3.74843815077051,3.56468471911444e-10
3.75202860876934,3.49353190113256e-10
3.75561906676816,3.53914325540721e-10
3.75920952476698,3.18654668432924e-10
3.7627999827658,3.18908331075088e-10
3.76639044076462,3.22143407053725e-10
3.76998089876345,3.14088522157355e-10
3.77357135676227,3.06780057393721e-10
3.77716181476109,3.06674561543012e-10
3.78075227275991,2.97673296006551e-10
3.78434273075874,3.04318063840628e-10
3.78793318875756,3.09895463747106e-10
3.79152364675638,2.90509447738652e-10
3.7951141047552,3.22454360696485e-10
3.79870456275403,1.36332629023828e-10
3.80229502075285,2.37061975493576e-10
3.80588547875167,2.46180414422461e-10
3.80947593675049,2.50896544786491e-10
3.81306639474931,2.50905779203315e-10
3.81665685274814,2.49487526128793e-10
3.82024731074696,2.48768030709171e-10
3.82383776874578,2.47486741266913e-10
3.8274282267446,2.3924423642624e-10
3.83101868474343,2.52851779517982e-10
3.83460914274225,2.48591223109749e-10
3.83819960074107,1.94105776546577e-10
3.84179005873989,2.52216957984883e-10
3.84538051673872,2.4872861501239e-10
3.84897097473754,2.44515408590347e-10
3.85256143273636,2.45474730363055e-10
3.85615189073518,2.49828880643151e-10
3.85974234873401,2.58707275662027e-10
3.86333280673283,2.66370390285311e-10
3.86692326473165,3.3832531385899e-10
3.87051372273047,1.34576922114312e-10
3.87410418072929,1.90428664728307e-10
3.87769463872812,2.05839795219672e-10
3.88128509672694,2.10425545324647e-10
3.88487555472576,2.13581772753316e-10
3.88846601272458,2.10243726658235e-10
3.89205647072341,2.1519732006729e-10
3.89564692872223,2.16762349314095e-10
3.89923738672105,2.17707388679996e-10
3.90282784471987,2.17213938355535e-10
3.9064183027187,2.24750205833073e-10
3.91000876071752,1.5830181065332e-10
3.91359921871634,2.16429673766233e-10
3.91718967671516,2.40213061015424e-10
3.92078013471399,2.08610153998359e-10
3.92437059271281,2.09099732700643e-10
3.92796105071163,2.13646165089514e-10
3.93155150871045,2.10369894128625e-10
3.93514196670927,2.13738136788208e-10
3.9387324247081,2.1608726020488e-10
3.94232288270692,2.1794415650418e-10
3.94591334070574,2.18111710059049e-10
3.94950379870456,2.22034053206378e-10
3.95309425670339,2.25200104063964e-10
3.95668471470221,2.28125681528515e-10
3.96027517270103,2.30686921032103e-10
3.96386563069985,2.33964142497851e-10
3.96745608869867,2.33348500520296e-10
3.9710465466975,2.65514644582525e-10
3.97463700469632,2.74008771129971e-10
3.97822746269514,2.91085184285988e-10
3.98181792069396,3.21586812719927e-10
3.98540837869279,3.74898736502307e-10
3.98899883669161,4.59865407971669e-10
3.99258929469043,6.5603095428899e-10
3.99617975268925,1.21811160989134e-09
3.99977021068808,1.98913164359931e-08
4.0033606686869,1.35093935641932e-09
4.00695112668572,6.6899540185976e-10
4.01054158468454,4.58974943788891e-10
4.01413204268337,3.6061240089802e-10
4.01772250068219,3.05741542521499e-10
4.02131295868101,2.740349388252e-10
4.02490341667983,2.52721659157473e-10
4.02849387467865,2.35143632790316e-10
4.03208433267748,2.24986692323389e-10
4.0356747906763,2.25747516965014e-10
4.03926524867512,3.57152917133047e-10
4.04285570667394,3.83008151444141e-10
4.04644616467277,2.49248325762616e-10
4.05003662267159,2.11759730488554e-10
4.05362708067041,2.1718362204291e-10
4.05721753866923,2.12145004951882e-10
4.06080799666806,2.06968914215889e-10
4.06439845466688,2.0395582470996e-10
4.0679889126657,2.01461188059153e-10
4.07157937066452,2.08712393551854e-10
4.07516982866334,2.00584837848458e-10
4.07876028666217,1.95660681298988e-10
4.08235074466099,2.06169115510733e-10
4.08594120265981,1.99078803128772e-10
4.08953166065863,1.97460067080561e-10
4.09312211865746,2.01272232984219e-10
4.09671257665628,1.97308558375462e-10
4.1003030346551,2.03316525914127e-10
4.10389349265392,2.01899307421617e-10
4.10748395065275,1.97852140738753e-10
4.11107440865157,1.94219296429078e-10
4.11466486665039,2.14064295054544e-10
4.11825532464921,2.15990625146217e-10
4.12184578264803,2.140660970398e-10
4.12543624064686,2.44540345479071e-10
4.12902669864568,3.43356375014798e-10
4.1326171566445,1.11428778602535e-10
4.13620761464332,1.31364782700672e-10
4.13979807264215,1.51437896709073e-10
4.14338853064097,1.60531238776238e-10
4.14697898863979,1.66856598551078e-10
4.15056944663861,1.7007646497826e-10
4.15415990463744,1.7117546409871e-10
4.15775036263626,1.75429091215758e-10
4.16134082063508,1.707543086087e-10
4.1649312786339,1.79779638880567e-10
4.16852173663272,1.8172750408733e-10
4.17211219463155,1.31923515728231e-10
4.17570265263037,1.72527778419033e-10
4.17929311062919,1.68473235051941e-10
4.18288356862801,1.76512383256626e-10
4.18647402662684,1.76803310833751e-10
4.19006448462566,1.76268757041281e-10
4.19365494262448,1.76801439997099e-10
4.1972454006233,1.7022454612027e-10
4.20083585862213,1.45484131020294e-10
4.20442631662095,2.14527474307453e-10
4.20801677461977,1.95338039524316e-10
4.21160723261859,1.87352762081961e-10
4.21519769061742,1.8731881454672e-10
4.21878814861624,1.87563783333227e-10
4.22237860661506,1.87197616700595e-10
4.22596906461388,1.84930773462994e-10
4.22955952261271,1.90771363437846e-10
4.23314998061153,1.85155702230524e-10
4.23674043861035,1.88753346888696e-10
4.24033089660917,1.88314479136869e-10
4.24392135460799,2.3234265129407e-10
4.24751181260682,1.95894625854779e-10
4.25110227060564,1.77679261273202e-10
4.25469272860446,2.00527693229546e-10
4.25828318660328,1.98249959104135e-10
4.26187364460211,1.97771546603272e-10
4.26546410260093,2.03724638545154e-10
4.26905456059975,2.02705130175745e-10
4.27264501859857,2.05090857660523e-10
4.2762354765974,2.06759272965253e-10
4.27982593459622,2.10446471701211e-10
4.28341639259504,2.10721582783946e-10
4.28700685059386,2.26941594574942e-10
4.29059730859268,2.59915499338622e-10
4.29418776659151,1.66450295668179e-10
4.29777822459033,2.03488158898439e-10
4.30136868258915,2.31287705984038e-10
4.30495914058797,2.18682964627781e-10
4.3085495985868,2.28516396308201e-10
4.31214005658562,2.43817655995904e-10
4.31573051458444,2.56438652163395e-10
4.31932097258326,2.86085336925824e-10
4.32291143058209,3.35510335713161e-10
4.32650188858091,3.81695788225922e-10
4.33009234657973,6.36793994092995e-10
4.33368280457855,4.2036697874539e-09
4.33727326257737,2.28723936643199e-10
4.3408637205762,6.75160875057872e-11
4.34445417857502,6.60628389334942e-11
4.34804463657384,8.54982231334084e-11
4.35163509457266,1.02421478608622e-10
4.35522555257149,1.14843527674114e-10
4.35881601057031,1.2485516696728e-10
4.36240646856913,1.32337264063995e-10
4.36599692656795,1.33710112977599e-10
4.36958738456678,1.52829684018897e-10
4.3731778425656,3.29011365768791e-10
4.37676830056442,2.03795656389412e-10
4.38035875856324,1.73311651842791e-10
4.38394921656207,1.32240568826483e-10
4.38753967456089,1.514507418137e-10
4.39113013255971,1.57957498768733e-10
4.39472059055853,1.59750025672386e-10
4.39831104855736,1.59167424196765e-10
4.40190150655618,1.60386817212519e-10
4.405491964555,1.77318883438413e-10
4.40908242255382,1.67869178974749e-10
4.41267288055264,1.69268090673801e-10
4.41626333855147,1.73912652621934e-10
4.41985379655029,1.73586848932492e-10
4.42344425454911,1.65348875110265e-10
4.42703471254793,1.74564781250631e-10
4.43062517054676,1.76811624337814e-10
4.43421562854558,1.75171475468192e-10
4.4378060865444,1.77053341676538e-10
4.44139654454322,1.74613024841662e-10
4.44498700254205,1.70875126509042e-10
4.44857746054087,1.83353981785921e-10
4.45216791853969,1.67266273244075e-10
4.45575837653851,2.00715969746958e-10
4.45934883453733,1.9594253119155e-10
4.46293929253616,1.95548979032375e-10
4.46652975053498,2.16357773767777e-10
4.4701202085338,2.03364703089168e-10
4.47371066653262,2.0291395317629e-10
4.47730112453145,2.03364561874364e-10
4.48089158253027,2.04496726440515e-10
4.48448204052909,2.06900274021864e-10
4.48807249852791,2.10065657967286e-10
4.49166295652673,2.08481009572863e-10
4.49525341452556,2.22568297763445e-10
4.49884387252438,2.17573184983598e-10
4.5024343305232,2.26422196402757e-10
4.50602478852202,1.78392933544813e-10
4.50961524652085,2.084883381276e-10
4.51320570451967,2.05746869387526e-10
4.51679616251849,2.1900059122425e-10
4.52038662051731,2.25936708345238e-10
4.52397707851614,2.24815026055186e-10
4.52756753651496,2.23871308658061e-10
4.53115799451378,2.28057296981965e-10
4.5347484525126,2.26865519139905e-10
4.53833891051143,2.58621813887783e-10
4.54192936851025,2.54470502438624e-10
4.54551982650907,2.48537351103591e-10
4.54911028450789,2.56442037049783e-10
4.55270074250671,2.60625383275623e-10
4.55629120050554,2.65460409960233e-10
4.55988165850436,2.70126281346214e-10
4.56347211650318,2.75427024107677e-10
4.567062574502,2.79999311585598e-10
4.57065303250083,2.78636839827752e-10
4.57424349049965,2.65565450973202e-10
4.57783394849847,3.53453567760005e-10
4.58142440649729,3.29038480942178e-10
4.58501486449612,3.34417703178912e-10
4.58860532249494,3.37358209083889e-10
4.59219578049376,3.49929373407261e-10
4.59578623849258,3.47631643328908e-10
4.59937669649141,3.75611376174961e-10
4.60296715449023,3.90936806532335e-10
4.60655761248905,4.06655954818832e-10
4.61014807048787,4.28587188893144e-10
4.61373852848669,4.5096211398247e-10
4.61732898648552,4.74921248631993e-10
4.62091944448434,5.06613703122117e-10
4.62450990248316,5.53292899509741e-10
4.62810036048198,5.66884756669041e-10
4.63169081848081,6.23412748429893e-10
4.63528127647963,6.99278018294231e-10
4.63887173447845,7.65758144375235e-10
4.64246219247727,8.61089630200937e-10
4.6460526504761,1.00127968458474e-09
4.64964310847492,1.19465567595991e-09
4.65323356647374,1.48726038989889e-09
4.65682402447256,2.01116578293342e-09
4.66041448247138,3.09520347116824e-09
4.66400494047021,7.15493439699778e-09
4.66759539846903,2.01403765059899e-08
4.67118585646785,4.07663524191158e-09
4.67477631446667,2.23728200910377e-09
4.6783667724655,1.52554323603699e-09
4.68195723046432,1.14896777852551e-09
4.68554768846314,9.14795829134736e-10
4.68913814646196,7.57578311342316e-10
4.69272860446079,6.40609603825319e-10
4.69631906245961,5.56289236477681e-10
4.69990952045843,4.87194502568599e-10
4.70349997845725,4.38580444531004e-10
4.70709043645607,5.59603626697696e-10
4.7106808944549,3.39715053109633e-10
4.71427135245372,3.17434231144188e-10
4.71786181045254,2.86771488922725e-10
4.72145226845136,2.63925503059627e-10
4.72504272645019,2.42574106303041e-10
4.72863318444901,2.24478705547326e-10
4.73222364244783,2.12932133196322e-10
4.73581410044665,1.98877431446171e-10
4.73940455844548,1.81924452694786e-10
4.7429950164443,1.71305452730236e-10
4.74658547444312,1.61105832365554e-10
4.75017593244194,1.51810103456834e-10
4.75376639044077,1.45000565192646e-10
4.75735684843959,1.43310489823482e-10
4.76094730643841,1.29716696089307e-10
4.76453776443723,1.22556184634337e-10
4.76812822243606,1.20457087968279e-10
4.77171868043488,1.14336760127048e-10
4.7753091384337,1.10816396513551e-10
4.77889959643252,1.14593609517943e-10
4.78249005443134,1.0390808587674e-10
4.78608051243017,1.20420673801146e-10
4.78967097042899,1.1054436433002e-10
4.79326142842781,1.07440030915588e-10
4.79685188642663,2.30015040562969e-10
4.80044234442546,4.51057552518844e-11
4.80403280242428,5.16558611953534e-11
4.8076232604231,5.4636823982482e-11
4.81121371842192,5.54407674859886e-11
4.81480417642075,5.57387909015899e-11
4.81839463441957,5.27195712260051e-11
4.82198509241839,5.25942222125527e-11
4.82557555041721,5.28940897718287e-11
4.82916600841603,4.78459959680761e-11
4.83275646641486,5.23011717102647e-11
4.83634692441368,6.93390412338822e-11
4.8399373824125,3.59650905125028e-11
4.84352784041132,3.81336176596173e-11
4.84711829841015,4.31357347855824e-11
4.85070875640897,3.87845950769463e-11
4.85429921440779,3.96514963292574e-11
4.85788967240661,4.00870702738512e-11
4.86148013040544,4.25277539256508e-11
4.86507058840426,5.84135496036714e-11
4.86866104640308,7.72504501534748e-10
4.8722515044019,4.65131992039819e-11
4.87584196240072,2.90752980363363e-11
4.87943242039955,1.66613439479994e-11
4.88302287839837,1.64150180212283e-11
4.88661333639719,1.59178962914932e-11
4.89020379439601,1.09940829189773e-11
4.89379425239484,1.21188685612663e-11
4.89738471039366,1.26645325297963e-11
4.90097516839248,1.57133663734953e-11
4.9045656263913,1.38360168821807e-11
4.90815608439013,4.60949553481417e-11
4.91174654238895,5.2002878922767e-11
4.91533700038777,3.83268753656765e-11
4.91892745838659,5.64170433413228e-11
4.92251791638541,3.38162311042313e-11
4.92610837438424,4.08618900885785e-11
4.92969883238306,3.20448764762779e-11
4.93328929038188,4.91434406759223e-11
4.9368797483807,5.30493666913925e-11
4.94047020637953,6.05934868190861e-11
4.94406066437835,6.9571358982932e-11
4.94765112237717,7.95921110878678e-11
4.95124158037599,9.04493978691135e-11
4.95483203837482,1.04292139572113e-10
4.95842249637364,1.24543212792522e-10
4.96201295437246,1.38586478104333e-10
4.96560341237128,1.61535169456948e-10
4.96919387037011,2.03132099780845e-10
4.97278432836893,2.25690256324421e-10
4.97637478636775,2.72702755950556e-10
4.97996524436657,3.35753253600184e-10
4.98355570236539,4.26115136090598e-10
4.98714616036422,5.6678885812993e-10
4.99073661836304,8.34519331426359e-10
4.99432707636186,1.38656882603037e-09
4.99791753436068,3.91623879798827e-09
