freqs,specs
0,7.44966293221441e-08
0.00359045799882233,1.57540881292558e-08
0.00718091599764466,4.20307124003951e-09
0.010771373996467,1.14384584906599e-08
0.0143618319952893,9.34384141342643e-09
0.0179522899941117,1.47262241148711e-08
0.021542747992934,9.33567863501425e-09
0.0251332059917563,1.18527941861352e-08
0.0287236639905786,1.13654420320698e-08
0.032314121989401,4.04880852562021e-09
0.0359045799882233,1.17445666987478e-08
0.0394950379870456,6.50218601411771e-09
0.043085495985868,1.26933213624943e-08
0.0466759539846903,7.8518586122642e-09
0.0502664119835126,1.35931582589149e-09
0.053856869982335,4.26543212897868e-09
0.0574473279811573,2.25005916737551e-09
0.0610377859799796,4.84485218856662e-09
0.0646282439788019,4.81870655768579e-09
0.0682187019776243,7.9508453391083e-09
0.0718091599764466,6.9459411506745e-09
0.0753996179752689,7.10535880326281e-09
0.0789900759740913,7.94305509543733e-09
0.0825805339729136,2.53348567416099e-09
0.0861709919717359,5.40211401204628e-09
0.0897614499705583,9.51336259912576e-09
0.0933519079693806,6.8761999246689e-10
0.0969423659682029,2.20465247866543e-09
0.100532823967025,3.77315057984325e-09
0.104123281965848,5.22058238414515e-09
0.10771373996467,4.86652004499438e-09
0.111304197963492,3.12129350841954e-09
0.114894655962315,2.58175066213415e-09
0.118485113961137,2.65578762088444e-09
0.122075571959959,1.26897128618088e-09
0.125666029958782,2.61620464178967e-09
0.129256487957604,3.36957664463666e-09
0.132846945956426,3.54412036739268e-09
0.136437403955249,1.89165149549898e-09
0.140027861954071,3.03073207981814e-09
0.143618319952893,4.57245803217917e-09
0.147208777951716,4.1800930171549e-09
0.150799235950538,1.48102093552246e-09
0.15438969394936,4.59938724779707e-09
0.157980151948183,3.08729942434013e-09
0.161570609947005,5.81013943515807e-09
0.165161067945827,4.98828991296439e-09
0.16875152594465,7.58579082515825e-09
0.172341983943472,2.68212618458302e-09
0.175932441942294,1.30689716201788e-09
0.179522899941117,1.25912524148581e-09
0.183113357939939,1.95900712931067e-09
0.186703815938761,5.55874436297723e-09
0.190294273937583,4.15426784040032e-09
0.193884731936406,2.66743240225233e-09
0.197475189935228,6.63769599332324e-09
0.20106564793405,7.19637215715841e-09
0.204656105932873,6.56291987907338e-09
0.208246563931695,6.87189850442385e-09
0.211837021930517,2.67432542926838e-09
0.21542747992934,2.87248124931328e-09
0.219017937928162,7.94995503791523e-09
0.222608395926984,2.26328182228704e-09
0.226198853925807,9.49573363469896e-10
0.229789311924629,3.94463122701611e-09
0.233379769923451,1.20976801829557e-09
0.236970227922274,2.0034453778133e-09
0.240560685921096,6.66210829977e-10
0.244151143919918,4.48678141332014e-09
0.247741601918741,6.13329516959972e-09
0.251332059917563,5.52436577046515e-09
0.254922517916385,4.87252846375584e-09
0.258512975915208,5.88125407502351e-09
0.26210343391403,2.1551181773745e-09
0.265693891912852,3.23894789875236e-09
0.269284349911675,2.2166964329618e-09
0.272874807910497,3.5740310689042e-09
0.276465265909319,3.8154973489998e-09
0.280055723908142,5.35449184713306e-09
0.283646181906964,2.21267354590843e-09
0.287236639905786,4.24193207144224e-09
0.290827097904609,7.36096708502191e-09
0.294417555903431,1.53587932407399e-09
0.298008013902253,3.84439431493633e-09
0.301598471901076,3.58328522430126e-09
0.305188929899898,3.38586072725556e-09
0.30877938789872,3.49581100779266e-09
0.312369845897543,7.2848911486689e-09
0.315960303896365,9.76064453053924e-10
0.319550761895187,3.24791223052156e-09
0.32314121989401,5.29854156399009e-09
0.326731677892832,2.57938235370426e-09
0.330322135891654,6.17921465035693e-09
0.333912593890477,7.86849707037713e-10
0.337503051889299,1.85445039072776e-09
0.341093509888121,4.73779394389473e-09
0.344683967886944,3.83918942954133e-09
0.348274425885766,5.69348684210017e-09
0.351864883884588,5.86689507055622e-09
0.355455341883411,4.79022969861322e-09
0.359045799882233,1.47154479569615e-09
0.362636257881055,2.8229038834175e-09
0.366226715879878,9.00517690938421e-09
0.3698171738787,5.02895906542642e-09
0.373407631877522,6.05744393242816e-09
0.376998089876345,5.17341140959092e-09
0.380588547875167,1.35769619084505e-09
0.384179005873989,2.96467740393464e-09
0.387769463872812,5.52710455920302e-09
0.391359921871634,2.68689194178041e-09
0.394950379870456,2.00219520679474e-09
0.398540837869279,6.27973656458339e-10
0.402131295868101,9.37597673743187e-09
0.405721753866923,4.43889726102037e-09
0.409312211865746,7.0561787299272e-09
0.412902669864568,2.96575856560491e-09
0.41649312786339,4.6458815527936e-09
0.420083585862213,3.4223261390709e-09
0.423674043861035,5.58456204537535e-09
0.427264501859857,5.43416090085577e-09
0.43085495985868,9.69651077943159e-09
0.434445417857502,7.19898797785312e-09
0.438035875856324,4.38865803099921e-09
0.441626333855147,5.49590363750623e-09
0.445216791853969,8.31253947364723e-10
0.448807249852791,2.29583408375817e-09
0.452397707851614,1.30304938682863e-09
0.455988165850436,8.80934503196994e-09
0.459578623849258,7.46411384903739e-09
0.463169081848081,8.23274946259763e-09
0.466759539846903,4.15417065020971e-09
0.470349997845725,2.17941174581503e-09
0.473940455844548,4.81613293442994e-09
0.47753091384337,3.05601306572724e-09
0.481121371842192,5.23801328062354e-09
0.484711829841015,1.49786212954307e-09
0.488302287839837,5.66854208503535e-09
0.491892745838659,2.63865898313418e-09
0.495483203837482,4.84487513536291e-09
0.499073661836304,3.94302796410108e-09
0.502664119835126,3.02428263224142e-09
0.506254577833949,3.34539270643565e-09
0.509845035832771,3.65833345245817e-09
0.513435493831593,1.54608318140886e-09
0.517025951830416,2.79519036111567e-09
0.520616409829238,2.60719651043348e-09
0.52420686782806,5.67674613888731e-09
0.527797325826883,3.97680901450335e-10
0.531387783825705,9.13119354702384e-09
0.534978241824527,2.98956073692251e-09
0.53856869982335,6.2824571913918e-09
0.542159157822172,2.05673899802221e-09
0.545749615820994,1.44516039432013e-09
0.549340073819817,6.67616078216881e-09
0.552930531818639,5.72471190534782e-09
0.556520989817461,1.21205271816844e-08
0.560111447816284,3.78455399261905e-09
0.563701905815106,1.66028126027554e-09
0.567292363813928,4.24821683482786e-09
0.57088282181275,4.90091354509507e-09
0.574473279811573,8.17778630802644e-09
0.578063737810395,5.53152401838445e-09
0.581654195809218,2.77944908533101e-09
0.58524465380804,1.5698111613179e-09
0.588835111806862,3.15608172600871e-09
0.592425569805685,6.15091945373196e-09
0.596016027804507,5.54605466404706e-09
0.599606485803329,4.7378038230738e-09
0.603196943802151,2.45390925379818e-09
0.606787401800974,1.50250273557029e-09
0.610377859799796,6.74815760834653e-09
0.613968317798618,1.65099186152241e-09
0.617558775797441,5.53975649831894e-09
0.621149233796263,4.36345253045096e-10
0.624739691795085,1.74728321105699e-09
0.628330149793908,6.5972641746867e-09
0.63192060779273,9.35190131343135e-09
0.635511065791552,3.04529188881047e-09
0.639101523790375,2.63863592403517e-09
0.642691981789197,6.66484616499431e-09
0.646282439788019,9.23160214356634e-09
0.649872897786842,2.64878881189819e-09
0.653463355785664,3.93686558019151e-09
0.657053813784486,7.27269497057182e-09
0.660644271783309,7.85811034493296e-09
0.664234729782131,3.61535633619216e-09
0.667825187780953,1.02588539085825e-09
0.671415645779776,5.20211460108205e-09
0.675006103778598,4.80004929587238e-09
0.67859656177742,7.36831965090849e-09
0.682187019776243,8.51175385326992e-09
0.685777477775065,9.66699540554874e-09
0.689367935773887,4.28284305635818e-09
0.69295839377271,4.65598956852351e-09
0.696548851771532,7.26789277683096e-09
0.700139309770354,2.51597708100157e-09
0.703729767769177,7.50307103810115e-09
0.707320225767999,6.85442322971117e-09
0.710910683766821,4.66325204768003e-09
0.714501141765644,9.44086082342258e-09
0.718091599764466,3.52616546923964e-09
0.721682057763288,5.16495232733346e-09
0.725272515762111,1.10893269681972e-08
0.728862973760933,1.86500276928262e-09
0.732453431759755,6.08942640499261e-09
0.736043889758578,5.19181734561116e-09
0.7396343477574,9.38064445232279e-09
0.743224805756222,7.86988272554563e-09
0.746815263755045,1.48851914896199e-09
0.750405721753867,6.30027645622506e-09
0.753996179752689,6.33290917806575e-09
0.757586637751512,7.43579978161615e-09
0.761177095750334,5.93947778652057e-09
0.764767553749156,5.83053018591732e-09
0.768358011747979,9.9327659690464e-09
0.771948469746801,2.4215150047077e-09
0.775538927745623,5.49971869709368e-09
0.779129385744446,7.1206924435481e-09
0.782719843743268,5.37155561177491e-09
0.78631030174209,7.49581904651724e-09
0.789900759740913,2.51201999056268e-09
0.793491217739735,9.44080809036243e-09
0.797081675738557,9.58563378321425e-09
0.80067213373738,2.60322706090551e-09
0.804262591736202,1.04875825395657e-08
0.807853049735024,7.56771425052573e-09
0.811443507733847,2.72440143663492e-09
0.815033965732669,2.53044266075668e-09
0.818624423731491,1.15611512257269e-08
0.822214881730314,3.26558038714003e-09
0.825805339729136,2.18242499446704e-09
0.829395797727958,1.12040207565359e-08
0.832986255726781,1.04279668819238e-08
0.836576713725603,4.05986595135271e-09
0.840167171724425,1.26654798223936e-08
0.843757629723248,1.06299753952633e-08
0.84734808772207,5.62453241320871e-09
0.850938545720892,2.99414466273136e-09
0.854529003719715,1.1019716451673e-08
0.858119461718537,4.87910922500185e-09
0.861709919717359,1.08774626473876e-08
0.865300377716182,6.78780511198323e-09
0.868890835715004,2.7615450192784e-09
0.872481293713826,1.24933517609764e-08
0.876071751712649,1.58127854740496e-09
0.879662209711471,9.93770299417487e-10
0.883252667710293,1.62150926482594e-08
0.886843125709115,1.00759772993809e-08
0.890433583707938,2.44317834002998e-09
0.89402404170676,1.19550796650279e-08
0.897614499705583,1.22674181064172e-08
0.901204957704405,4.07906797246304e-09
0.904795415703227,2.68703024070511e-09
0.90838587370205,1.84384774635317e-08
0.911976331700872,3.377325491594e-09
0.915566789699694,4.10434723726701e-09
0.919157247698516,1.8136571379645e-08
0.922747705697339,8.61733491991767e-09
0.926338163696161,1.61987212182634e-08
0.929928621694984,5.81212099532365e-09
0.933519079693806,9.24300966220718e-09
0.937109537692628,1.3381400760172e-08
0.940699995691451,1.14478937296147e-08
0.944290453690273,8.14111205235133e-09
0.947880911689095,2.122510840289e-08
0.951471369687917,1.87206925821505e-08
0.95506182768674,7.05547401525709e-09
0.958652285685562,1.52692447458941e-08
0.962242743684384,2.84285780704349e-08
0.965833201683207,1.81795007211247e-08
0.969423659682029,1.6484545967469e-08
0.973014117680852,3.82032441360464e-08
0.976604575679674,3.36477404100129e-08
0.980195033678496,1.80946215014737e-08
0.983785491677318,4.75086487285188e-08
0.987375949676141,4.72362480544499e-08
0.990966407674963,1.51747220321445e-08
0.994556865673785,7.83073234496252e-08
0.998147323672608,2.30097859721181e-07
1.00173778167143,2.41344616410195e-07
1.00532823967025,7.87588649552349e-08
1.00891869766907,1.33117828933802e-08
1.0125091556679,5.01306214536045e-08
1.01609961366672,4.82984174540026e-08
1.01969007166554,1.89531718229089e-08
1.02328052966436,3.27550718844158e-08
1.02687098766319,3.50033020422237e-08
1.03046144566201,1.82459302292357e-08
1.03405190366083,1.39697248039684e-08
1.03764236165965,2.68632065349717e-08
1.04123281965848,1.59768900506547e-08
1.0448232776573,6.65415015302857e-09
1.04841373565612,2.05388922667267e-08
1.05200419365494,2.17131303964414e-08
1.05559465165377,8.1699173053243e-09
1.05918510965259,1.01142837470471e-08
1.06277556765141,1.52091963214247e-08
1.06636602565023,1.00467004831467e-08
1.06995648364905,4.71317460772219e-09
1.07354694164788,1.63907236218789e-08
1.0771373996467,6.33778126614291e-09
1.08072785764552,1.69213669162179e-08
1.08431831564434,2.82635378132749e-09
1.08790877364317,2.71598387713934e-09
1.09149923164199,1.58641001262535e-08
1.09508968964081,5.83409518115848e-09
1.09868014763963,6.64224078439321e-09
1.10227060563846,1.50837805207475e-08
1.10586106363728,1.42106176132485e-08
1.1094515216361,2.0522060643174e-09
1.11304197963492,9.22649919428951e-09
1.11663243763374,1.70146008618384e-08
1.12022289563257,5.03854041518231e-09
1.12381335363139,1.37510316018153e-09
1.12740381163021,1.23519996765399e-08
1.13099426962903,4.38642548271927e-09
1.13458472762786,7.35567374976709e-09
1.13817518562668,1.24426554794399e-08
1.1417656436255,6.20056923587091e-09
1.14535610162432,1.11778775391483e-08
1.14894655962315,2.38086865519945e-09
1.15253701762197,6.75717096991121e-09
1.15612747562079,8.91079455515317e-09
1.15971793361961,1.34477998220187e-08
1.16330839161844,7.24456859142526e-09
1.16689884961726,7.28154056055282e-09
1.17048930761608,7.82599372721998e-09
1.1740797656149,2.0888607605069e-09
1.17767022361372,1.55235042684781e-09
1.18126068161255,1.18246364660143e-08
1.18485113961137,5.52391725355916e-09
1.18844159761019,6.75404103869826e-09
1.19203205560901,7.82688313033116e-09
1.19562251360784,8.51761042366629e-09
1.19921297160666,5.46722654533974e-09
1.20280342960548,7.97698976578432e-09
1.2063938876043,1.01642843121148e-08
1.20998434560313,3.45313607231026e-09
1.21357480360195,5.91314326933129e-09
1.21716526160077,4.63333654125051e-09
1.22075571959959,3.38890357240788e-09
1.22434617759841,7.34198070173558e-09
1.22793663559724,2.53238631015723e-09
1.23152709359606,8.34880323715859e-09
1.23511755159488,2.96530381726757e-09
1.2387080095937,5.01827737794737e-09
1.24229846759253,7.05106067547436e-09
1.24588892559135,4.07450149795659e-09
1.24947938359017,6.1759468371847e-09
1.25306984158899,3.81692100078907e-09
1.25666029958782,6.20914821589432e-09
1.26025075758664,4.97478427223391e-09
1.26384121558546,7.65158900916557e-09
1.26743167358428,4.70056112270693e-09
1.2710221315831,1.96306693242782e-09
1.27461258958193,1.07582103941904e-08
1.27820304758075,4.20388766832492e-09
1.28179350557957,1.77527559908983e-09
1.28538396357839,7.10867353071648e-09
1.28897442157722,5.70879325815415e-09
1.29256487957604,7.04194986688601e-09
1.29615533757486,2.4276015785398e-09
1.29974579557368,2.53623121892172e-09
1.30333625357251,5.33236359973438e-09
1.30692671157133,4.62394279528906e-09
1.31051716957015,3.74278312168798e-09
1.31410762756897,8.10283632288788e-09
1.3176980855678,9.37346657254759e-09
1.32128854356662,4.83905058763954e-09
1.32487900156544,2.85560113679554e-09
1.32846945956426,6.82869674371792e-09
1.33205991756308,9.60509985888285e-10
1.33565037556191,1.85243432916833e-09
1.33924083356073,4.33583467633957e-09
1.34283129155955,8.56365781109702e-09
1.34642174955837,2.82091251639559e-09
1.3500122075572,4.50706907931427e-09
1.35360266555602,1.11015729074301e-08
1.35719312355484,2.08691813322565e-09
1.36078358155366,3.2464924043136e-09
1.36437403955249,4.53051069549125e-09
1.36796449755131,7.52468299346213e-09
1.37155495555013,6.8053407945678e-09
1.37514541354895,2.67755967710266e-10
1.37873587154777,2.16394071900177e-09
1.3823263295466,3.59371263770899e-09
1.38591678754542,4.74680496838291e-10
1.38950724554424,7.25973149212958e-09
1.39309770354306,1.21896474008299e-09
1.39668816154189,2.99657109455894e-09
1.40027861954071,5.38764495586575e-09
1.40386907753953,2.59971224973899e-09
1.40745953553835,3.78023772779309e-09
1.41104999353718,6.7016926506853e-09
1.414640451536,9.68859776732172e-10
1.41823090953482,4.63996985254522e-09
1.42182136753364,5.00367240534777e-09
1.42541182553247,8.56943792358229e-09
1.42900228353129,3.28361689685547e-09
1.43259274153011,2.61372145680515e-09
1.43618319952893,9.62545707310654e-10
1.43977365752775,2.78677189267327e-09
1.44336411552658,9.76022937797504e-09
1.4469545735254,4.84207858304336e-09
1.45054503152422,5.21657063313775e-09
1.45413548952304,1.44894604310784e-09
1.45772594752187,4.41396894253133e-10
1.46131640552069,4.8644179505488e-09
1.46490686351951,4.37224409126261e-09
1.46849732151833,2.28798190561215e-09
1.47208777951716,1.57518214380284e-09
1.47567823751598,5.39487586671932e-09
1.4792686955148,2.94983214651096e-09
1.48285915351362,9.92659623170586e-10
1.48644961151244,1.10354287428158e-09
1.49004006951127,3.32341354381372e-09
1.49363052751009,3.25415720701602e-09
1.49722098550891,3.07868991067867e-09
1.50081144350773,3.07107136198452e-09
1.50440190150656,2.29142760213101e-09
1.50799235950538,2.17011844966713e-09
1.5115828175042,4.16871407123427e-09
1.51517327550302,3.0090654831108e-09
1.51876373350185,3.2024894199795e-09
1.52235419150067,1.93917952089668e-09
1.52594464949949,2.13994934612094e-09
1.52953510749831,2.68837182275757e-09
1.53312556549713,1.0228214093296e-09
1.53671602349596,4.73653820030048e-09
1.54030648149478,5.80534547138256e-09
1.5438969394936,5.10323063767557e-09
1.54748739749242,2.06488187990448e-09
1.55107785549125,3.14918129836693e-09
1.55466831349007,3.06387268368085e-09
1.55825877148889,5.99337230609346e-09
1.56184922948771,3.32866210921901e-09
1.56543968748654,2.60939760154969e-09
1.56903014548536,6.46555901228199e-09
1.57262060348418,4.16929106659654e-09
1.576211061483,3.51500514232131e-09
1.57980151948183,1.37675491737722e-09
1.58339197748065,4.06936384856077e-09
1.58698243547947,1.28968205960069e-09
1.59057289347829,3.68195906947778e-09
1.59416335147711,1.98387056674075e-09
1.59775380947594,3.50101614582751e-09
1.60134426747476,1.42812745239512e-09
1.60493472547358,3.16005794652828e-09
1.6085251834724,1.95635410610767e-09
1.61211564147123,2.33902344406664e-09
1.61570609947005,3.28358792103099e-09
1.61929655746887,1.58680781913601e-09
1.62288701546769,1.65010054919101e-09
1.62647747346652,6.64991095368957e-09
1.63006793146534,2.12548554507723e-09
1.63365838946416,3.40975306198563e-09
1.63724884746298,4.03095097338592e-09
1.6408393054618,2.1667267060821e-09
1.64442976346063,3.02548237172761e-09
1.64802022145945,5.64851385563599e-09
1.65161067945827,4.6940173006004e-09
1.65520113745709,2.90663565449589e-09
1.65879159545592,5.95144807708116e-09
1.66238205345474,1.41010744827897e-09
1.66597251145356,6.54695729879262e-09
1.66956296945238,2.85159220921343e-09
1.67315342745121,4.24522015108716e-09
1.67674388545003,6.29140087420333e-09
1.68033434344885,1.65570741641305e-09
1.68392480144767,5.25462250143396e-09
1.6875152594465,7.91540162090282e-09
1.69110571744532,5.04382357456421e-09
1.69469617544414,5.1918655567719e-09
1.69828663344296,5.68131448262548e-09
1.70187709144178,4.77909516577942e-09
1.70546754944061,4.67050473678215e-09
1.70905800743943,3.80501875019297e-09
1.71264846543825,1.92499434694481e-09
1.71623892343707,3.77479806285039e-09
1.7198293814359,7.39699146109015e-09
1.72341983943472,2.43470058511628e-09
1.72701029743354,4.03216656794473e-09
1.73060075543236,2.14412183405319e-09
1.73419121343119,7.51529113054198e-09
1.73778167143001,4.30889433815212e-09
1.74137212942883,3.28548540210312e-09
1.74496258742765,3.36045508474621e-09
1.74855304542647,3.74404004274069e-09
1.7521435034253,4.9371057151551e-09
1.75573396142412,2.77110768198515e-09
1.75932441942294,2.18802941182687e-09
1.76291487742176,1.69787368064222e-09
1.76650533542059,1.65923162889911e-09
1.77009579341941,5.03464006510122e-09
1.77368625141823,2.79547197133396e-09
1.77727670941705,1.14773055740478e-09
1.78086716741588,4.79526159643085e-09
1.7844576254147,9.19507391971511e-10
1.78804808341352,4.28059118281004e-09
1.79163854141234,3.70649955314383e-09
1.79522899941117,6.00603851350034e-09
1.79881945740999,3.25812723053307e-09
1.80240991540881,3.14878707737087e-09
1.80600037340763,3.84852678872883e-09
1.80959083140645,2.80200462104114e-09
1.81318128940528,2.69907749609845e-09
1.8167717474041,1.01535282667289e-09
1.82036220540292,2.70477392720218e-09
1.82395266340174,1.57117139902605e-09
1.82754312140057,1.90937522319543e-09
1.83113357939939,2.21260470232386e-09
1.83472403739821,5.50825653837506e-09
1.83831449539703,2.4520092492486e-09
1.84190495339586,5.97046049975348e-09
1.84549541139468,4.33405066126697e-09
1.8490858693935,2.79237901778946e-09
1.85267632739232,1.5897103177739e-09
1.85626678539114,3.40818737086546e-09
1.85985724338997,3.69302797052187e-09
1.86344770138879,2.39399276796506e-09
1.86703815938761,3.10453158713718e-09
1.87062861738643,3.20280370509481e-09
1.87421907538526,2.60613939723005e-09
1.87780953338408,1.17200824179178e-09
1.8813999913829,2.68296322227223e-09
1.88499044938172,2.80795199273869e-09
1.88858090738055,4.1879267563666e-09
1.89217136537937,3.66100815861017e-09
1.89576182337819,3.32826400785644e-09
1.89935228137701,5.05784333003747e-09
1.90294273937583,2.80602070723407e-09
1.90653319737466,6.96734686567724e-09
1.91012365537348,2.63126506994856e-09
1.9137141133723,7.03418059407203e-09
1.91730457137112,7.56472935937563e-09
1.92089502936995,8.8312840424278e-09
1.92448548736877,3.94425554561059e-09
1.92807594536759,3.50083666084614e-09
1.93166640336641,6.57330532526449e-09
1.93525686136524,6.12444505967581e-09
1.93884731936406,4.25395042132116e-09
1.94243777736288,8.01465765163716e-09
1.9460282353617,2.0499204863131e-09
1.94961869336053,2.61028865262496e-09
1.95320915135935,3.42417090312891e-09
1.95679960935817,1.04293760626445e-08
1.96039006735699,3.02638260926437e-09
1.96398052535581,6.08961352362504e-09
1.96757098335464,5.31123423924448e-09
1.97116144135346,4.27643778362949e-09
1.97475189935228,2.75695941348319e-09
1.9783423573511,1.1123216914589e-08
1.98193281534993,1.61457331825907e-08
1.98552327334875,1.11995367701395e-08
1.98911373134757,1.11590986907754e-08
1.99270418934639,1.2677946947491e-08
1.99629464734522,4.57200809003515e-09
1.99988510534404,9.1323214273353e-08
2.00347556334286,9.90493059004484e-09
2.00706602134168,4.31870824739881e-09
2.01065647934051,6.60430347370355e-09
2.01424693733933,3.98448153650609e-09
2.01783739533815,7.69913554598677e-09
2.02142785333697,1.19887948276812e-08
2.02501831133579,1.43704235869385e-08
2.02860876933462,9.34602610512896e-09
2.03219922733344,4.21663731151236e-09
2.03578968533226,5.24313062248612e-09
2.03938014333108,1.20813486752465e-09
2.04297060132991,2.79549117597816e-09
2.04656105932873,8.43148373073391e-09
2.05015151732755,5.0387623327411e-09
2.05374197532637,1.9014397519674e-09
2.05733243332519,1.4857343094171e-09
2.06092289132402,5.27702100208156e-10
2.06451334932284,1.84957055625671e-09
2.06810380732166,1.40442010905162e-09
2.07169426532048,6.07529400776734e-09
2.07528472331931,6.93986600677251e-09
2.07887518131813,9.07077065806781e-10
2.08246563931695,4.34660976001042e-09
2.08605609731577,1.08387127223938e-09
2.0896465553146,4.38035912720384e-09
2.09323701331342,3.08288763657513e-09
2.09682747131224,3.83736334903778e-09
2.10041792931106,6.00610433613712e-09
2.10400838730989,5.0531840235756e-09
2.10759884530871,1.08357558506447e-09
2.11118930330753,3.41519355860813e-09
2.11477976130635,2.04921558514464e-09
2.11837021930517,1.25519806125767e-09
2.121960677304,3.15208668620672e-09
2.12555113530282,1.10410985675243e-09
2.12914159330164,1.33624420731841e-09
2.13273205130046,2.60561731625686e-09
2.13632250929929,7.36613375103045e-10
2.13991296729811,4.30554748477613e-09
2.14350342529693,2.87077013934315e-09
2.14709388329575,3.32414841458023e-09
2.15068434129458,3.55120595860548e-09
2.1542747992934,1.79169254205676e-09
2.15786525729222,1.87211318620471e-09
2.16145571529104,2.95896017296855e-09
2.16504617328986,1.16998169160774e-09
2.16863663128869,4.47746772737057e-09
2.17222708928751,2.94086735393264e-09
2.17581754728633,3.11074046941732e-09
2.17940800528515,4.6947392490648e-09
2.18299846328398,2.45878544515987e-09
2.1865889212828,3.38023108730739e-09
2.19017937928162,3.64424995629371e-09
2.19376983728044,1.32402814262709e-09
2.19736029527927,4.52411798517911e-09
2.20095075327809,2.1380743575345e-09
2.20454121127691,2.53998742002373e-09
2.20813166927573,4.34325950070816e-09
2.21172212727456,6.9242877571617e-10
2.21531258527338,1.19681079862422e-09
2.2189030432722,3.11728909944495e-09
2.22249350127102,2.28715178029807e-09
2.22608395926984,1.65222850658837e-09
2.22967441726867,1.79280990189539e-09
2.23326487526749,1.68157990517809e-09
2.23685533326631,1.32777805448626e-09
2.24044579126513,3.03589842630187e-09
2.24403624926396,3.73554802786538e-09
2.24762670726278,2.55834561274281e-09
2.2512171652616,3.87140946160282e-09
2.25480762326042,3.41778873811268e-10
2.25839808125925,2.29027688830645e-09
2.26198853925807,3.68231142785907e-09
2.26557899725689,2.20169772849621e-09
2.26916945525571,2.39440028477052e-09
2.27275991325454,7.51617273450706e-10
2.27635037125336,2.17471968871027e-09
2.27994082925218,2.51973003478023e-09
2.283531287251,3.11521666608798e-09
2.28712174524982,2.82146708405131e-09
2.29071220324865,3.23671469526716e-09
2.29430266124747,3.921736770192e-10
2.29789311924629,2.28322390171759e-09
2.30148357724511,1.95598309347627e-09
2.30507403524394,2.23770404992437e-09
2.30866449324276,2.20213740989773e-09
2.31225495124158,3.80823473976772e-09
2.3158454092404,7.90006564584278e-10
2.31943586723923,3.02250780830668e-09
2.32302632523805,4.29030905832599e-09
2.32661678323687,3.37465902398399e-09
2.33020724123569,4.60413283031687e-09
2.33379769923451,3.3070153747031e-09
2.33738815723334,2.70979314745579e-09
2.34097861523216,1.82809135880399e-09
2.34456907323098,3.47660015826582e-09
2.3481595312298,3.57723544612881e-09
2.35174998922863,1.88110462283952e-09
2.35534044722745,5.80924666781418e-10
2.35893090522627,1.69034492215369e-09
2.36252136322509,3.17065836050754e-09
2.36611182122392,3.69425981224258e-09
2.36970227922274,3.21130196584206e-09
2.37329273722156,4.56878962840193e-09
2.37688319522038,1.46016708302571e-09
2.38047365321921,2.06807473276251e-09
2.38406411121803,2.03506251484141e-09
2.38765456921685,1.96667866235856e-09
2.39124502721567,3.80597012546297e-09
2.39483548521449,2.23670723387942e-09
2.39842594321332,2.17746224599921e-10
2.40201640121214,5.55998782689369e-09
2.40560685921096,3.43857760256979e-10
2.40919731720978,1.65764618170073e-09
2.41278777520861,4.92452196062843e-09
2.41637823320743,1.83671871279177e-09
2.41996869120625,2.97413857872654e-09
2.42355914920507,2.08706266316861e-09
2.4271496072039,5.84771998552257e-09
2.43074006520272,5.62725290176855e-09
2.43433052320154,2.61860773364898e-09
2.43792098120036,3.57918151955011e-09
2.44151143919918,9.31210533477058e-10
2.44510189719801,2.36717673587513e-09
2.44869235519683,1.29568297200286e-09
2.45228281319565,7.86644276662067e-10
2.45587327119447,2.98268718228499e-09
2.4594637291933,3.87738334549616e-09
2.46305418719212,3.55356862609595e-09
2.46664464519094,1.48057299154698e-09
2.47023510318976,4.26555124258612e-09
2.47382556118859,3.94829284837161e-09
2.47741601918741,3.54419033052373e-09
2.48100647718623,1.7193857331316e-09
2.48459693518505,1.72210738208231e-09
2.48818739318387,1.25767627575381e-09
2.4917778511827,1.16217845160455e-09
2.49536830918152,4.681554282381e-09
2.49895876718034,1.57774067466538e-09
2.50254922517916,1.23268176086485e-09
2.50613968317799,1.97704016801752e-09
2.50973014117681,1.88174998723177e-09
2.51332059917563,1.50345535474712e-09
2.51691105717445,3.43546066627746e-09
2.52050151517328,7.93776144644668e-10
2.5240919731721,1.45551313608579e-09
2.52768243117092,1.22246186288515e-09
2.53127288916974,6.20018066617793e-09
2.53486334716857,1.76500539256512e-09
2.53845380516739,2.27593793709762e-09
2.54204426316621,1.83761539167907e-09
2.54563472116503,1.6319595860826e-09
2.54922517916385,2.70439938605127e-09
2.55281563716268,1.06929859287352e-09
2.5564060951615,4.16621282933163e-09
2.55999655316032,1.92904769619851e-09
2.56358701115914,2.58876558995308e-09
2.56717746915797,2.93701885265961e-09
2.57076792715679,4.51928564275261e-09
2.57435838515561,2.61996675749824e-09
2.57794884315443,4.44677292177512e-10
2.58153930115326,5.60998179286033e-10
2.58512975915208,1.41703319783581e-09
2.5887202171509,1.87209811170136e-09
2.59231067514972,2.7235247722838e-09
2.59590113314854,1.7912527726458e-09
2.59949159114737,2.45014914126483e-09
2.60308204914619,3.65159357554516e-09
2.60667250714501,2.55306232127613e-09
2.61026296514383,2.49782676422041e-09
2.61385342314266,1.87031000929488e-09
2.61744388114148,2.86365262062455e-09
2.6210343391403,1.36883119006597e-09
2.62462479713912,3.67278564326508e-09
2.62821525513795,2.90073031949672e-09
2.63180571313677,2.95646015840534e-09
2.63539617113559,2.15847012396353e-09
2.63898662913441,2.07972664645854e-09
2.64257708713324,4.6685586917485e-09
2.64616754513206,8.08700462653764e-10
2.64975800313088,1.42863945824507e-09
2.6533484611297,2.84095759419395e-09
2.65693891912852,2.67988778865425e-09
2.66052937712735,5.69443648419835e-09
2.66411983512617,2.78185975092825e-09
2.66771029312499,1.94457895108668e-09
2.67130075112381,2.54689746011449e-09
2.67489120912264,4.60597482898557e-09
2.67848166712146,3.73589370196879e-09
2.68207212512028,3.343561749051e-10
2.6856625831191,1.27674795912448e-09
2.68925304111792,2.65149834249134e-09
2.69284349911675,2.12957667084233e-09
2.69643395711557,3.97129285743376e-09
2.70002441511439,1.53604830935015e-09
2.70361487311321,4.58852295545258e-09
2.70720533111204,2.71100352432898e-09
2.71079578911086,3.91139948572642e-10
2.71438624710968,4.01070645458769e-09
2.7179767051085,4.35260195371228e-09
2.72156716310733,3.98358913594423e-09
2.72515762110615,3.98897030276935e-09
2.72874807910497,1.73433946667265e-09
2.73233853710379,4.33644481975724e-09
2.73592899510262,2.99384972038975e-09
2.73951945310144,1.75119118774597e-09
2.74310991110026,1.47004887289132e-09
2.74670036909908,1.11044570944175e-09
2.7502908270979,1.82569459279636e-09
2.75388128509673,3.82371870377888e-09
2.75747174309555,2.89430452863101e-09
2.76106220109437,3.46963011563545e-09
2.76465265909319,9.52331746127447e-10
2.76824311709202,1.21814891100712e-09
2.77183357509084,1.4438910620774e-09
2.77542403308966,7.44461002959341e-10
2.77901449108848,1.94761638948189e-09
2.78260494908731,3.19810853155271e-10
2.78619540708613,2.5153254579059e-09
2.78978586508495,1.74538401584182e-09
2.79337632308377,3.86207319434395e-09
2.7969667810826,3.23510370487764e-09
2.80055723908142,1.2336666947373e-09
2.80414769708024,3.22911261794897e-09
2.80773815507906,1.51890097980962e-09
2.81132861307788,2.25333624329832e-09
2.81491907107671,3.69599140541198e-09
2.81850952907553,2.26085371290901e-09
2.82209998707435,2.02706632156067e-09
2.82569044507317,2.81365707566773e-09
2.829280903072,1.78222446846595e-09
2.83287136107082,3.65955938882633e-09
2.83646181906964,5.45869705938361e-09
2.84005227706846,4.69104525757215e-09
2.84364273506729,9.16977283319899e-10
2.84723319306611,1.44064883010183e-09
2.85082365106493,3.55075944274211e-10
2.85441410906375,2.51564026084268e-09
2.85800456706257,2.74317029959399e-09
2.8615950250614,2.72412541346939e-09
2.86518548306022,9.02956271960404e-10
2.86877594105904,5.1075732175327e-09
2.87236639905786,2.50212575629593e-09
2.87595685705669,4.5550293991539e-10
2.87954731505551,1.62836175081852e-09
2.88313777305433,2.33246121413872e-09
2.88672823105315,3.00929691728873e-09
2.89031868905198,2.01155294602278e-09
2.8939091470508,4.01659784272612e-09
2.89749960504962,3.78075389437704e-09
2.90109006304844,1.90845442118435e-09
2.90468052104727,1.64609805444251e-09
2.90827097904609,8.50896264500269e-10
2.91186143704491,1.59000018443917e-09
2.91545189504373,1.23034357986381e-09
2.91904235304255,2.10309979063111e-09
2.92263281104138,3.52172462847666e-09
2.9262232690402,1.64607963919472e-09
2.92981372703902,3.15285828376805e-09
2.93340418503784,7.06802982738929e-09
2.93699464303667,3.16285115233699e-09
2.94058510103549,4.51161870924946e-09
2.94417555903431,1.91068366816764e-09
2.94776601703313,3.70496629006682e-09
2.95135647503196,9.40056352312702e-10
2.95494693303078,2.33866338001282e-09
2.9585373910296,5.63421177860456e-09
2.96212784902842,4.22838910279003e-09
2.96571830702724,9.73066116004541e-10
2.96930876502607,9.57333916161101e-10
2.97289922302489,3.0534153065502e-09
2.97648968102371,1.40302603710669e-09
2.98008013902253,9.23901192770736e-10
2.98367059702136,7.22916578750179e-09
2.98726105502018,6.89452134092006e-09
2.990851513019,8.54802707078043e-10
2.99444197101782,4.62031036082839e-09
2.99803242901665,7.42554887533569e-09
3.00162288701547,6.36962570106664e-09
3.00521334501429,6.24536316983916e-09
3.00880380301311,5.6737187376756e-09
3.01239426101194,4.17628164546047e-09
3.01598471901076,4.06160611603019e-09
3.01957517700958,2.98599819167738e-09
3.0231656350084,8.65952818725865e-09
3.02675609300722,6.95181874693659e-09
3.03034655100605,1.62215233175943e-09
3.03393700900487,3.18407600667769e-09
3.03752746700369,4.12476187245325e-09
3.04111792500251,6.03286910611339e-09
3.04470838300134,3.69160665582751e-09
3.04829884100016,6.64383226050894e-09
3.05188929899898,2.42747186034762e-09
3.0554797569978,1.17621943252166e-09
3.05907021499663,1.52750199288271e-09
3.06266067299545,3.6988107028868e-09
3.06625113099427,2.85369872095296e-09
3.06984158899309,2.3591141444341e-09
3.07343204699191,3.07576609879123e-09
3.07702250499074,3.10664194631253e-09
3.08061296298956,1.64947757128563e-09
3.08420342098838,3.98569222011036e-09
3.0877938789872,2.03403645494186e-09
3.09138433698603,1.81980028285214e-09
3.09497479498485,1.63022232194589e-09
3.09856525298367,4.78653756879712e-09
3.10215571098249,2.8697578399956e-09
3.10574616898132,3.94177254493234e-09
3.10933662698014,7.59642236189829e-10
3.11292708497896,3.45136501430856e-09
3.11651754297778,4.00284210956214e-09
3.1201080009766,2.96592423667045e-09
3.12369845897543,6.24894317382401e-10
3.12728891697425,4.32282532890521e-10
3.13087937497307,1.64609772067023e-09
3.13446983297189,1.75136314681625e-09
3.13806029097072,2.17033079409326e-09
3.14165074896954,2.03993532741163e-09
3.14524120696836,2.6395200584618e-09
3.14883166496718,1.62218271011677e-09
3.15242212296601,2.29647303236393e-09
3.15601258096483,2.88028127721227e-09
3.15960303896365,2.28769028158808e-09
3.16319349696247,1.5437353839912e-09
3.1667839549613,4.91317344191682e-09
3.17037441296012,2.17138681890618e-09
3.17396487095894,2.34187560971711e-09
3.17755532895776,5.64786101681403e-10
3.18114578695658,1.54479723254964e-09
3.18473624495541,1.42856835488395e-09
3.18832670295423,4.18156536491829e-09
3.19191716095305,1.18326070455268e-09
3.19550761895187,1.25873186347214e-09
3.1990980769507,3.14101728077704e-09
3.20268853494952,1.96526392461075e-09
3.20627899294834,1.54595571012466e-09
3.20986945094716,9.68963691263699e-10
3.21345990894599,8.12695153717971e-10
3.21705036694481,1.48067789700305e-09
3.22064082494363,3.92529414461978e-09
3.22423128294245,8.71763985689469e-10
3.22782174094128,1.54602451655972e-09
3.2314121989401,2.31341109196755e-09
3.23500265693892,1.53292958305757e-09
3.23859311493774,3.99259467019186e-09
3.24218357293656,3.70229663267218e-09
3.24577403093539,3.58291261061364e-09
3.24936448893421,2.79752298934348e-09
3.25295494693303,1.62834139197933e-09
3.25654540493185,1.39403663439187e-09
3.26013586293068,2.21122532238869e-09
3.2637263209295,4.20101532586868e-09
3.26731677892832,3.87968876150924e-09
3.27090723692714,2.13158230758096e-09
3.27449769492596,9.96284502350152e-10
3.27808815292479,9.36203451396244e-10
3.28167861092361,1.78374065637175e-09
3.28526906892243,3.21359860386738e-09
3.28885952692125,6.48056178150528e-10
3.29244998492008,1.62306009083731e-09
3.2960404429189,3.04130110000815e-09
3.29963090091772,1.6899699227824e-10
3.30322135891654,1.23425347866463e-09
3.30681181691537,8.12622445903121e-10
3.31040227491419,2.33140674636874e-09
3.31399273291301,6.49288189410933e-10
3.31758319091183,1.30907044542892e-09
3.32117364891066,7.93140530914467e-10
3.32476410690948,3.91678792721993e-09
3.3283545649083,1.68564654533382e-09
3.33194502290712,4.01107713560675e-09
3.33553548090594,1.70651601377815e-09
3.33912593890477,3.68696995264399e-09
3.34271639690359,1.68368257120446e-09
3.34630685490241,2.7438430193189e-09
3.34989731290123,1.67083917193741e-09
3.35348777090006,1.66601205038587e-09
3.35707822889888,2.76530104901131e-09
3.3606686868977,5.5743666016381e-09
3.36425914489652,1.77473209660888e-09
3.36784960289535,2.22049433882432e-09
3.37144006089417,1.8895930577174e-09
3.37503051889299,2.89066681050534e-09
3.37862097689181,3.47226409943579e-09
3.38221143489063,1.64225315846016e-09
3.38580189288946,2.55132520996731e-09
3.38939235088828,2.35522624228572e-09
3.3929828088871,4.10845474504993e-09
3.39657326688592,2.48561641512484e-09
3.40016372488475,1.54303705252056e-09
3.40375418288357,1.32436545561392e-09
3.40734464088239,1.75406710305233e-09
3.41093509888121,2.2025267489763e-09
3.41452555688004,6.42493857453001e-10
3.41811601487886,5.55414105165318e-09
3.42170647287768,2.68868166170719e-09
3.4252969308765,4.11623998287024e-09
3.42888738887533,3.42124750506077e-09
3.43247784687415,3.02151075704755e-09
3.43606830487297,1.52254812576932e-09
3.43965876287179,3.11380090005088e-09
3.44324922087061,3.65509789715357e-09
3.44683967886944,1.12037566781522e-09
3.45043013686826,1.40082232185942e-09
3.45402059486708,3.93302293296394e-09
3.4576110528659,2.87878207078545e-09
3.46120151086473,4.88268410527012e-09
3.46479196886355,2.61429800242374e-09
3.46838242686237,3.05381223511822e-09
3.47197288486119,2.5447034526556e-09
3.47556334286002,1.42783655906141e-09
3.47915380085884,1.26085841693533e-09
3.48274425885766,3.23116337562669e-09
3.48633471685648,1.22486201669658e-09
3.48992517485531,1.15792025000151e-09
3.49351563285413,4.33478862338862e-09
3.49710609085295,6.55167543518802e-10
3.50069654885177,1.2417886625163e-09
3.50428700685059,3.9919175620077e-09
3.50787746484942,5.5076030902897e-10
3.51146792284824,1.83150542627287e-09
3.51505838084706,8.46887072177463e-10
3.51864883884588,2.78241161525749e-09
3.52223929684471,1.30422515562892e-09
3.52582975484353,2.18992584351532e-09
3.52942021284235,1.97473325406716e-09
3.53301067084117,2.27350711373811e-09
3.53660112884,2.32419507261474e-09
3.54019158683882,3.38972505536398e-09
3.54378204483764,1.13941649096208e-09
3.54737250283646,3.26577850183684e-09
3.55096296083528,3.29463806140536e-09
3.55455341883411,2.40602364387174e-09
3.55814387683293,3.73876896493456e-09
3.56173433483175,2.43575216299371e-09
3.56532479283057,3.35620669147227e-09
3.5689152508294,4.56326445260202e-10
3.57250570882822,4.08411467805968e-09
3.57609616682704,3.66880355425033e-09
3.57968662482586,4.17441668551505e-09
3.58327708282469,2.60253941781125e-09
3.58686754082351,1.80889620634029e-09
3.59045799882233,2.74473442339217e-09
3.59404845682115,2.50503272448542e-09
3.59763891481997,3.77629571838546e-09
3.6012293728188,9.06607073316166e-10
3.60481983081762,5.37159171990732e-09
3.60841028881644,6.19553868128458e-10
3.61200074681526,2.44519856686279e-09
3.61559120481409,2.29898649454164e-09
3.61918166281291,8.86565572206914e-10
3.62277212081173,1.67858182246296e-09
3.62636257881055,3.89499203472701e-09
3.62995303680938,1.97356971638501e-09
3.6335434948082,3.51567420035079e-09
3.63713395280702,3.68061413528765e-09
3.64072441080584,1.13306193315845e-09
3.64431486880467,4.03823822648185e-10
3.64790532680349,2.04301859609888e-09
3.65149578480231,4.00344275564056e-09
3.65508624280113,3.20365449671923e-09
3.65867670079995,2.7303834140632e-09
3.66226715879878,3.60565891146506e-09
3.6658576167976,4.73488706321214e-09
3.66944807479642,4.57707470214394e-09
3.67303853279524,4.49230064855672e-09
3.67662899079407,4.16131781797115e-09
3.68021944879289,5.18248970335068e-10
3.68380990679171,2.55473588300139e-09
3.68740036479053,3.78645976557703e-09
3.69099082278936,3.31179343970308e-09
3.69458128078818,5.20550696107769e-09
3.698171738787,4.47334147709504e-09
3.70176219678582,3.46974780242696e-09
3.70535265478464,3.44110604060206e-09
3.70894311278347,3.82973311916557e-09
3.71253357078229,2.51431986890625e-09
3.71612402878111,9.39811860102684e-10
3.71971448677993,7.01563392226346e-09
3.72330494477876,6.34471529209423e-10
3.72689540277758,1.58491540283003e-09
3.7304858607764,3.39212690377857e-09
3.73407631877522,4.57146738516278e-09
3.73766677677405,5.85076220269278e-09
3.74125723477287,6.9536635550738e-10
3.74484769277169,1.91629195342721e-09
3.74843815077051,2.13577388652191e-09
3.75202860876934,1.76868631916889e-09
3.75561906676816,2.21105433885463e-09
3.75920952476698,4.14398306249119e-09
3.7627999827658,2.76387019339899e-09
3.76639044076462,4.6078242148615e-09
3.76998089876345,2.56835982589109e-09
3.77357135676227,4.89922770354163e-09
3.77716181476109,3.08689270794733e-09
3.78075227275991,1.23245264294082e-09
3.78434273075874,1.67697164621588e-09
3.78793318875756,1.53124664019668e-09
3.79152364675638,3.96421401449628e-09
3.7951141047552,2.68545758129862e-09
3.79870456275403,4.0407273814923e-09
3.80229502075285,3.31216559260534e-09
3.80588547875167,2.22110578975463e-09
3.80947593675049,1.1260264103056e-09
3.81306639474931,4.35900572542275e-10
3.81665685274814,6.26577972220482e-09
3.82024731074696,2.64199689755119e-09
3.82383776874578,3.77578839824303e-09
3.8274282267446,2.08446448196404e-09
3.83101868474343,2.52139158973288e-09
3.83460914274225,3.17413104207731e-09
3.83819960074107,7.49833885333429e-09
3.84179005873989,3.0136840624163e-09
3.84538051673872,1.98215259050076e-09
3.84897097473754,3.47292007948834e-09
3.85256143273636,2.57079959401784e-09
3.85615189073518,2.97238201121195e-09
3.85974234873401,4.08940192045537e-09
3.86333280673283,2.45972357030437e-09
3.86692326473165,2.8973632858943e-09
3.87051372273047,3.57153435380092e-09
3.87410418072929,1.55866521665579e-09
3.87769463872812,1.59192078122471e-09
3.88128509672694,3.83581180643893e-09
3.88487555472576,3.65164065560256e-09
3.88846601272458,3.5157288508024e-09
3.89205647072341,3.0229493597416e-09
3.89564692872223,1.65927195453156e-09
3.89923738672105,1.7777320452039e-09
3.90282784471987,1.80259237714464e-09
3.9064183027187,5.70736286949586e-09
3.91000876071752,3.84918959305063e-09
3.91359921871634,6.6464402962282e-09
3.91718967671516,2.77888135709563e-09
3.92078013471399,3.0145061078137e-09
3.92437059271281,5.19406575899141e-09
3.92796105071163,3.25389305870536e-09
3.93155150871045,2.31129413862059e-09
3.93514196670927,3.80421930229956e-09
3.9387324247081,1.58867083928032e-09
3.94232288270692,3.98149501299381e-09
3.94591334070574,4.51604382570114e-09
3.94950379870456,1.07285014181221e-08
3.95309425670339,3.57923420257365e-09
3.95668471470221,6.12822704204805e-09
3.96027517270103,7.73239931424446e-09
3.96386563069985,4.01045006421103e-09
3.96745608869867,3.64477682479177e-09
3.9710465466975,4.19737650133364e-09
3.97463700469632,3.31456536355754e-09
3.97822746269514,4.17249674937657e-09
3.98181792069396,4.60106577860567e-09
3.98540837869279,3.12480004559614e-09
3.98899883669161,1.91842604752598e-09
3.99258929469043,6.05040429518604e-09
3.99617975268925,5.49689355218114e-09
3.99977021068808,1.56626170597864e-08
4.0033606686869,3.99326834910679e-09
4.00695112668572,6.48220188709851e-09
4.01054158468454,1.02767236766951e-08
4.01413204268337,2.24839335728295e-09
4.01772250068219,3.69784725540073e-09
4.02131295868101,5.72963287231245e-09
4.02490341667983,1.76420628737074e-09
4.02849387467865,2.71306970850916e-09
4.03208433267748,1.45737154117427e-09
4.0356747906763,7.50422227786317e-09
4.03926524867512,1.06538905322517e-09
4.04285570667394,2.60948504227752e-09
4.04644616467277,4.06386458968227e-09
4.05003662267159,2.44136752194715e-09
4.05362708067041,3.56530862748479e-09
4.05721753866923,2.71461744978232e-09
4.06080799666806,2.25152687783556e-09
4.06439845466688,4.29101214432658e-09
4.0679889126657,2.08323680986372e-09
4.07157937066452,2.26427852808938e-09
4.07516982866334,6.13445186419586e-09
4.07876028666217,1.51011279785137e-09
4.08235074466099,1.57918025175217e-09
4.08594120265981,3.63915709534458e-10
4.08953166065863,9.59827936686057e-10
4.09312211865746,1.66666080862443e-09
4.09671257665628,2.3492465788564e-09
4.1003030346551,5.888587937393e-09
4.10389349265392,6.97914923824765e-09
4.10748395065275,6.26586151974422e-10
4.11107440865157,3.68103646813862e-09
4.11466486665039,2.54881851198739e-09
4.11825532464921,6.75780666748937e-10
4.12184578264803,1.88158681013547e-09
4.12543624064686,3.65297708040654e-09
4.12902669864568,4.05386246761095e-09
4.1326171566445,1.90732212602739e-09
4.13620761464332,7.52366933141674e-10
4.13979807264215,3.81733788997557e-09
4.14338853064097,2.69282089161906e-09
4.14697898863979,9.42724751880323e-10
4.15056944663861,5.36071414248156e-09
4.15415990463744,3.58839410489e-09
4.15775036263626,4.61854001015789e-10
4.16134082063508,2.27625536918547e-09
4.1649312786339,2.96100929517888e-09
4.16852173663272,2.48258652957254e-09
4.17211219463155,3.11563319077464e-09
4.17570265263037,2.86905997575302e-09
4.17929311062919,3.40710787421067e-09
4.18288356862801,3.95344302223107e-09
4.18647402662684,3.31550016184373e-09
4.19006448462566,2.37990813255692e-09
4.19365494262448,1.24267957557129e-09
4.1972454006233,2.40408988617063e-09
4.20083585862213,2.12510642516679e-09
4.20442631662095,4.91708633915845e-09
4.20801677461977,5.0948928371259e-09
4.21160723261859,1.55355742342106e-09
4.21519769061742,2.43515964177698e-09
4.21878814861624,9.49681131581645e-10
4.22237860661506,1.37488321039549e-09
4.22596906461388,1.55772044087885e-09
4.22955952261271,3.4818052626404e-09
4.23314998061153,6.99371683626061e-10
4.23674043861035,2.68006827536447e-09
4.24033089660917,4.58372427436522e-09
4.24392135460799,1.0100766598878e-09
4.24751181260682,1.05104809410203e-09
4.25110227060564,3.25275462608409e-09
4.25469272860446,1.04255382050357e-09
4.25828318660328,1.77801231249223e-09
4.26187364460211,3.72597692952015e-09
4.26546410260093,2.28244822705908e-09
4.26905456059975,2.55269373866551e-09
4.27264501859857,1.80310184069053e-09
4.2762354765974,9.61402605168263e-10
4.27982593459622,8.84957171717522e-10
4.28341639259504,2.86161008289092e-09
4.28700685059386,1.64302758285628e-09
4.29059730859268,2.08677356722465e-09
4.29418776659151,9.19449825069088e-10
4.29777822459033,2.1069848996149e-09
4.30136868258915,1.79847240111964e-09
4.30495914058797,1.31093040707637e-10
4.3085495985868,2.12528057457697e-09
4.31214005658562,3.41549421726404e-09
4.31573051458444,3.68217307726436e-09
4.31932097258326,6.25416334004964e-10
4.32291143058209,2.80039235771649e-09
4.32650188858091,1.89683046723088e-09
4.33009234657973,2.54514887137401e-09
4.33368280457855,1.7155957165911e-09
4.33727326257737,2.73478515644958e-09
4.3408637205762,3.80928431376255e-09
4.34445417857502,9.51474568053629e-10
4.34804463657384,3.30832228830554e-09
4.35163509457266,4.83059544704141e-10
4.35522555257149,2.97406989314433e-09
4.35881601057031,6.06486528521723e-09
4.36240646856913,1.33395951760647e-09
4.36599692656795,1.74472643840444e-09
4.36958738456678,2.6515710041976e-09
4.3731778425656,3.59658200951777e-09
4.37676830056442,4.05897477812842e-09
4.38035875856324,1.51971174087963e-09
4.38394921656207,1.33658282288114e-09
4.38753967456089,4.05040729362182e-09
4.39113013255971,3.77641619547233e-09
4.39472059055853,1.41375273680411e-09
4.39831104855736,1.11412870987276e-09
4.40190150655618,1.1995037806954e-09
4.405491964555,4.43954964713386e-09
4.40908242255382,1.98415433300519e-09
4.41267288055264,3.09145276384216e-09
4.41626333855147,2.73179964586037e-09
4.41985379655029,3.22618022554709e-09
4.42344425454911,4.1037780904594e-09
4.42703471254793,4.28837140015098e-09
4.43062517054676,5.84262752032902e-10
4.43421562854558,1.45654760087362e-09
4.4378060865444,1.11570972977919e-09
4.44139654454322,4.15386671699767e-09
4.44498700254205,1.60710125597018e-09
4.44857746054087,1.19529473770722e-09
4.45216791853969,1.78890105516476e-10
4.45575837653851,2.70647547312792e-09
4.45934883453733,1.88325011127602e-09
4.46293929253616,5.13454740796901e-09
4.46652975053498,1.07044663637999e-09
4.4701202085338,3.6178206872987e-09
4.47371066653262,2.41468816077619e-09
4.47730112453145,3.81634433960152e-09
4.48089158253027,3.15448135690156e-09
4.48448204052909,1.03059550142221e-09
4.48807249852791,4.10495303383767e-09
4.49166295652673,3.51600967750039e-09
4.49525341452556,4.60509072383655e-09
4.49884387252438,2.02784967933177e-09
4.5024343305232,2.26150767467042e-10
4.50602478852202,2.98970376960937e-09
4.50961524652085,2.26911294714786e-09
4.51320570451967,1.12369854185339e-09
4.51679616251849,3.18482509368729e-09
4.52038662051731,8.22686078905497e-10
4.52397707851614,4.65836402785065e-09
4.52756753651496,8.37413369761677e-10
4.53115799451378,2.09197081846089e-09
4.5347484525126,2.92853957718454e-09
4.53833891051143,4.78976609595077e-09
4.54192936851025,4.90317494231159e-10
4.54551982650907,2.77884385294278e-09
4.54911028450789,4.23943247853734e-09
4.55270074250671,2.23292282153655e-09
4.55629120050554,2.35555077841157e-09
4.55988165850436,5.2171163829546e-09
4.56347211650318,2.87302511767237e-09
4.567062574502,2.14778523057825e-09
4.57065303250083,3.31089488956631e-09
4.57424349049965,3.06774332811974e-09
4.57783394849847,2.27042633030528e-09
4.58142440649729,3.82991325233852e-09
4.58501486449612,1.96995614148359e-09
4.58860532249494,4.45287817543571e-09
4.59219578049376,6.84466573442334e-10
4.59578623849258,1.6766036344548e-09
4.59937669649141,5.23317481426135e-09
4.60296715449023,4.59524169053863e-09
4.60655761248905,3.44164744219057e-09
4.61014807048787,1.9347686506276e-09
4.61373852848669,9.63100251247431e-10
4.61732898648552,3.80936872016969e-09
4.62091944448434,2.19366597547434e-09
4.62450990248316,2.67976832143682e-09
4.62810036048198,3.46979636992657e-09
4.63169081848081,3.61708234528657e-09
4.63528127647963,4.58154737189656e-09
4.63887173447845,3.74256534595273e-09
4.64246219247727,2.83186728616974e-09
4.6460526504761,3.291578076958e-09
4.64964310847492,1.57067097078946e-09
4.65323356647374,5.14827380702653e-09
4.65682402447256,1.28298577436445e-09
4.66041448247138,4.24384956791801e-09
4.66400494047021,6.3412789628329e-09
4.66759539846903,1.5048572432758e-09
4.67118585646785,1.53145799921753e-09
4.67477631446667,3.42806656619597e-09
4.6783667724655,2.86289482028571e-09
4.68195723046432,3.52082457394972e-09
4.68554768846314,3.49569519515025e-10
4.68913814646196,3.30021943344939e-09
4.69272860446079,2.16879426964553e-09
4.69631906245961,1.21651164504009e-09
4.69990952045843,1.86756917205013e-09
4.70349997845725,1.88446247098009e-09
4.70709043645607,1.81573701156899e-09
4.7106808944549,1.1453567853701e-09
4.71427135245372,1.04296996169781e-09
4.71786181045254,1.85020220579506e-09
4.72145226845136,3.87057762555666e-09
4.72504272645019,2.48989249614212e-09
4.72863318444901,1.97541435378574e-09
4.73222364244783,3.95163149079163e-09
4.73581410044665,2.60663471967023e-09
4.73940455844548,2.14373950950522e-09
4.7429950164443,1.67879332519055e-09
4.74658547444312,6.67962437197673e-10
4.75017593244194,1.93555667413006e-09
4.75376639044077,5.53862590551731e-10
4.75735684843959,2.37787330492923e-09
4.76094730643841,3.9813375456907e-09
4.76453776443723,3.85692309789878e-09
4.76812822243606,1.90757984774166e-09
4.77171868043488,4.27442919742963e-09
4.7753091384337,1.33334870654905e-09
4.77889959643252,5.97601524698301e-10
4.78249005443134,2.05975623932828e-09
4.78608051243017,3.96576928942134e-09
4.78967097042899,1.0338448887268e-09
4.79326142842781,1.93586514978247e-09
4.79685188642663,1.58076929033641e-09
4.80044234442546,2.28408916489755e-09
4.80403280242428,3.72460231437957e-09
4.8076232604231,5.50689452587649e-10
4.81121371842192,1.88725417729266e-09
4.81480417642075,3.59097541357176e-09
4.81839463441957,4.09773471490953e-09
4.82198509241839,2.120120976323e-09
4.82557555041721,2.69309829420152e-09
4.82916600841603,1.95452532049458e-09
4.83275646641486,4.26629275318195e-09
4.83634692441368,1.24436758034545e-09
4.8399373824125,4.72839823774055e-09
4.84352784041132,1.51305833386717e-09
4.84711829841015,2.22017580087364e-09
4.85070875640897,3.629118693453e-09
4.85429921440779,2.43186291444505e-09
4.85788967240661,6.79270228209091e-10
4.86148013040544,3.34108054004477e-09
4.86507058840426,2.47304532070912e-09
4.86866104640308,3.56606939135792e-09
4.8722515044019,4.04177445505203e-09
4.87584196240072,2.6143455042729e-09
4.87943242039955,1.95197820428056e-09
4.88302287839837,1.44903752258205e-09
4.88661333639719,3.94757788115928e-10
4.89020379439601,4.35144900396563e-10
4.89379425239484,9.30647554567329e-10
4.89738471039366,2.47609046560152e-09
4.90097516839248,3.20057801888097e-09
4.9045656263913,9.60534833931058e-10
4.90815608439013,4.19650482459379e-09
4.91174654238895,2.86970115092921e-09
4.91533700038777,2.5537804548002e-09
4.91892745838659,2.44836581518911e-09
4.92251791638541,2.96203952886658e-09
4.92610837438424,3.63556399979551e-09
4.92969883238306,3.31316583710463e-09
4.93328929038188,3.7783574657573e-09
4.9368797483807,1.55158250180098e-09
4.94047020637953,3.98348571912233e-09
4.94406066437835,2.89728475252154e-09
4.94765112237717,8.36910930295914e-09
4.95124158037599,4.11611427542778e-09
4.95483203837482,2.74034809005087e-09
4.95842249637364,4.86534303473836e-09
4.96201295437246,3.26604591074342e-09
4.96560341237128,3.36640337417073e-09
4.96919387037011,5.16466258080968e-10
4.97278432836893,4.25053449604065e-09
4.97637478636775,5.75064298740354e-09
4.97996524436657,8.90446620707835e-10
4.98355570236539,7.1880095224649e-09
4.98714616036422,5.3653744038395e-09
4.99073661836304,2.74532363769034e-09
4.99432707636186,3.28051731855377e-09
4.99791753436068,2.53461148176452e-09
