freqs,specs
0,0.00145082801121716
0.00359045799882233,0.0570360974632134
0.00718091599764466,0.00165070443235555
0.010771373996467,0.00715626892665638
0.0143618319952893,0.00344149083786108
0.0179522899941117,0.00676624295390711
0.021542747992934,0.00473447088983036
0.0251332059917563,0.000291819912279602
0.0287236639905786,0.0017036563943848
0.032314121989401,0.00269958153720772
0.0359045799882233,0.00185427652253681
0.0394950379870456,0.00113935428134691
0.043085495985868,0.000818662048678363
0.0466759539846903,0.00216962096917994
0.0502664119835126,0.000920347260762318
0.053856869982335,0.00119555991394681
0.0574473279811573,0.00166106078083681
0.0610377859799796,0.000996456865206936
0.0646282439788019,0.000949823399273782
0.0682187019776243,0.00101379840524353
0.0718091599764466,0.000755533334675769
0.0753996179752689,0.000977019844431902
0.0789900759740913,0.000470151773930199
0.0825805339729136,0.00066122156304479
0.0861709919717359,0.00062102296555877
0.0897614499705583,0.000551430777977566
0.0933519079693806,0.000655549287827649
0.0969423659682029,0.000588309575295176
0.100532823967025,0.000936806506402105
0.104123281965848,0.00057965412962546
0.10771373996467,0.000567873043407647
0.111304197963492,0.000672768098003983
0.114894655962315,0.000561427078139712
0.118485113961137,0.000614427837319228
0.122075571959959,0.000545704508933102
0.125666029958782,0.00056044569193242
0.129256487957604,0.000498148201645172
0.132846945956426,0.000376249846026349
0.136437403955249,0.000404939740977818
0.140027861954071,0.000412625920671657
0.143618319952893,0.000485374734686296
0.147208777951716,0.000438087884624467
0.150799235950538,0.000416088282843483
0.15438969394936,0.000461680014753301
0.157980151948183,0.000392604944752755
0.161570609947005,0.000413602588911092
0.165161067945827,0.000435170828898281
0.16875152594465,0.000384465313224673
0.172341983943472,0.000401075136575102
0.175932441942294,0.000390046216211497
0.179522899941117,0.000356781042195533
0.183113357939939,0.000372175199102018
0.186703815938761,0.000377345489985704
0.190294273937583,0.000339952968834495
0.193884731936406,0.000364055890608527
0.197475189935228,0.000366261143186313
0.20106564793405,0.000388302816050282
0.204656105932873,0.000342591306147562
0.208246563931695,0.000348627791381132
0.211837021930517,0.000339353729212768
0.21542747992934,0.000339011080560281
0.219017937928162,0.000347381550355406
0.222608395926984,0.000314113766163817
0.226198853925807,0.000338391171510633
0.229789311924629,0.000323925034768029
0.233379769923451,0.00029685615555763
0.236970227922274,0.000336684793716287
0.240560685921096,0.000320021606530258
0.244151143919918,0.000336777587202548
0.247741601918741,0.000320287743379185
0.251332059917563,0.000295330177006798
0.254922517916385,0.000319991789689537
0.258512975915208,0.000301514978865166
0.26210343391403,0.000291115069984446
0.265693891912852,0.000303599493836522
0.269284349911675,0.000295204812934961
0.272874807910497,0.000280417503599721
0.276465265909319,0.000303481757513961
0.280055723908142,0.000294229814492012
0.283646181906964,0.000284592555768208
0.287236639905786,0.00028157903374242
0.290827097904609,0.000289901699678595
0.294417555903431,0.000281430313118689
0.298008013902253,0.000289737245227188
0.301598471901076,0.000283247754124476
0.305188929899898,0.000282271123985398
0.30877938789872,0.000279073074805799
0.312369845897543,0.000286651484132181
0.315960303896365,0.000279221699385991
0.319550761895187,0.000279839950102593
0.32314121989401,0.000276155201350861
0.326731677892832,0.000279185812419138
0.330322135891654,0.000271383534489031
0.333912593890477,0.000286661535400898
0.337503051889299,0.000281300760114417
0.341093509888121,0.000289831095265126
0.344683967886944,0.000270044788425748
0.348274425885766,0.000270829824827112
0.351864883884588,0.00026842584632409
0.355455341883411,0.000272719315214773
0.359045799882233,0.000269660056456001
0.362636257881055,0.000278926467790214
0.366226715879878,0.000272089866040681
0.3698171738787,0.000285846883611633
0.373407631877522,0.000273412394055927
0.376998089876345,0.000263233351813958
0.380588547875167,0.00026609860104482
0.384179005873989,0.000274471407463757
0.387769463872812,0.000268128092369345
0.391359921871634,0.00028325761923221
0.394950379870456,0.000268842817119125
0.398540837869279,0.000267459595560425
0.402131295868101,0.000275140539779651
0.405721753866923,0.000271615747952236
0.409312211865746,0.000269699863123899
0.412902669864568,0.000270827497979797
0.41649312786339,0.000275753031578566
0.420083585862213,0.000279977601642747
0.423674043861035,0.0002621976494983
0.427264501859857,0.000266729700193933
0.43085495985868,0.000274660160817882
0.434445417857502,0.000270546473131674
0.438035875856324,0.000276050390429932
0.441626333855147,0.000275333770760093
0.445216791853969,0.000270977386787293
0.448807249852791,0.000281912941685172
0.452397707851614,0.000271726755002815
0.455988165850436,0.000274347855461351
0.459578623849258,0.000278425750909026
0.463169081848081,0.00027300121545164
0.466759539846903,0.00027094299837514
0.470349997845725,0.000282793852386685
0.473940455844548,0.000276176192941472
0.47753091384337,0.000276511982808801
0.481121371842192,0.000282466754207912
0.484711829841015,0.000276207268284493
0.488302287839837,0.000294042481432417
0.491892745838659,0.000287102422770419
0.495483203837482,0.000279694135342617
0.499073661836304,0.000290731914724916
0.502664119835126,0.000291308352967103
0.506254577833949,0.000291635313025022
0.509845035832771,0.000287946851954894
0.513435493831593,0.000283301904831183
0.517025951830416,0.000296672772621816
0.520616409829238,0.000292602250735686
0.52420686782806,0.000291143308361787
0.527797325826883,0.000298118499989164
0.531387783825705,0.000297889260976108
0.534978241824527,0.00030359634334167
0.53856869982335,0.0002942084844869
0.542159157822172,0.000300009206419134
0.545749615820994,0.000302258882327841
0.549340073819817,0.000302063157089802
0.552930531818639,0.000300103972942446
0.556520989817461,0.000303113670091817
0.560111447816284,0.000309162157963991
0.563701905815106,0.000309557202381825
0.567292363813928,0.000311988131563799
0.57088282181275,0.00031332237385371
0.574473279811573,0.000312915939609418
0.578063737810395,0.000321245356673998
0.581654195809218,0.00031435896212277
0.58524465380804,0.000319822668222689
0.588835111806862,0.000324089345451999
0.592425569805685,0.000324047835374382
0.596016027804507,0.000326609350527016
0.599606485803329,0.000329497584665741
0.603196943802151,0.000330941126137849
0.606787401800974,0.000338892522919469
0.610377859799796,0.000327915304440045
0.613968317798618,0.000339330783351596
0.617558775797441,0.000343094833549369
0.621149233796263,0.000337483208023799
0.624739691795085,0.00034683761779096
0.628330149793908,0.000342920235376194
0.63192060779273,0.00034433786746163
0.635511065791552,0.000352540310474553
0.639101523790375,0.000352485301834135
0.642691981789197,0.000357670908977341
0.646282439788019,0.000364008966192248
0.649872897786842,0.000361478739498567
0.653463355785664,0.00036440882174894
0.657053813784486,0.000371352975869814
0.660644271783309,0.000372842911374008
0.664234729782131,0.0003744388391109
0.667825187780953,0.000380617343720306
0.671415645779776,0.000380225117860074
0.675006103778598,0.000385152348864359
0.67859656177742,0.000392804044111295
0.682187019776243,0.00039159905022554
0.685777477775065,0.00039819435993526
0.689367935773887,0.000404742198445899
0.69295839377271,0.000407830309993686
0.696548851771532,0.000412359699498812
0.700139309770354,0.000413236297414537
0.703729767769177,0.000414694046623615
0.707320225767999,0.000424618560418492
0.710910683766821,0.00042847177735102
0.714501141765644,0.000427762036711591
0.718091599764466,0.000436565470146458
0.721682057763288,0.000441879104424229
0.725272515762111,0.000448533199909111
0.728862973760933,0.00044681796042811
0.732453431759755,0.000453474224887127
0.736043889758578,0.000460571008068109
0.7396343477574,0.000470243231150596
0.743224805756222,0.000473585852490096
0.746815263755045,0.000477998507098627
0.750405721753867,0.000483789559214557
0.753996179752689,0.000495493263767037
0.757586637751512,0.000498252165648691
0.761177095750334,0.000508034333717524
0.764767553749156,0.000512514361448095
0.768358011747979,0.000520728103881721
0.771948469746801,0.000532257848079646
0.775538927745623,0.00053609214284113
0.779129385744446,0.000543325764114592
0.782719843743268,0.000549950894885986
0.78631030174209,0.000563896714409965
0.789900759740913,0.000571890012575831
0.793491217739735,0.000577354595866198
0.797081675738557,0.000589584947485663
0.80067213373738,0.000599319928643979
0.804262591736202,0.000607777238148547
0.807853049735024,0.000622005806581066
0.811443507733847,0.000625089585496323
0.815033965732669,0.000644511863620616
0.818624423731491,0.000652083430597997
0.822214881730314,0.000662591722110006
0.825805339729136,0.000678090822962814
0.829395797727958,0.000693336790951053
0.832986255726781,0.000704947236911862
0.836576713725603,0.000721687556244968
0.840167171724425,0.00073799027354284
0.843757629723248,0.000757240080712483
0.84734808772207,0.00077212081128292
0.850938545720892,0.000794141689574534
0.854529003719715,0.000805968577436607
0.858119461718537,0.000832103696027498
0.861709919717359,0.000847031730299047
0.865300377716182,0.00086855277183225
0.868890835715004,0.00089536705063489
0.872481293713826,0.000915894182978252
0.876071751712649,0.000940446888766344
0.879662209711471,0.00097318734521109
0.883252667710293,0.000995653364556089
0.886843125709115,0.00103041459025192
0.890433583707938,0.00106387984398388
0.89402404170676,0.00109595285960083
0.897614499705583,0.00113863452219012
0.901204957704405,0.00118008627189192
0.904795415703227,0.00121881773862613
0.90838587370205,0.00126436115881984
0.911976331700872,0.00131652060990733
0.915566789699694,0.00137013921822876
0.919157247698516,0.00143065255170756
0.922747705697339,0.00149489484381281
0.926338163696161,0.0015670229925268
0.929928621694984,0.00164746608103056
0.933519079693806,0.00173721466032127
0.937109537692628,0.00183203530104414
0.940699995691451,0.00194462730607657
0.944290453690273,0.0020717271039971
0.947880911689095,0.00221187631876541
0.951471369687917,0.00237092234142962
0.95506182768674,0.00256643482991912
0.958652285685562,0.00277555667453397
0.962242743684384,0.00304155341882928
0.965833201683207,0.00336361666466401
0.969423659682029,0.00374949187028215
0.973014117680852,0.00424808008109721
0.976604575679674,0.00489938178006994
0.980195033678496,0.00578249968088049
0.983785491677318,0.0070661549894836
0.987375949676141,0.00905961594363025
0.990966407674963,0.0126562684687395
0.994556865673785,0.0210051023178611
0.998147323672608,0.061677316481801
1.00173778167143,0.0657016271204035
1.00532823967025,0.0214165420100105
1.00891869766907,0.0127914670356651
1.0125091556679,0.00911860886672192
1.01609961366672,0.00707846651605701
1.01969007166554,0.00579143849002523
1.02328052966436,0.00489005491456373
1.02687098766319,0.00423117822957691
1.03046144566201,0.00373898399683698
1.03405190366083,0.00333947778097592
1.03764236165965,0.00301712651003995
1.04123281965848,0.00275267412946403
1.0448232776573,0.00252989552532854
1.04841373565612,0.00234265389200115
1.05200419365494,0.00218288095467906
1.05559465165377,0.00203999496721045
1.05918510965259,0.00191644255785014
1.06277556765141,0.00180596622780655
1.06636602565023,0.00170695692767193
1.06995648364905,0.00162034639863787
1.07354694164788,0.00154099257541196
1.0771373996467,0.00146786135549283
1.08072785764552,0.00139952776198703
1.08431831564434,0.00134107036010059
1.08790877364317,0.0012841646010068
1.09149923164199,0.00123400192497704
1.09508968964081,0.00118777853035375
1.09868014763963,0.00114569452705504
1.10227060563846,0.00110549850482896
1.10586106363728,0.00106733744569317
1.1094515216361,0.00103161677654521
1.11304197963492,0.00099677535092809
1.11663243763374,0.000970131498449733
1.12022289563257,0.000936427199744275
1.12381335363139,0.000909384196619641
1.12740381163021,0.000884951536517808
1.13099426962903,0.000857470979631718
1.13458472762786,0.000836955096052983
1.13817518562668,0.000814306442291749
1.1417656436255,0.000791237238087459
1.14535610162432,0.000773808087473388
1.14894655962315,0.000753721873261889
1.15253701762197,0.000737631264449349
1.15612747562079,0.000720688810936717
1.15971793361961,0.000703754855308047
1.16330839161844,0.000687887641957699
1.16689884961726,0.000675503330732729
1.17048930761608,0.00066023353643316
1.1740797656149,0.000645809335571778
1.17767022361372,0.000632897252300476
1.18126068161255,0.000618772438985644
1.18485113961137,0.000605897273018388
1.18844159761019,0.00059681769514503
1.19203205560901,0.000582087144086168
1.19562251360784,0.00057339994318376
1.19921297160666,0.000564113960366188
1.20280342960548,0.000552272273321272
1.2063938876043,0.000544423785061343
1.20998434560313,0.000534935563242662
1.21357480360195,0.000524787027076346
1.21716526160077,0.000516097703074741
1.22075571959959,0.000508439018233004
1.22434617759841,0.000499544984785497
1.22793663559724,0.000490567777581718
1.23152709359606,0.000483139214938511
1.23511755159488,0.000475119840672022
1.2387080095937,0.000469331604345071
1.24229846759253,0.000461498719303143
1.24588892559135,0.000453948816054467
1.24947938359017,0.000448720625622739
1.25306984158899,0.000443317701732679
1.25666029958782,0.00043630625766407
1.26025075758664,0.000429498744347667
1.26384121558546,0.000424155228965918
1.26743167358428,0.000418245156496845
1.2710221315831,0.000414110343737672
1.27461258958193,0.000407629612599358
1.27820304758075,0.000402216144815852
1.28179350557957,0.000397602489853601
1.28538396357839,0.00039300622235123
1.28897442157722,0.000386912687439283
1.29256487957604,0.000382569407216378
1.29615533757486,0.000377157266439057
1.29974579557368,0.000373742545015402
1.30333625357251,0.000368876852864924
1.30692671157133,0.000364660174159716
1.31051716957015,0.000360029871639328
1.31410762756897,0.000355929243013727
1.3176980855678,0.000352030434887836
1.32128854356662,0.000347319492102109
1.32487900156544,0.000342989796136198
1.32846945956426,0.000340152438551045
1.33205991756308,0.000334491207806036
1.33565037556191,0.000333303997610046
1.33924083356073,0.000327481513429947
1.34283129155955,0.000325736737454155
1.34642174955837,0.000321583535387297
1.3500122075572,0.000318835895655204
1.35360266555602,0.00031467891458255
1.35719312355484,0.000313936819007767
1.36078358155366,0.00030978405499117
1.36437403955249,0.000306735248097997
1.36796449755131,0.000305123922588741
1.37155495555013,0.000302460911032342
1.37514541354895,0.00029737155315363
1.37873587154777,0.000295528294049523
1.3823263295466,0.000291561954107973
1.38591678754542,0.000289995738102294
1.38950724554424,0.000286978629093979
1.39309770354306,0.000282674745503101
1.39668816154189,0.000281224713158657
1.40027861954071,0.000278599822775004
1.40386907753953,0.000275946650637732
1.40745953553835,0.000274387555494752
1.41104999353718,0.000270734956407021
1.414640451536,0.000268294915327036
1.41823090953482,0.000268046174469179
1.42182136753364,0.000264063645809338
1.42541182553247,0.0002617019779041
1.42900228353129,0.000259613944505188
1.43259274153011,0.000258047678967351
1.43618319952893,0.000255467371818727
1.43977365752775,0.000253982084745652
1.44336411552658,0.000252372591151555
1.4469545735254,0.000249704538587144
1.45054503152422,0.000248356444384173
1.45413548952304,0.000245445044278086
1.45772594752187,0.000243877440139037
1.46131640552069,0.000242063265915847
1.46490686351951,0.000240316515801557
1.46849732151833,0.000238903672126894
1.47208777951716,0.000236811068203369
1.47567823751598,0.000234826892943238
1.4792686955148,0.000232876781822741
1.48285915351362,0.000231542135753727
1.48644961151244,0.000230053640723793
1.49004006951127,0.000226852634139167
1.49363052751009,0.000226816459744085
1.49722098550891,0.000224627980725876
1.50081144350773,0.000222063807331567
1.50440190150656,0.000222845850236404
1.50799235950538,0.000220772408349955
1.5115828175042,0.000217053462808055
1.51517327550302,0.000218428941485684
1.51876373350185,0.000214843883342425
1.52235419150067,0.00021416328824675
1.52594464949949,0.000213234326870117
1.52953510749831,0.000210254189991689
1.53312556549713,0.00020976266353898
1.53671602349596,0.000208540653652454
1.54030648149478,0.000205548213625775
1.5438969394936,0.000205306151179973
1.54748739749242,0.000204050886654655
1.55107785549125,0.000201583490052183
1.55466831349007,0.000201980403900406
1.55825877148889,0.000200041859879088
1.56184922948771,0.000198953598713016
1.56543968748654,0.000198107207751535
1.56903014548536,0.000197130015449949
1.57262060348418,0.00019499615986889
1.576211061483,0.000194248344202357
1.57980151948183,0.00019303729635007
1.58339197748065,0.000191244980851517
1.58698243547947,0.000191321720285727
1.59057289347829,0.000189138529727064
1.59416335147711,0.000188564667222677
1.59775380947594,0.000187452046594428
1.60134426747476,0.000187075977005251
1.60493472547358,0.000185018617935377
1.6085251834724,0.000182973255621001
1.61211564147123,0.00018244358334357
1.61570609947005,0.000182008250482933
1.61929655746887,0.00018124953601816
1.62288701546769,0.000180090365841752
1.62647747346652,0.00017816897152513
1.63006793146534,0.000177258072542498
1.63365838946416,0.000176857327794554
1.63724884746298,0.000175119925870237
1.6408393054618,0.000175175792589887
1.64442976346063,0.000174352330030475
1.64802022145945,0.000172914333899999
1.65161067945827,0.000172551837091313
1.65520113745709,0.000171634373389429
1.65879159545592,0.000169934720018277
1.66238205345474,0.000169109407477009
1.66597251145356,0.000168486205636231
1.66956296945238,0.000168360655303287
1.67315342745121,0.000166972989501625
1.67674388545003,0.000165888834451769
1.68033434344885,0.000165046787729561
1.68392480144767,0.000164834626461682
1.6875152594465,0.000162811992868541
1.69110571744532,0.000163408149718521
1.69469617544414,0.000161527507027648
1.69828663344296,0.000160741941947327
1.70187709144178,0.000160020175365863
1.70546754944061,0.000158513603218964
1.70905800743943,0.000158318544248911
1.71264846543825,0.000158006829017777
1.71623892343707,0.000157052982048614
1.7198293814359,0.000156528908249296
1.72341983943472,0.000155557083420722
1.72701029743354,0.000154255759107715
1.73060075543236,0.000153701460076885
1.73419121343119,0.000153382581943947
1.73778167143001,0.000152633804260162
1.74137212942883,0.000152297848294512
1.74496258742765,0.000150747808467779
1.74855304542647,0.000150305826098544
1.7521435034253,0.000149043802517749
1.75573396142412,0.000148187102442898
1.75932441942294,0.000148427897437804
1.76291487742176,0.000147605486029559
1.76650533542059,0.000147364883899632
1.77009579341941,0.000146337162651744
1.77368625141823,0.000145914316003611
1.77727670941705,0.000144931873006018
1.78086716741588,0.000143930638758423
1.7844576254147,0.00014329219806802
1.78804808341352,0.000143430039422882
1.79163854141234,0.000142269053516358
1.79522899941117,0.000141391384935671
1.79881945740999,0.000140627935201888
1.80240991540881,0.000141072126985196
1.80600037340763,0.00014002886748897
1.80959083140645,0.000138917904164186
1.81318128940528,0.000138724168912182
1.8167717474041,0.000137913902663902
1.82036220540292,0.000137614807029645
1.82395266340174,0.000136848618950076
1.82754312140057,0.000136043716586255
1.83113357939939,0.000135729097371824
1.83472403739821,0.00013507366907642
1.83831449539703,0.000134203379445318
1.84190495339586,0.000134353826878477
1.84549541139468,0.000132851180898261
1.8490858693935,0.000133044253036109
1.85267632739232,0.000132493987514854
1.85626678539114,0.000132039556455198
1.85985724338997,0.000131652806471233
1.86344770138879,0.0001311568018224
1.86703815938761,0.000130749354353484
1.87062861738643,0.000129566181356196
1.87421907538526,0.000129319597103248
1.87780953338408,0.000128089929047196
1.8813999913829,0.000128241107897453
1.88499044938172,0.000128677405434214
1.88858090738055,0.000127370429710053
1.89217136537937,0.000127063258949376
1.89576182337819,0.000125957520096825
1.89935228137701,0.000126317844582832
1.90294273937583,0.000125883357544269
1.90653319737466,0.000124127196663799
1.91012365537348,0.00012462031111751
1.9137141133723,0.000123325801598226
1.91730457137112,0.000122849858166142
1.92089502936995,0.000122946461296171
1.92448548736877,0.000122873376239589
1.92807594536759,0.000122513127171512
1.93166640336641,0.000122114756391949
1.93525686136524,0.000121948892809172
1.93884731936406,0.000120651150270394
1.94243777736288,0.00012060074273495
1.9460282353617,0.000120150815330517
1.94961869336053,0.000119730632550495
1.95320915135935,0.00011968205555448
1.95679960935817,0.000117638715385279
1.96039006735699,0.000117844627053294
1.96398052535581,0.000117626126834587
1.96757098335464,0.000117871970042767
1.97116144135346,0.000116515114502833
1.97475189935228,0.000115798412909962
1.9783423573511,0.000115948630037261
1.98193281534993,0.000116586612256149
1.98552327334875,0.00011505529484627
1.98911373134757,0.000114023605039365
1.99270418934639,0.000115346995532856
1.99629464734522,0.000115430770820668
1.99988510534404,0.000114608484273159
2.00347556334286,0.000110457455399045
2.00706602134168,0.000113182163230164
2.01065647934051,0.000111944688069566
2.01424693733933,0.000110949472342969
2.01783739533815,0.000111520006364692
2.02142785333697,0.000111217072100254
2.02501831133579,0.000110677528747005
2.02860876933462,0.00011143666689177
2.03219922733344,0.000110354528123913
2.03578968533226,0.000110577369683669
2.03938014333108,0.000110331490717974
2.04297060132991,0.000109418542819097
2.04656105932873,0.000107843801820468
2.05015151732755,0.0001089783491297
2.05374197532637,0.000107772813266166
2.05733243332519,0.000107402991320109
2.06092289132402,0.000107546702456743
2.06451334932284,0.000107265801892367
2.06810380732166,0.000106735023625558
2.07169426532048,0.000106401117649082
2.07528472331931,0.000106286196228341
2.07887518131813,0.00010590821660794
2.08246563931695,0.000105452534826737
2.08605609731577,0.000105201133740364
2.0896465553146,0.000104615235201294
2.09323701331342,0.000104660321602864
2.09682747131224,0.000103804663242813
2.10041792931106,0.000103717012373646
2.10400838730989,0.000103181339306648
2.10759884530871,0.000103306974121809
2.11118930330753,0.000102695454669357
2.11477976130635,0.000102275575579205
2.11837021930517,0.000102410930760505
2.121960677304,0.000101791016754394
2.12555113530282,0.0001019599883144
2.12914159330164,0.000101299829897914
2.13273205130046,0.000100881127668108
2.13632250929929,0.00010116114111921
2.13991296729811,0.000100248574000587
2.14350342529693,9.96680529583605e-05
2.14709388329575,0.000100083708346205
2.15068434129458,9.94922736550172e-05
2.1542747992934,9.92729266043188e-05
2.15786525729222,9.888003397607e-05
2.16145571529104,9.93652013254318e-05
2.16504617328986,9.82635167282428e-05
2.16863663128869,9.79269460798281e-05
2.17222708928751,9.79102978394456e-05
2.17581754728633,9.80195241405397e-05
2.17940800528515,9.73067003754457e-05
2.18299846328398,9.6805795100043e-05
2.1865889212828,9.68881687226353e-05
2.19017937928162,9.67049824481305e-05
2.19376983728044,9.59146070312211e-05
2.19736029527927,9.64989906967187e-05
2.20095075327809,9.55769773230394e-05
2.20454121127691,9.52974795735724e-05
2.20813166927573,9.51894529492442e-05
2.21172212727456,9.47608294073796e-05
2.21531258527338,9.4480117570025e-05
2.2189030432722,9.42971462236903e-05
2.22249350127102,9.40303814729694e-05
2.22608395926984,9.37769010296289e-05
2.22967441726867,9.36042648884027e-05
2.23326487526749,9.34668833535732e-05
2.23685533326631,9.29769136143264e-05
2.24044579126513,9.27879349028757e-05
2.24403624926396,9.2425443605694e-05
2.24762670726278,9.20398591850489e-05
2.2512171652616,9.2415439568125e-05
2.25480762326042,9.1874526885696e-05
2.25839808125925,9.15065329903801e-05
2.26198853925807,9.15107466488724e-05
2.26557899725689,9.09229302224069e-05
2.26916945525571,9.11369576255514e-05
2.27275991325454,9.05266423931112e-05
2.27635037125336,9.02781838372011e-05
2.27994082925218,9.0385306493618e-05
2.283531287251,8.97975099541401e-05
2.28712174524982,8.95708401723577e-05
2.29071220324865,8.90795111523353e-05
2.29430266124747,8.89467932057178e-05
2.29789311924629,8.89395061663173e-05
2.30148357724511,8.86997243422337e-05
2.30507403524394,8.82116890864772e-05
2.30866449324276,8.78473139844266e-05
2.31225495124158,8.83752925600963e-05
2.3158454092404,8.78644861762306e-05
2.31943586723923,8.75712587089123e-05
2.32302632523805,8.72857349699879e-05
2.32661678323687,8.69736645349365e-05
2.33020724123569,8.68341996294851e-05
2.33379769923451,8.67418962966551e-05
2.33738815723334,8.64132851887751e-05
2.34097861523216,8.63585356591474e-05
2.34456907323098,8.58238319905654e-05
2.3481595312298,8.57878645751132e-05
2.35174998922863,8.53929561886813e-05
2.35534044722745,8.50574968729827e-05
2.35893090522627,8.49756641277063e-05
2.36252136322509,8.45708029648951e-05
2.36611182122392,8.45403330787291e-05
2.36970227922274,8.45734903364949e-05
2.37329273722156,8.39753594475192e-05
2.37688319522038,8.42091786346484e-05
2.38047365321921,8.38061791730232e-05
2.38406411121803,8.33908450468135e-05
2.38765456921685,8.36629963798596e-05
2.39124502721567,8.32331041815359e-05
2.39483548521449,8.29204619744167e-05
2.39842594321332,8.29561736050014e-05
2.40201640121214,8.21897854425888e-05
2.40560685921096,8.23969538992368e-05
2.40919731720978,8.19472712454605e-05
2.41278777520861,8.18291192744503e-05
2.41637823320743,8.20377096888029e-05
2.41996869120625,8.12309684250065e-05
2.42355914920507,8.12777605264951e-05
2.4271496072039,8.11966662200902e-05
2.43074006520272,8.10180843389758e-05
2.43433052320154,8.10440876898008e-05
2.43792098120036,8.06049144843951e-05
2.44151143919918,8.04418974691398e-05
2.44510189719801,8.05152347093948e-05
2.44869235519683,8.02900851494962e-05
2.45228281319565,8.00134476370561e-05
2.45587327119447,8.00077546140567e-05
2.4594637291933,7.96376233432748e-05
2.46305418719212,7.94848376235575e-05
2.46664464519094,7.94192554639015e-05
2.47023510318976,7.90663173835009e-05
2.47382556118859,7.88530456684643e-05
2.47741601918741,7.87444723048232e-05
2.48100647718623,7.83343350579073e-05
2.48459693518505,7.84715372648749e-05
2.48818739318387,7.85392464329513e-05
2.4917778511827,7.81244086464716e-05
2.49536830918152,7.80402234618887e-05
2.49895876718034,7.72420262219007e-05
2.50254922517916,7.73598498236519e-05
2.50613968317799,7.76058231614798e-05
2.50973014117681,7.678550861918e-05
2.51332059917563,7.68989511112213e-05
2.51691105717445,7.69338790069803e-05
2.52050151517328,7.64665338398293e-05
2.5240919731721,7.6855104317269e-05
2.52768243117092,7.61559814607351e-05
2.53127288916974,7.59666069786106e-05
2.53486334716857,7.62616503296608e-05
2.53845380516739,7.5593614885598e-05
2.54204426316621,7.56218694522224e-05
2.54563472116503,7.58244021215024e-05
2.54922517916385,7.52799441206758e-05
2.55281563716268,7.52670152537708e-05
2.5564060951615,7.50714645460266e-05
2.55999655316032,7.49005076047345e-05
2.56358701115914,7.47110969455988e-05
2.56717746915797,7.46323459686699e-05
2.57076792715679,7.43049844028408e-05
2.57435838515561,7.43702230495248e-05
2.57794884315443,7.38724308041494e-05
2.58153930115326,7.37314814112753e-05
2.58512975915208,7.37713577800083e-05
2.5887202171509,7.36471174866731e-05
2.59231067514972,7.33205034232027e-05
2.59590113314854,7.32452833007434e-05
2.59949159114737,7.2862104920899e-05
2.60308204914619,7.31510083539897e-05
2.60667250714501,7.2716162326384e-05
2.61026296514383,7.26264760918438e-05
2.61385342314266,7.24054975605805e-05
2.61744388114148,7.2488820751335e-05
2.6210343391403,7.24651919861823e-05
2.62462479713912,7.22671573324462e-05
2.62821525513795,7.18109246832889e-05
2.63180571313677,7.19982187927922e-05
2.63539617113559,7.16793041102398e-05
2.63898662913441,7.14562108185912e-05
2.64257708713324,7.16934344020649e-05
2.64616754513206,7.15187625157303e-05
2.64975800313088,7.12139048205942e-05
2.6533484611297,7.11960502121652e-05
2.65693891912852,7.10384414810249e-05
2.66052937712735,7.0673815915544e-05
2.66411983512617,7.06045374604512e-05
2.66771029312499,7.0194753427267e-05
2.67130075112381,7.01806333045894e-05
2.67489120912264,6.99332433283151e-05
2.67848166712146,7.01953986429516e-05
2.68207212512028,6.99861013270481e-05
2.6856625831191,6.98071575661656e-05
2.68925304111792,6.95845531443731e-05
2.69284349911675,6.92924955663072e-05
2.69643395711557,6.92926154199772e-05
2.70002441511439,6.90340750782561e-05
2.70361487311321,6.8801270140518e-05
2.70720533111204,6.86435530720636e-05
2.71079578911086,6.89324119882746e-05
2.71438624710968,6.87480568907221e-05
2.7179767051085,6.87222326126947e-05
2.72156716310733,6.85514708088475e-05
2.72515762110615,6.82278506995252e-05
2.72874807910497,6.82064446186253e-05
2.73233853710379,6.79984169468048e-05
2.73592899510262,6.79892795853847e-05
2.73951945310144,6.78407951811693e-05
2.74310991110026,6.77517998876867e-05
2.74670036909908,6.73376241148644e-05
2.7502908270979,6.73092545212682e-05
2.75388128509673,6.71106366988583e-05
2.75747174309555,6.70716190011465e-05
2.76106220109437,6.68726498437218e-05
2.76465265909319,6.68081937362565e-05
2.76824311709202,6.66198188368311e-05
2.77183357509084,6.66966723260761e-05
2.77542403308966,6.63730859134533e-05
2.77901449108848,6.63517123277745e-05
2.78260494908731,6.62212720512451e-05
2.78619540708613,6.63008951162239e-05
2.78978586508495,6.5944588165655e-05
2.79337632308377,6.58268484046296e-05
2.7969667810826,6.5525005618107e-05
2.80055723908142,6.55065450309379e-05
2.80414769708024,6.56243651921815e-05
2.80773815507906,6.54462549617696e-05
2.81132861307788,6.53018092262106e-05
2.81491907107671,6.55402945115106e-05
2.81850952907553,6.48110395450089e-05
2.82209998707435,6.49770709496977e-05
2.82569044507317,6.47781043786213e-05
2.829280903072,6.43608454890054e-05
2.83287136107082,6.44551849805305e-05
2.83646181906964,6.44193550741445e-05
2.84005227706846,6.42669781083054e-05
2.84364273506729,6.42462412885066e-05
2.84723319306611,6.42714492594921e-05
2.85082365106493,6.42106363126647e-05
2.85441410906375,6.36344377152441e-05
2.85800456706257,6.36986232491159e-05
2.8615950250614,6.36762102807313e-05
2.86518548306022,6.37442798684548e-05
2.86877594105904,6.34668241903248e-05
2.87236639905786,6.30875312499518e-05
2.87595685705669,6.31655544269987e-05
2.87954731505551,6.31961054077619e-05
2.88313777305433,6.29423173670868e-05
2.88672823105315,6.2859979154866e-05
2.89031868905198,6.27532716047233e-05
2.8939091470508,6.25041967139846e-05
2.89749960504962,6.24073837202836e-05
2.90109006304844,6.23837707546177e-05
2.90468052104727,6.23515664257106e-05
2.90827097904609,6.23192218272033e-05
2.91186143704491,6.22680802570999e-05
2.91545189504373,6.21555191133508e-05
2.91904235304255,6.21603398235158e-05
2.92263281104138,6.1926988844946e-05
2.9262232690402,6.16626665389001e-05
2.92981372703902,6.18541118782725e-05
2.93340418503784,6.14367002337826e-05
2.93699464303667,6.13198306605322e-05
2.94058510103549,6.12564181284016e-05
2.94417555903431,6.10067090728179e-05
2.94776601703313,6.12113924419213e-05
2.95135647503196,6.07361825866997e-05
2.95494693303078,6.07204964040074e-05
2.9585373910296,6.11220685240137e-05
2.96212784902842,6.06588171596817e-05
2.96571830702724,6.03483762492257e-05
2.96930876502607,6.05138715827434e-05
2.97289922302489,6.04903192589354e-05
2.97648968102371,5.98393360686386e-05
2.98008013902253,6.05021223521656e-05
2.98367059702136,5.96530854379231e-05
2.98726105502018,5.95161986133107e-05
2.990851513019,5.96191758933505e-05
2.99444197101782,5.9889206721221e-05
2.99803242901665,5.94393147558438e-05
3.00162288701547,6.00198087872564e-05
3.00521334501429,5.96200929480075e-05
3.00880380301311,5.94675684411323e-05
3.01239426101194,5.92993607930232e-05
3.01598471901076,5.92705766506158e-05
3.01957517700958,5.88376177923481e-05
3.0231656350084,5.91174301595616e-05
3.02675609300722,5.86326451283492e-05
3.03034655100605,5.9168874710377e-05
3.03393700900487,5.83633119030854e-05
3.03752746700369,5.87746606071449e-05
3.04111792500251,5.83074255139025e-05
3.04470838300134,5.84004242891515e-05
3.04829884100016,5.81577554447461e-05
3.05188929899898,5.7982939069238e-05
3.0554797569978,5.83187053854915e-05
3.05907021499663,5.80372191016331e-05
3.06266067299545,5.80577067055684e-05
3.06625113099427,5.81787827697636e-05
3.06984158899309,5.75972163747564e-05
3.07343204699191,5.78693629594241e-05
3.07702250499074,5.73962659902192e-05
3.08061296298956,5.73478242310481e-05
3.08420342098838,5.73676899917731e-05
3.0877938789872,5.72939218337136e-05
3.09138433698603,5.68250707360894e-05
3.09497479498485,5.71535402007663e-05
3.09856525298367,5.70623376377458e-05
3.10215571098249,5.70282267112828e-05
3.10574616898132,5.69544087030752e-05
3.10933662698014,5.69679509909892e-05
3.11292708497896,5.70491265274513e-05
3.11651754297778,5.65609660571069e-05
3.1201080009766,5.64472044766024e-05
3.12369845897543,5.665564337848e-05
3.12728891697425,5.6455537402267e-05
3.13087937497307,5.629785283904e-05
3.13446983297189,5.59756421937507e-05
3.13806029097072,5.61276924264547e-05
3.14165074896954,5.59802719345233e-05
3.14524120696836,5.58993176731621e-05
3.14883166496718,5.61054132711217e-05
3.15242212296601,5.55584125451076e-05
3.15601258096483,5.58314786635095e-05
3.15960303896365,5.54870043568384e-05
3.16319349696247,5.54296223915321e-05
3.1667839549613,5.54126629840247e-05
3.17037441296012,5.53068009205482e-05
3.17396487095894,5.53405153916846e-05
3.17755532895776,5.53066311110825e-05
3.18114578695658,5.49710963987346e-05
3.18473624495541,5.50691462853421e-05
3.18832670295423,5.49269310638566e-05
3.19191716095305,5.47593548330236e-05
3.19550761895187,5.49249540182021e-05
3.1990980769507,5.45768803089315e-05
3.20268853494952,5.4467817182133e-05
3.20627899294834,5.44104565906732e-05
3.20986945094716,5.45565241310029e-05
3.21345990894599,5.42012508115866e-05
3.21705036694481,5.43807185727948e-05
3.22064082494363,5.4061826467082e-05
3.22423128294245,5.42184303761824e-05
3.22782174094128,5.41559193077558e-05
3.2314121989401,5.39012286587974e-05
3.23500265693892,5.38401820791436e-05
3.23859311493774,5.37931019669571e-05
3.24218357293656,5.35234278687505e-05
3.24577403093539,5.36075481825953e-05
3.24936448893421,5.36575437710161e-05
3.25295494693303,5.36413075356614e-05
3.25654540493185,5.34976056769087e-05
3.26013586293068,5.33960093245465e-05
3.2637263209295,5.33863652141492e-05
3.26731677892832,5.32188636331039e-05
3.27090723692714,5.30286157651858e-05
3.27449769492596,5.29413704164399e-05
3.27808815292479,5.3075980780426e-05
3.28167861092361,5.27437053542215e-05
3.28526906892243,5.27573260816313e-05
3.28885952692125,5.25646825685775e-05
3.29244998492008,5.22622976923839e-05
3.2960404429189,5.26977699426234e-05
3.29963090091772,5.26499467634399e-05
3.30322135891654,5.24535181523116e-05
3.30681181691537,5.24820629614579e-05
3.31040227491419,5.24228118161863e-05
3.31399273291301,5.25172821611059e-05
3.31758319091183,5.2186341742378e-05
3.32117364891066,5.19108269839949e-05
3.32476410690948,5.20640987869949e-05
3.3283545649083,5.18974757197727e-05
3.33194502290712,5.18106770258065e-05
3.33553548090594,5.17441788856082e-05
3.33912593890477,5.15702017952067e-05
3.34271639690359,5.16071353405312e-05
3.34630685490241,5.15153597905167e-05
3.34989731290123,5.14135798300164e-05
3.35348777090006,5.13558509884541e-05
3.35707822889888,5.14023682078135e-05
3.3606686868977,5.13731763986698e-05
3.36425914489652,5.11728852714438e-05
3.36784960289535,5.11281004329778e-05
3.37144006089417,5.10234229825883e-05
3.37503051889299,5.07588173426817e-05
3.37862097689181,5.10758917526402e-05
3.38221143489063,5.08036761872775e-05
3.38580189288946,5.09322966399675e-05
3.38939235088828,5.06979738868521e-05
3.3929828088871,5.0695851816049e-05
3.39657326688592,5.06823027937899e-05
3.40016372488475,5.05924248356567e-05
3.40375418288357,5.04262059602263e-05
3.40734464088239,5.03487637293524e-05
3.41093509888121,5.02090978053944e-05
3.41452555688004,5.03800644836835e-05
3.41811601487886,5.02124552050248e-05
3.42170647287768,5.00890066911966e-05
3.4252969308765,4.99180699292453e-05
3.42888738887533,4.98837674627481e-05
3.43247784687415,4.98795184589727e-05
3.43606830487297,4.98968323832272e-05
3.43965876287179,4.96945680080675e-05
3.44324922087061,4.96859501518442e-05
3.44683967886944,4.97063469534607e-05
3.45043013686826,4.93997917302706e-05
3.45402059486708,4.94977426132715e-05
3.4576110528659,4.95114192055115e-05
3.46120151086473,4.94175846199841e-05
3.46479196886355,4.93749962814582e-05
3.46838242686237,4.92624822833331e-05
3.47197288486119,4.90682787276271e-05
3.47556334286002,4.9353446806133e-05
3.47915380085884,4.91182840370294e-05
3.48274425885766,4.89146007177828e-05
3.48633471685648,4.88965222210353e-05
3.48992517485531,4.88888976597187e-05
3.49351563285413,4.91261468433177e-05
3.49710609085295,4.8672020651021e-05
3.50069654885177,4.85096596068956e-05
3.50428700685059,4.87101509556844e-05
3.50787746484942,4.86109955822647e-05
3.51146792284824,4.82662255038297e-05
3.51505838084706,4.82824231490598e-05
3.51864883884588,4.82908655561903e-05
3.52223929684471,4.83110218211105e-05
3.52582975484353,4.84655628380383e-05
3.52942021284235,4.79809655555766e-05
3.53301067084117,4.82251091971921e-05
3.53660112884,4.81021590918279e-05
3.54019158683882,4.79897198174556e-05
3.54378204483764,4.78449716605098e-05
3.54737250283646,4.78419230193293e-05
3.55096296083528,4.78587678731781e-05
3.55455341883411,4.77876068823503e-05
3.55814387683293,4.7796129840658e-05
3.56173433483175,4.75500713150866e-05
3.56532479283057,4.75105769475245e-05
3.5689152508294,4.75824493022147e-05
3.57250570882822,4.75162239688821e-05
3.57609616682704,4.72233928944852e-05
3.57968662482586,4.75957322577298e-05
3.58327708282469,4.73044791370095e-05
3.58686754082351,4.7271139575053e-05
3.59045799882233,4.72664247504789e-05
3.59404845682115,4.71757060920721e-05
3.59763891481997,4.69602482298312e-05
3.6012293728188,4.71236962501367e-05
3.60481983081762,4.69822502516465e-05
3.60841028881644,4.66953535229197e-05
3.61200074681526,4.67619454328255e-05
3.61559120481409,4.67687367058549e-05
3.61918166281291,4.65879731768444e-05
3.62277212081173,4.67513882543236e-05
3.62636257881055,4.64490948498642e-05
3.62995303680938,4.66791332944941e-05
3.6335434948082,4.66126937965207e-05
3.63713395280702,4.65519006875038e-05
3.64072441080584,4.63652930294121e-05
3.64431486880467,4.64091726612576e-05
3.64790532680349,4.61468128854044e-05
3.65149578480231,4.61172621904649e-05
3.65508624280113,4.61621518245172e-05
3.65867670079995,4.6005646681071e-05
3.66226715879878,4.58590673860091e-05
3.6658576167976,4.59602174848706e-05
3.66944807479642,4.58567214117321e-05
3.67303853279524,4.58052852947221e-05
3.67662899079407,4.58084610217331e-05
3.68021944879289,4.55458855793637e-05
3.68380990679171,4.57422279175006e-05
3.68740036479053,4.55905451082759e-05
3.69099082278936,4.5544741396875e-05
3.69458128078818,4.55481608263402e-05
3.698171738787,4.54532224309644e-05
3.70176219678582,4.54475448643619e-05
3.70535265478464,4.52664600770937e-05
3.70894311278347,4.52300630177191e-05
3.71253357078229,4.51188505210161e-05
3.71612402878111,4.5079509098687e-05
3.71971448677993,4.51659766841053e-05
3.72330494477876,4.50356841675955e-05
3.72689540277758,4.49765470873264e-05
3.7304858607764,4.48846185925193e-05
3.73407631877522,4.50026134595561e-05
3.73766677677405,4.48689792448646e-05
3.74125723477287,4.48348959287391e-05
3.74484769277169,4.47590977127605e-05
3.74843815077051,4.47398913442009e-05
3.75202860876934,4.46741962235517e-05
3.75561906676816,4.45633174116672e-05
3.75920952476698,4.44717678875785e-05
3.7627999827658,4.44147905794535e-05
3.76639044076462,4.42390993022845e-05
3.76998089876345,4.44275214536614e-05
3.77357135676227,4.43314012340229e-05
3.77716181476109,4.41973588796272e-05
3.78075227275991,4.42797459030108e-05
3.78434273075874,4.42210630536739e-05
3.78793318875756,4.40063763592852e-05
3.79152364675638,4.40717236762219e-05
3.7951141047552,4.40096181626248e-05
3.79870456275403,4.39004718197287e-05
3.80229502075285,4.38634535453423e-05
3.80588547875167,4.38635350392676e-05
3.80947593675049,4.37110187986407e-05
3.81306639474931,4.39326412051131e-05
3.81665685274814,4.35990633680879e-05
3.82024731074696,4.3695411362856e-05
3.82383776874578,4.3707008683235e-05
3.8274282267446,4.35479838416721e-05
3.83101868474343,4.34945612248063e-05
3.83460914274225,4.35560796922962e-05
3.83819960074107,4.33406167879581e-05
3.84179005873989,4.3481932662373e-05
3.84538051673872,4.33482769838178e-05
3.84897097473754,4.31736462505029e-05
3.85256143273636,4.3253480514057e-05
3.85615189073518,4.33144964247093e-05
3.85974234873401,4.29739010214496e-05
3.86333280673283,4.31086107472043e-05
3.86692326473165,4.2976410940675e-05
3.87051372273047,4.29596126822072e-05
3.87410418072929,4.30551874890747e-05
3.87769463872812,4.29063452872574e-05
3.88128509672694,4.27794185821133e-05
3.88487555472576,4.2959150354357e-05
3.88846601272458,4.26862026128624e-05
3.89205647072341,4.26843978712196e-05
3.89564692872223,4.26037977184162e-05
3.89923738672105,4.25827268592454e-05
3.90282784471987,4.26121642034587e-05
3.9064183027187,4.25184412895037e-05
3.91000876071752,4.24777660385754e-05
3.91359921871634,4.2337139996101e-05
3.91718967671516,4.23087805956782e-05
3.92078013471399,4.24341283017585e-05
3.92437059271281,4.21953962670408e-05
3.92796105071163,4.23134798133412e-05
3.93155150871045,4.2150745756679e-05
3.93514196670927,4.21288585820961e-05
3.9387324247081,4.21477198828447e-05
3.94232288270692,4.19719436051549e-05
3.94591334070574,4.18606814789691e-05
3.94950379870456,4.19313407073326e-05
3.95309425670339,4.18934112848816e-05
3.95668471470221,4.17825762392519e-05
3.96027517270103,4.17329034379723e-05
3.96386563069985,4.17663453744227e-05
3.96745608869867,4.15471173765564e-05
3.9710465466975,4.17105231460035e-05
3.97463700469632,4.15483851756932e-05
3.97822746269514,4.15346141305838e-05
3.98181792069396,4.15281433204607e-05
3.98540837869279,4.14253276113941e-05
3.98899883669161,4.14157012883267e-05
3.99258929469043,4.16602128938301e-05
3.99617975268925,4.1331791892232e-05
3.99977021068808,4.1354752153663e-05
4.0033606686869,4.15327715610879e-05
4.00695112668572,4.1322439905845e-05
4.01054158468454,4.1169041450189e-05
4.01413204268337,4.08682263869227e-05
4.01772250068219,4.10159329278457e-05
4.02131295868101,4.12273178284155e-05
4.02490341667983,4.08830558352442e-05
4.02849387467865,4.10084701753989e-05
4.03208433267748,4.07362699418315e-05
4.0356747906763,4.09331061262774e-05
4.03926524867512,4.08292858080558e-05
4.04285570667394,4.07935655787582e-05
4.04644616467277,4.08433042234517e-05
4.05003662267159,4.08093824443323e-05
4.05362708067041,4.06115435739665e-05
4.05721753866923,4.05465644675302e-05
4.06080799666806,4.04886066818568e-05
4.06439845466688,4.04963588723403e-05
4.0679889126657,4.04936814987406e-05
4.07157937066452,4.04897405505209e-05
4.07516982866334,4.03144295756506e-05
4.07876028666217,4.03325382673e-05
4.08235074466099,4.02436473715346e-05
4.08594120265981,4.02683686771642e-05
4.08953166065863,4.0333349645795e-05
4.09312211865746,4.01330584687146e-05
4.09671257665628,4.01597091286292e-05
4.1003030346551,4.01250902792595e-05
4.10389349265392,4.00795702438966e-05
4.10748395065275,4.01043694312115e-05
4.11107440865157,3.99250862108374e-05
4.11466486665039,3.99262562291235e-05
4.11825532464921,4.00371866178512e-05
4.12184578264803,3.98309794421746e-05
4.12543624064686,3.97538572477967e-05
4.12902669864568,3.98478589155175e-05
4.1326171566445,3.97585320312913e-05
4.13620761464332,3.98495876568551e-05
4.13979807264215,3.96953633072931e-05
4.14338853064097,3.9502426192618e-05
4.14697898863979,3.95464960110299e-05
4.15056944663861,3.96034167804935e-05
4.15415990463744,3.95014732715629e-05
4.15775036263626,3.94460512178785e-05
4.16134082063508,3.93167976239123e-05
4.1649312786339,3.93489781662225e-05
4.16852173663272,3.93835247933441e-05
4.17211219463155,3.92711153430637e-05
4.17570265263037,3.91682280205748e-05
4.17929311062919,3.91628330640841e-05
4.18288356862801,3.92370738941111e-05
4.18647402662684,3.91204762447653e-05
4.19006448462566,3.91646626923042e-05
4.19365494262448,3.90071560571928e-05
4.1972454006233,3.8963618773593e-05
4.20083585862213,3.90395585045352e-05
4.20442631662095,3.88180076726271e-05
4.20801677461977,3.89109553655965e-05
4.21160723261859,3.89430195405976e-05
4.21519769061742,3.88138145884876e-05
4.21878814861624,3.8715101639659e-05
4.22237860661506,3.86603837314407e-05
4.22596906461388,3.87244946287664e-05
4.22955952261271,3.86629775593382e-05
4.23314998061153,3.85341032897599e-05
4.23674043861035,3.85085109465898e-05
4.24033089660917,3.84794683907928e-05
4.24392135460799,3.85129757240085e-05
4.24751181260682,3.84466094848365e-05
4.25110227060564,3.83722790409886e-05
4.25469272860446,3.84819052558293e-05
4.25828318660328,3.8368181485818e-05
4.26187364460211,3.83776979318146e-05
4.26546410260093,3.82172162759128e-05
4.26905456059975,3.81502429148059e-05
4.27264501859857,3.82210255981879e-05
4.2762354765974,3.81010031548045e-05
4.27982593459622,3.80974947271057e-05
4.28341639259504,3.80243086983323e-05
4.28700685059386,3.79993087261695e-05
4.29059730859268,3.81767455067306e-05
4.29418776659151,3.7871555720265e-05
4.29777822459033,3.80236706033689e-05
4.30136868258915,3.78992499457165e-05
4.30495914058797,3.79596056264793e-05
4.3085495985868,3.79511067800482e-05
4.31214005658562,3.77023001111867e-05
4.31573051458444,3.76754990858673e-05
4.31932097258326,3.77728831889424e-05
4.32291143058209,3.76533934966048e-05
4.32650188858091,3.76482159133651e-05
4.33009234657973,3.75820480861535e-05
4.33368280457855,3.75039225035268e-05
4.33727326257737,3.75352199937447e-05
4.3408637205762,3.75374390246605e-05
4.34445417857502,3.74573498903236e-05
4.34804463657384,3.73809980322606e-05
4.35163509457266,3.74820887096188e-05
4.35522555257149,3.7455190161153e-05
4.35881601057031,3.7276588880718e-05
4.36240646856913,3.72671812769397e-05
4.36599692656795,3.71713849832988e-05
4.36958738456678,3.72494985903503e-05
4.3731778425656,3.7171175607838e-05
4.37676830056442,3.71599888147197e-05
4.38035875856324,3.71208732477648e-05
4.38394921656207,3.71258658457454e-05
4.38753967456089,3.70832442038854e-05
4.39113013255971,3.70266141349736e-05
4.39472059055853,3.69060695759296e-05
4.39831104855736,3.69766512599204e-05
4.40190150655618,3.68456782773824e-05
4.405491964555,3.68764065093764e-05
4.40908242255382,3.68261039045788e-05
4.41267288055264,3.6717593674207e-05
4.41626333855147,3.67208234347347e-05
4.41985379655029,3.68074176400829e-05
4.42344425454911,3.67355316744362e-05
4.42703471254793,3.66722776560609e-05
4.43062517054676,3.66400833667268e-05
4.43421562854558,3.65892731984628e-05
4.4378060865444,3.66096346570442e-05
4.44139654454322,3.65839118677077e-05
4.44498700254205,3.64383071260775e-05
4.44857746054087,3.63706195027938e-05
4.45216791853969,3.64281354960496e-05
4.45575837653851,3.64706631236509e-05
4.45934883453733,3.62566157207839e-05
4.46293929253616,3.62731991423692e-05
4.46652975053498,3.63368631623034e-05
4.4701202085338,3.62929680998733e-05
4.47371066653262,3.62925144557609e-05
4.47730112453145,3.62381627046696e-05
4.48089158253027,3.60944308254325e-05
4.48448204052909,3.62115575209062e-05
4.48807249852791,3.61360017268785e-05
4.49166295652673,3.59114141927772e-05
4.49525341452556,3.59404209187705e-05
4.49884387252438,3.59621730040525e-05
4.5024343305232,3.5869426183324e-05
4.50602478852202,3.5994862608977e-05
4.50961524652085,3.57965546619776e-05
4.51320570451967,3.58160389554685e-05
4.51679616251849,3.60042083424492e-05
4.52038662051731,3.57999036940298e-05
4.52397707851614,3.56708892759162e-05
4.52756753651496,3.57574052003963e-05
4.53115799451378,3.57367320465299e-05
4.5347484525126,3.56954875397689e-05
4.53833891051143,3.55589891177124e-05
4.54192936851025,3.55023522068827e-05
4.54551982650907,3.56029492676405e-05
4.54911028450789,3.55564926496582e-05
4.55270074250671,3.54641161149865e-05
4.55629120050554,3.53486093253222e-05
4.55988165850436,3.54301661756726e-05
4.56347211650318,3.53554545426483e-05
4.567062574502,3.53958702823407e-05
4.57065303250083,3.53236650906068e-05
4.57424349049965,3.52623906640358e-05
4.57783394849847,3.5325319082094e-05
4.58142440649729,3.52396926513835e-05
4.58501486449612,3.52503135614754e-05
4.58860532249494,3.51594498956512e-05
4.59219578049376,3.50408861495781e-05
4.59578623849258,3.51717508861024e-05
4.59937669649141,3.50665733777965e-05
4.60296715449023,3.51044911247053e-05
4.60655761248905,3.49945280025832e-05
4.61014807048787,3.49223418961037e-05
4.61373852848669,3.50288008007463e-05
4.61732898648552,3.49080887242303e-05
4.62091944448434,3.49420473836323e-05
4.62450990248316,3.49073096745344e-05
4.62810036048198,3.48101116817818e-05
4.63169081848081,3.49204149178216e-05
4.63528127647963,3.46870294179819e-05
4.63887173447845,3.46838360323253e-05
4.64246219247727,3.47076579185805e-05
4.6460526504761,3.46541261527225e-05
4.64964310847492,3.46639543869704e-05
4.65323356647374,3.46179409854129e-05
4.65682402447256,3.45712563163472e-05
4.66041448247138,3.45771073209609e-05
4.66400494047021,3.44300824701774e-05
4.66759539846903,3.45537075695199e-05
4.67118585646785,3.43664726004106e-05
4.67477631446667,3.4529710940031e-05
4.6783667724655,3.43749489081665e-05
4.68195723046432,3.44155823350772e-05
4.68554768846314,3.43754148174727e-05
4.68913814646196,3.42943741761041e-05
4.69272860446079,3.42493582825302e-05
4.69631906245961,3.4303111288101e-05
4.69990952045843,3.41750993066323e-05
4.70349997845725,3.41858054137252e-05
4.70709043645607,3.41338371374441e-05
4.7106808944549,3.41498866281948e-05
4.71427135245372,3.40963667220524e-05
4.71786181045254,3.40707638747479e-05
4.72145226845136,3.41278403551421e-05
4.72504272645019,3.40111053526493e-05
4.72863318444901,3.39438660754576e-05
4.73222364244783,3.39728108257541e-05
4.73581410044665,3.39304432889633e-05
4.73940455844548,3.39031801397792e-05
4.7429950164443,3.39326662461615e-05
4.74658547444312,3.38813972098788e-05
4.75017593244194,3.37971126396737e-05
4.75376639044077,3.38055800736309e-05
4.75735684843959,3.37743891216927e-05
4.76094730643841,3.372884946986e-05
4.76453776443723,3.36685199366176e-05
4.76812822243606,3.36538017553023e-05
4.77171868043488,3.36929701390008e-05
4.7753091384337,3.35656716173285e-05
4.77889959643252,3.35894274211815e-05
4.78249005443134,3.34932946174189e-05
4.78608051243017,3.35052987562577e-05
4.78967097042899,3.34726330013425e-05
4.79326142842781,3.34254249517842e-05
4.79685188642663,3.34254432853385e-05
4.80044234442546,3.34171835476199e-05
4.80403280242428,3.33994462411153e-05
4.8076232604231,3.33681656777848e-05
4.81121371842192,3.33361836743214e-05
4.81480417642075,3.33656131021164e-05
4.81839463441957,3.32616470919151e-05
4.82198509241839,3.33023070816502e-05
4.82557555041721,3.31928041734804e-05
4.82916600841603,3.31094354108111e-05
4.83275646641486,3.31426841699165e-05
4.83634692441368,3.30972380902597e-05
4.8399373824125,3.30511347395456e-05
4.84352784041132,3.30339080784965e-05
4.84711829841015,3.30466939868435e-05
4.85070875640897,3.30526948586689e-05
4.85429921440779,3.30048490874611e-05
4.85788967240661,3.3018101634586e-05
4.86148013040544,3.29796601450677e-05
4.86507058840426,3.29187755445124e-05
4.86866104640308,3.28976423957659e-05
4.8722515044019,3.28481790589946e-05
4.87584196240072,3.28609623669518e-05
4.87943242039955,3.27277720159694e-05
4.88302287839837,3.27861621241791e-05
4.88661333639719,3.28048019956017e-05
4.89020379439601,3.26810525270501e-05
4.89379425239484,3.26430763866482e-05
4.89738471039366,3.274475082459e-05
4.90097516839248,3.26818592895873e-05
4.9045656263913,3.25606890223518e-05
4.90815608439013,3.26026053831575e-05
4.91174654238895,3.25142419015435e-05
4.91533700038777,3.2548482021276e-05
4.91892745838659,3.24977894266101e-05
4.92251791638541,3.24637220932741e-05
4.92610837438424,3.24633582659545e-05
4.92969883238306,3.24290364535213e-05
4.93328929038188,3.2399746069107e-05
4.9368797483807,3.23614255769756e-05
4.94047020637953,3.2331844889138e-05
4.94406066437835,3.23720227356884e-05
4.94765112237717,3.22754285937835e-05
4.95124158037599,3.22339965135337e-05
4.95483203837482,3.22066626421425e-05
4.95842249637364,3.22567488175258e-05
4.96201295437246,3.21604154027293e-05
4.96560341237128,3.2214313711027e-05
4.96919387037011,3.21352067176652e-05
4.97278432836893,3.20715424224269e-05
4.97637478636775,3.20638033990901e-05
4.97996524436657,3.21236198327891e-05
4.98355570236539,3.20679856670331e-05
4.98714616036422,3.19808106622684e-05
4.99073661836304,3.19940881906987e-05
4.99432707636186,3.20157869208355e-05
4.99791753436068,3.20310276917905e-05
