freqs,specs
0,4.92992863641263e-05
0.00359045799882233,9.70733179814822e-05
0.00718091599764466,9.70856892085701e-05
0.010771373996467,9.71062626116977e-05
0.0143618319952893,9.71351107208308e-05
0.0179522899941117,9.71721651829323e-05
0.021542747992934,9.72174542228397e-05
0.0251332059917563,9.72709423641141e-05
0.0287236639905786,9.73326692451002e-05
0.032314121989401,9.74025246694416e-05
0.0359045799882233,9.74805479220598e-05
0.0394950379870456,9.7566501062947e-05
0.043085495985868,9.76611179125742e-05
0.0466759539846903,9.77635057448e-05
0.0502664119835126,9.78740663449204e-05
0.053856869982335,9.7992453403235e-05
0.0574473279811573,9.81192860249743e-05
0.0610377859799796,9.82492524528091e-05
0.0646282439788019,9.83915661835726e-05
0.0682187019776243,9.85332458660673e-05
0.0718091599764466,9.87804451838821e-05
0.0753996179752689,9.88877839885611e-05
0.0789900759740913,9.90571605794153e-05
0.0825805339729136,9.92373469961988e-05
0.0861709919717359,9.94263685094082e-05
0.0897614499705583,9.96233196267179e-05
0.0933519079693806,9.98279067541818e-05
0.0969423659682029,0.000100040121777393
0.100532823967025,0.000100259535943239
0.104123281965848,0.000100486217524378
0.10771373996467,0.000100719812838221
0.111304197963492,0.000100960233714611
0.114894655962315,0.000101206911629742
0.118485113961137,0.000101459783736183
0.122075571959959,0.000101718096580218
0.125666029958782,0.000101980555027934
0.129256487957604,0.000102238061323484
0.132846945956426,0.000102553776026676
0.136437403955249,0.00010281798110124
0.140027861954071,0.000103097004465849
0.143618319952893,0.00010337966874586
0.147208777951716,0.000103663656212638
0.150799235950538,0.000103946910376385
0.15438969394936,0.000104227202455343
0.157980151948183,0.000104501511329604
0.161570609947005,0.000104766495756057
0.165161067945827,0.000105015290335436
0.16875152594465,0.000105241493464204
0.172341983943472,0.000105433352135356
0.175932441942294,0.000105573564676389
0.179522899941117,0.000105633906494649
0.183113357939939,0.000105566034585268
0.186703815938761,0.000105278320280407
0.190294273937583,0.000104576549740541
0.193884731936406,0.000102957517664063
0.197475189935228,9.87003366660127e-05
0.20106564793405,9.44777925787177e-05
0.204656105932873,0.00014357766035302
0.208246563931695,0.00012414386401227
0.211837021930517,0.000120060032739261
0.21542747992934,0.000118565557706467
0.219017937928162,0.000117970737979096
0.222608395926984,0.000117796545780785
0.226198853925807,0.000117855108948767
0.229789311924629,0.000118058479512417
0.233379769923451,0.000118359533738904
0.236970227922274,0.000118731187479067
0.240560685921096,0.000119156331872744
0.244151143919918,0.000119623668992963
0.247741601918741,0.000120127095160762
0.251332059917563,0.000120660404137932
0.254922517916385,0.000121220546819279
0.258512975915208,0.000121804580082708
0.26210343391403,0.000122413410070158
0.265693891912852,0.000123037850496241
0.269284349911675,0.00012368525359235
0.272874807910497,0.000124352455363457
0.276465265909319,0.000125039097356649
0.280055723908142,0.000125745665676634
0.283646181906964,0.000126472711620292
0.287236639905786,0.000127221329881558
0.290827097904609,0.000127992863208309
0.294417555903431,0.000128791084651329
0.298008013902253,0.000129617275786417
0.301598471901076,0.000130477940189614
0.305188929899898,0.000131381225065847
0.30877938789872,0.000132339627055148
0.312369845897543,0.000133374937660726
0.315960303896365,0.000134526958931174
0.319550761895187,0.000135876767171363
0.32314121989401,0.000137620352548126
0.326731677892832,0.000140380262364651
0.330322135891654,0.000147763087180833
0.333912593890477,7.77336619058277e-05
0.337503051889299,0.00012893285540269
0.341093509888121,0.000133780889182951
0.344683967886944,0.000136140752513608
0.348274425885766,0.000137813812076081
0.351864883884588,0.000139206606747292
0.355455341883411,0.000140462187882095
0.359045799882233,0.000141643789887407
0.362636257881055,0.000142783721495681
0.366226715879878,0.000143900308121392
0.3698171738787,0.000145004636825441
0.373407631877522,0.000146103016400106
0.376998089876345,0.000147204051983916
0.380588547875167,0.000148306668106186
0.384179005873989,0.000149415430440959
0.387769463872812,0.000150532052571243
0.391359921871634,0.000151658218088351
0.394950379870456,0.000152794884998372
0.398540837869279,0.000153943298722801
0.402131295868101,0.000155104373832171
0.405721753866923,0.000156276858626465
0.409312211865746,0.000157465522008176
0.412902669864568,0.000158667934403118
0.41649312786339,0.00015988548133769
0.420083585862213,0.000161118339380194
0.423674043861035,0.000162367869475818
0.427264501859857,0.000163633002962651
0.43085495985868,0.000164915742659796
0.434445417857502,0.000166216420321083
0.438035875856324,0.000167535593274769
0.441626333855147,0.000168874271119464
0.445216791853969,0.000170233859639376
0.448807249852791,0.000171616795088105
0.452397707851614,0.000173027605461311
0.455988165850436,0.000174478466794324
0.459578623849258,0.000176015016582529
0.463169081848081,0.000178196744194866
0.466759539846903,0.000178112543826607
0.470349997845725,0.000179934887205089
0.473940455844548,0.000181524717064645
0.47753091384337,0.000183091336496582
0.481121371842192,0.000184664242470932
0.484711829841015,0.000186252159817273
0.488302287839837,0.000187859151330076
0.491892745838659,0.00018948714185433
0.495483203837482,0.000191137516411833
0.499073661836304,0.000192811239765483
0.502664119835126,0.000194509226138431
0.506254577833949,0.000196231608283663
0.509845035832771,0.000197980305559391
0.513435493831593,0.000199755000401609
0.517025951830416,0.000201556574752887
0.520616409829238,0.000203385665828421
0.52420686782806,0.000205242968304317
0.527797325826883,0.000207129032204966
0.531387783825705,0.000209044649397612
0.534978241824527,0.00021099117009605
0.53856869982335,0.000212966695768419
0.542159157822172,0.000214974957876395
0.545749615820994,0.000217015483877029
0.549340073819817,0.000219089063989738
0.552930531818639,0.000221196529837691
0.556520989817461,0.000223338445418262
0.560111447816284,0.000225516033324801
0.563701905815106,0.000227729995480426
0.567292363813928,0.000229981035788547
0.57088282181275,0.000232270245719675
0.574473279811573,0.000234598614920792
0.578063737810395,0.000236966964273472
0.581654195809218,0.000239376352318235
0.58524465380804,0.000241827884127365
0.588835111806862,0.000244322432628261
0.592425569805685,0.000246861473544884
0.596016027804507,0.000249446026131682
0.599606485803329,0.000252077097204988
0.603196943802151,0.000254756131487644
0.606787401800974,0.000257484327429977
0.610377859799796,0.000260263113018194
0.613968317798618,0.000263093807812043
0.617558775797441,0.000265977946024682
0.621149233796263,0.000268916882074585
0.624739691795085,0.000271912219454322
0.628330149793908,0.000274965780425922
0.63192060779273,0.000278078944616707
0.635511065791552,0.000281253673453971
0.639101523790375,0.000284491711827052
0.642691981789197,0.000287795118754227
0.646282439788019,0.000291165905102018
0.649872897786842,0.000294606313472176
0.653463355785664,0.000298118868408097
0.657053813784486,0.000301706741231699
0.660644271783309,0.000305375883474376
0.664234729782131,0.000309152157482598
0.667825187780953,0.000312768604136528
0.671415645779776,0.000316773307980004
0.675006103778598,0.000320775168727223
0.67859656177742,0.00032485726921698
0.682187019776243,0.000329028713565474
0.685777477775065,0.000333294090728023
0.689367935773887,0.00033765716315569
0.69295839377271,0.000342121638485004
0.696548851771532,0.000346691185984795
0.700139309770354,0.000351369800135254
0.703729767769177,0.000356161330364116
0.707320225767999,0.000361070159218326
0.710910683766821,0.000366100231614298
0.714501141765644,0.000371256441790932
0.718091599764466,0.000376543570084367
0.721682057763288,0.000381966710469308
0.725272515762111,0.000387531143266047
0.728862973760933,0.00039324202638402
0.732453431759755,0.000399105712823936
0.736043889758578,0.000405126641001721
0.7396343477574,0.000411321297354501
0.743224805756222,0.00041768047514087
0.746815263755045,0.000424220962494982
0.750405721753867,0.000430949299820187
0.753996179752689,0.00043787338711722
0.757586637751512,0.00044500193783384
0.761177095750334,0.00045234431721614
0.764767553749156,0.000459909912967912
0.768358011747979,0.000467709441424322
0.771948469746801,0.000475753717300429
0.775538927745623,0.000484054510861187
0.779129385744446,0.000492624300942942
0.782719843743268,0.000501476567982089
0.78631030174209,0.00051062532807126
0.789900759740913,0.000520085906629908
0.793491217739735,0.000529874490949603
0.797081675738557,0.00054000782686583
0.80067213373738,0.000550506756837126
0.804262591736202,0.000561388812966725
0.807853049735024,0.000572676545923719
0.811443507733847,0.000584393097213474
0.815033965732669,0.000596563251479281
0.818624423731491,0.00060921411167107
0.822214881730314,0.00062237471315345
0.825805339729136,0.000636076595813187
0.829395797727958,0.000650353814315641
0.832986255726781,0.00066524359043498
0.836576713725603,0.000680786264649905
0.840167171724425,0.000697025769502441
0.843757629723248,0.000714010093226081
0.84734808772207,0.000731791854608114
0.850938545720892,0.000750428704468746
0.854529003719715,0.000769983862385841
0.858119461718537,0.000790527088973793
0.861709919717359,0.000812134998032516
0.865300377716182,0.000834893425462972
0.868890835715004,0.000858885697838143
0.872481293713826,0.000884248826770924
0.876071751712649,0.000911068424358082
0.879662209711471,0.000939486504988359
0.883252667710293,0.000969650147710004
0.886843125709115,0.00100172578691402
0.890433583707938,0.00103590123957873
0.89402404170676,0.00107239011756917
0.897614499705583,0.00111143561212684
0.901204957704405,0.00115331645300925
0.904795415703227,0.00119835345932329
0.90838587370205,0.00124691761535024
0.911976331700872,0.00129944108335584
0.915566789699694,0.00135642796363958
0.919157247698516,0.00141847377160864
0.922747705697339,0.00148628335204417
0.926338163696161,0.00156069979888472
0.929928621694984,0.00164273837988517
0.933519079693806,0.00173363451677833
0.937109537692628,0.00183490502632717
0.940699995691451,0.00194843425443871
0.944290453690273,0.00207659256145547
0.947880911689095,0.00222240315394076
0.951471369687917,0.00238978426368187
0.95506182768674,0.0025839061659636
0.958652285685562,0.00281173600369377
0.962242743684384,0.0030828861691014
0.965833201683207,0.00341101890996506
0.969423659682029,0.00381620578009156
0.973014117680852,0.00432920313337787
0.976604575679674,0.00499964816318378
0.980195033678496,0.00591317357166923
0.983785491677318,0.00723126142295861
0.987375949676141,0.00929910940223811
0.990966407674963,0.013010735871112
0.994556865673785,0.0216191691143472
0.998147323672608,0.0635985598546017
1.00173778167143,0.0678622442827233
1.00532823967025,0.0221614943131125
1.00891869766907,0.0132556419162363
1.0125091556679,0.00946208081447362
1.01609961366672,0.00736051568437396
1.01969007166554,0.00602536017919623
1.02328052966436,0.00510201830602006
1.02687098766319,0.00442541406599127
1.03046144566201,0.00390830019853212
1.03405190366083,0.00350022687584882
1.03764236165965,0.0031699922314334
1.04123281965848,0.00289726100751864
1.0448232776573,0.0026682181578619
1.04841373565612,0.00247314094323867
1.05200419365494,0.00230499488811139
1.05559465165377,0.00215856230687594
1.05918510965259,0.00202989136198629
1.06277556765141,0.00191593455060148
1.06636602565023,0.00181430366209558
1.06995648364905,0.00172310081239782
1.07354694164788,0.00164079896653537
1.0771373996467,0.00156615489987712
1.08072785764552,0.001498147023025
1.08431831564434,0.0014359276478862
1.08790877364317,0.00137878731073547
1.09149923164199,0.00132612878484743
1.09508968964081,0.00127744324445374
1.09868014763963,0.00123229762293789
1.10227060563846,0.00119031939246634
1.10586106363728,0.001151185839315
1.1094515216361,0.00111461717755679
1.11304197963492,0.00108036892472309
1.11663243763374,0.00104822685764202
1.12022289563257,0.00101800241703829
1.12381335363139,0.000989528032658906
1.12740381163021,0.000962656988484516
1.13099426962903,0.000937259791700687
1.13458472762786,0.000913209145793375
1.13817518562668,0.000890409599316464
1.1417656436255,0.000868762883715996
1.14535610162432,0.000848183583791412
1.14894655962315,0.00082859456692644
1.15253701762197,0.000809925842844492
1.15612747562079,0.000792113957098002
1.15971793361961,0.000775101138637475
1.16330839161844,0.000758834644590862
1.16689884961726,0.000743266392620956
1.17048930761608,0.000728352352511768
1.1740797656149,0.000714051300481612
1.17767022361372,0.000700327216231352
1.18126068161255,0.000687145141613833
1.18485113961137,0.000674473696633521
1.18844159761019,0.000662283601518692
1.19203205560901,0.000650547909335057
1.19562251360784,0.000639241543736942
1.19921297160666,0.000628341422036516
1.20280342960548,0.000617825373985137
1.2063938876043,0.000607674516678378
1.20998434560313,0.000597869282230957
1.21357480360195,0.000588392313209583
1.21716526160077,0.00057922757811963
1.22075571959959,0.000570359797346632
1.22434617759841,0.000561774292370672
1.22793663559724,0.000553458279190511
1.23152709359606,0.000545399002154011
1.23511755159488,0.000537584709248248
1.2387080095937,0.000530004257194786
1.24229846759253,0.000522647457017937
1.24588892559135,0.000515504350471931
1.24947938359017,0.00050856573340691
1.25306984158899,0.000501822756077707
1.25666029958782,0.000495267670968111
1.26025075758664,0.00048889192364323
1.26384121558546,0.000482690509626753
1.26743167358428,0.000476652680414304
1.2710221315831,0.000470774282413861
1.27461258958193,0.000465048719882155
1.27820304758075,0.000459469967042087
1.28179350557957,0.000454032499307549
1.28538396357839,0.000448730938806833
1.28897442157722,0.000443560295807364
1.29256487957604,0.000438515407830038
1.29615533757486,0.000433592585714993
1.29974579557368,0.000428786541524611
1.30333625357251,0.000424093507127295
1.30692671157133,0.000419509595645903
1.31051716957015,0.000415031090784681
1.31410762756897,0.000410654458097123
1.3176980855678,0.000406376521332236
1.32128854356662,0.000402194488362813
1.32487900156544,0.000398106536854454
1.32846945956426,0.000394115171859653
1.33205991756308,0.000390283196938211
1.33565037556191,0.000386265506641551
1.33924083356073,0.000382549591808294
1.34283129155955,0.000378881847620708
1.34642174955837,0.000375284377925943
1.3500122075572,0.000371758174212023
1.35360266555602,0.000368302057144926
1.35719312355484,0.000364914259768107
1.36078358155366,0.000361592911199061
1.36437403955249,0.000358336109709634
1.36796449755131,0.000355142051488029
1.37155495555013,0.000352008856732095
1.37514541354895,0.000348935353241821
1.37873587154777,0.000345918957473279
1.3823263295466,0.000342958618343307
1.38591678754542,0.00034005278232974
1.38950724554424,0.000337199728281288
1.39309770354306,0.000334398196576984
1.39668816154189,0.000331646804887848
1.40027861954071,0.000328944041791667
1.40386907753953,0.000326288545820835
1.40745953553835,0.000323679610988764
1.41104999353718,0.000321115461766595
1.414640451536,0.000318595064349874
1.41823090953482,0.000316117327245251
1.42182136753364,0.000313681254434989
1.42541182553247,0.000311285721006328
1.42900228353129,0.000308929754032241
1.43259274153011,0.000306612220519834
1.43618319952893,0.000304332394193057
1.43977365752775,0.0003020891846568
1.44336411552658,0.000299881780656176
1.4469545735254,0.000297709228233583
1.45054503152422,0.000295570835212289
1.45413548952304,0.000293465694627357
1.45772594752187,0.000291393056675429
1.46131640552069,0.000289351997654802
1.46490686351951,0.00028734392705043
1.46849732151833,0.000285363011112467
1.47208777951716,0.000283412945700275
1.47567823751598,0.000281491865936949
1.4792686955148,0.000279599141933947
1.48285915351362,0.000277734019413436
1.48644961151244,0.000275895980436401
1.49004006951127,0.000274084406995323
1.49363052751009,0.000272299073576678
1.49722098550891,0.000270537870286299
1.50081144350773,0.000268802281623129
1.50440190150656,0.000267090921874792
1.50799235950538,0.000265403075963919
1.5115828175042,0.000263738445371775
1.51517327550302,0.000262096386099803
1.51876373350185,0.000260476393155651
1.52235419150067,0.000258877799703868
1.52594464949949,0.000257299685545474
1.52953510749831,0.000255739854830671
1.53312556549713,0.000254186585407969
1.53671602349596,0.000252767997488874
1.54030648149478,0.000251224965872516
1.5438969394936,0.000249743041941255
1.54748739749242,0.000248283740916397
1.55107785549125,0.000246844550974161
1.55466831349007,0.000245424165280706
1.55825877148889,0.000244021773442591
1.56184922948771,0.000242637302334637
1.56543968748654,0.000241270098487599
1.56903014548536,0.000239919933001008
1.57262060348418,0.000238586219939961
1.576211061483,0.000237268780375946
1.57980151948183,0.000235967741416732
1.58339197748065,0.000234682224852148
1.58698243547947,0.000233411943332892
1.59057289347829,0.000232157029205091
1.59416335147711,0.00023091695207262
1.59775380947594,0.000229691486856559
1.60134426747476,0.00022848040442301
1.60493472547358,0.000227283485779415
1.6085251834724,0.000226100487703332
1.61211564147123,0.000224931162251903
1.61570609947005,0.000223775305465346
1.61929655746887,0.000222632815055999
1.62288701546769,0.000221503316388568
1.62647747346652,0.000220388242104267
1.63006793146534,0.000219283775503697
1.63365838946416,0.000218192935571479
1.63724884746298,0.000217115244992857
1.6408393054618,0.000216050373065217
1.64442976346063,0.000214998896301992
1.64802022145945,0.000213961640052234
1.65161067945827,0.000212940295637308
1.65520113745709,0.000211939314846258
1.65879159545592,0.000210970514693702
1.66238205345474,0.000210090073111934
1.66597251145356,0.000210489882482684
1.66956296945238,0.000207447642133223
1.67315342745121,0.000206695464118079
1.67674388545003,0.00020579629252655
1.68033434344885,0.000204873889812554
1.68392480144767,0.000203948605170189
1.6875152594465,0.000203026870902593
1.69110571744532,0.000202111119970278
1.69469617544414,0.000201202595198393
1.69828663344296,0.000200301817006794
1.70187709144178,0.00019940898845031
1.70546754944061,0.000198524125506209
1.70905800743943,0.000197648680081579
1.71264846543825,0.000196780143013036
1.71623892343707,0.000195919967555576
1.7198293814359,0.000195068073196427
1.72341983943472,0.00019422417873054
1.72701029743354,0.000193388158168523
1.73060075543236,0.000192560011515219
1.73419121343119,0.000191739581461935
1.73778167143001,0.000190927044660618
1.74137212942883,0.000190121739034816
1.74496258742765,0.000189324095970246
1.74855304542647,0.000188533604529619
1.7521435034253,0.000187750798104046
1.75573396142412,0.000186975514857031
1.75932441942294,0.000186205791523711
1.76291487742176,0.000185444327770985
1.76650533542059,0.000184689807049654
1.77009579341941,0.000183942119804554
1.77368625141823,0.000183201335839607
1.77727670941705,0.000182467566715578
1.78086716741588,0.000181741014812369
1.7844576254147,0.000181021992296324
1.78804808341352,0.00018031187715641
1.79163854141234,0.000179614484538038
1.79522899941117,0.000178958937434952
1.79881945740999,0.000177977445122818
1.80240991540881,0.000177442434835394
1.80600037340763,0.000176776571421751
1.80959083140645,0.000176104610353675
1.81318128940528,0.000175434786169353
1.8167717474041,0.000174769030184298
1.82036220540292,0.000174108121473663
1.82395266340174,0.000173452272051437
1.82754312140057,0.000172801654248559
1.83113357939939,0.000172156173517606
1.83472403739821,0.00017151584211213
1.83831449539703,0.000170880606905439
1.84190495339586,0.000170250759004387
1.84549541139468,0.000169625825008649
1.8490858693935,0.000169005952801368
1.85267632739232,0.000168391028091568
1.85626678539114,0.000167781066638001
1.85985724338997,0.00016717589568794
1.86344770138879,0.000166575741299128
1.86703815938761,0.000165980623012713
1.87062861738643,0.000165388314924752
1.87421907538526,0.000164802548133239
1.87780953338408,0.000164220980513376
1.8813999913829,0.000163643825227056
1.88499044938172,0.000163071251966562
1.88858090738055,0.000162502852046848
1.89217136537937,0.000161939176568423
1.89576182337819,0.00016137971528071
1.89935228137701,0.000160824422775627
1.90294273937583,0.000160273367670699
1.90653319737466,0.000159726613678126
1.91012365537348,0.000159183765282856
1.9137141133723,0.00015864513432612
1.91730457137112,0.000158110602812081
1.92089502936995,0.000157579627484293
1.92448548736877,0.000157053177959236
1.92807594536759,0.000156530688033464
1.93166640336641,0.000156011240325735
1.93525686136524,0.000155496177577695
1.93884731936406,0.000154984774188123
1.94243777736288,0.000154477116681692
1.9460282353617,0.00015397311003402
1.94961869336053,0.000153472817455845
1.95320915135935,0.0001529759893871
1.95679960935817,0.000152482753095657
1.96039006735699,0.000151993329958437
1.96398052535581,0.000151506927487428
1.96757098335464,0.0001510241390525
1.97116144135346,0.000150544760020812
1.97475189935228,0.000150068780373156
1.9783423573511,0.000149596076426321
1.98193281534993,0.000149126687463315
1.98552327334875,0.000148660517267939
1.98911373134757,0.000148197524571898
1.99270418934639,0.00014773766745538
1.99629464734522,0.000147280521546107
1.99988510534404,0.000146785485390188
2.00347556334286,0.000146379429726224
2.00706602134168,0.000145931459476801
2.01065647934051,0.000145486916395439
2.01424693733933,0.000145045566847675
2.01783739533815,0.000144607263217931
2.02142785333697,0.00014417185385546
2.02501831133579,0.000143739360758878
2.02860876933462,0.000143309689607844
2.03219922733344,0.000142883097170412
2.03578968533226,0.000142459141741182
2.03938014333108,0.000142038063625537
2.04297060132991,0.000141619579482746
2.04656105932873,0.000141203910328459
2.05015151732755,0.000140790919069536
2.05374197532637,0.000140380725596296
2.05733243332519,0.000139973097795547
2.06092289132402,0.000139568195441253
2.06451334932284,0.000139165724990941
2.06810380732166,0.000138766063296145
2.07169426532048,0.000138366250184654
2.07528472331931,0.000137973257124805
2.07887518131813,0.000137581022463268
2.08246563931695,0.000137191386259486
2.08605609731577,0.000136803994581935
2.0896465553146,0.000136419123478326
2.09323701331342,0.000136036585258609
2.09682747131224,0.000135656320892515
2.10041792931106,0.000135278549823288
2.10400838730989,0.000134903059610243
2.10759884530871,0.000134529823679249
2.11118930330753,0.000134158871441561
2.11477976130635,0.000133790295445478
2.11837021930517,0.000133423873291956
2.121960677304,0.000133059821022599
2.12555113530282,0.000132697656569921
2.12914159330164,0.000132337643484724
2.13273205130046,0.000131980987643218
2.13632250929929,0.00013162514324009
2.13991296729811,0.000131271682122985
2.14350342529693,0.00013092044376742
2.14709388329575,0.000130571226248554
2.15068434129458,0.000130224124568448
2.1542747992934,0.000129879055555258
2.15786525729222,0.000129536037924056
2.16145571529104,0.000129194513335758
2.16504617328986,0.000128855945021372
2.16863663128869,0.000128518878170772
2.17222708928751,0.000128183811414046
2.17581754728633,0.000127850565531726
2.17940800528515,0.000127519335158091
2.18299846328398,0.000127189923858181
2.1865889212828,0.000126862418364342
2.19017937928162,0.000126536671190532
2.19376983728044,0.000126212331970968
2.19736029527927,0.000125889595601336
2.20095075327809,0.000125562033028301
2.20454121127691,0.00012525981442025
2.20813166927573,0.000124940107060027
2.21172212727456,0.000124624480119374
2.21531258527338,0.000124311494492032
2.2189030432722,0.000124000288716848
2.22249350127102,0.000123690898470703
2.22608395926984,0.000123383358993021
2.22967441726867,0.000123077550993087
2.23326487526749,0.000122773460696388
2.23685533326631,0.000122471042633833
2.24044579126513,0.000122170404274605
2.24403624926396,0.000121871667741253
2.24762670726278,0.000121574268768856
2.2512171652616,0.00012127841279062
2.25480762326042,0.000120984881819161
2.25839808125925,0.000120692671951161
2.26198853925807,0.000120402207524392
2.26557899725689,0.000120113375163562
2.26916945525571,0.000119826317488104
2.27275991325454,0.000119540912460074
2.27635037125336,0.000119257334062335
2.27994082925218,0.000118975528629831
2.283531287251,0.000118695792981303
2.28712174524982,0.000118417644442125
2.29071220324865,0.000118142641057993
2.29430266124747,0.00011786504412335
2.29789311924629,0.000117594441225488
2.30148357724511,0.000117325474306139
2.30507403524394,0.000117059301874404
2.30866449324276,0.000116796707573382
2.31225495124158,0.000116538990153798
2.3158454092404,0.000116287968623728
2.31943586723923,0.000116048185299837
2.32302632523805,0.000115829478712007
2.32661678323687,0.000115664198552887
2.33020724123569,0.000115730152882582
2.33379769923451,0.000110710850179505
2.33738815723334,0.000114112043742661
2.34097861523216,0.000114074987291853
2.34456907323098,0.000113896728308252
2.3481595312298,0.000113680490075295
2.35174998922863,0.000113449402304678
2.35534044722745,0.00011321127694847
2.35893090522627,0.000112969620640682
2.36252136322509,0.000112726212972186
2.36611182122392,0.000112481900362339
2.36970227922274,0.000112237605323995
2.37329273722156,0.000111993637391254
2.37688319522038,0.000111749551290888
2.38047365321921,0.000111506357185258
2.38406411121803,0.000111263921020469
2.38765456921685,0.000111022235647855
2.39124502721567,0.000110781420787985
2.39483548521449,0.000110541505360236
2.39842594321332,0.000110302569217082
2.40201640121214,0.000110064599583882
2.40560685921096,0.000109827589630761
2.40919731720978,0.000109591537287844
2.41278777520861,0.000109356526909419
2.41637823320743,0.000109122672164492
2.41996869120625,0.000108889671551303
2.42355914920507,0.000108656832656716
2.4271496072039,0.000108426832955893
2.43074006520272,0.000108197012200704
2.43433052320154,0.00010796800035964
2.43792098120036,0.000107740172813571
2.44151143919918,0.000107513302723845
2.44510189719801,0.000107287544073501
2.44869235519683,0.000107062662080876
2.45228281319565,0.000106838686264889
2.45587327119447,0.000106615839200319
2.4594637291933,0.000106393343680849
2.46305418719212,0.000106168820664421
2.46664464519094,0.000105957484104338
2.47023510318976,0.000105736622316053
2.47382556118859,0.000105518246889805
2.47741601918741,0.00010530119656168
2.48100647718623,0.000105085139069366
2.48459693518505,0.000104870125486167
2.48818739318387,0.000104656062491001
2.4917778511827,0.000104442974692799
2.49536830918152,0.000104230725257386
2.49895876718034,0.000104019594252562
2.50254922517916,0.000103809319262467
2.50613968317799,0.000103600152114102
2.50973014117681,0.000103391590608415
2.51332059917563,0.00010318409551197
2.51691105717445,0.000102977433282511
2.52050151517328,0.000102771746415036
2.5240919731721,0.000102566861947683
2.52768243117092,0.000102363001012641
2.53127288916974,0.000102159912276898
2.53486334716857,0.000101957353164122
2.53845380516739,0.000101756716436264
2.54204426316621,0.000101556247244634
2.54563472116503,0.000101356814233974
2.54922517916385,0.000101157849134251
2.55281563716268,0.000100959918068978
2.5564060951615,0.000100763093936714
2.55999655316032,0.000100566871984236
2.56358701115914,0.000100371472616614
2.56717746915797,0.000100176898101569
2.57076792715679,9.99832973794143e-05
2.57435838515561,9.97902658469759e-05
2.57794884315443,9.95982994566953e-05
2.58153930115326,9.94070547492791e-05
2.58512975915208,9.92165431106936e-05
2.5887202171509,9.90269539845926e-05
2.59231067514972,9.8838054253238e-05
2.59590113314854,9.86505267033331e-05
2.59949159114737,9.84627505739684e-05
2.60308204914619,9.82762076925276e-05
2.60667250714501,9.80903926838973e-05
2.61026296514383,9.79054439865711e-05
2.61385342314266,9.77212465187326e-05
2.61744388114148,9.75376983750889e-05
2.6210343391403,9.73550665906455e-05
2.62462479713912,9.71733508847224e-05
2.62821525513795,9.69914824713288e-05
2.63180571313677,9.68112360929022e-05
2.63539617113559,9.66316011566858e-05
2.63898662913441,9.6452542259045e-05
2.64257708713324,9.62743058619217e-05
2.64616754513206,9.60967842878938e-05
2.64975800313088,9.592001757159e-05
2.6533484611297,9.57440198697103e-05
2.65693891912852,9.55689336882173e-05
2.66052937712735,9.53948275719424e-05
2.66411983512617,9.52236614745457e-05
2.66771029312499,9.50330706551566e-05
2.67130075112381,9.48698128969301e-05
2.67489120912264,9.4698971456887e-05
2.67848166712146,9.45280842340516e-05
2.68207212512028,9.43576945000941e-05
2.6856625831191,9.41878282797128e-05
2.68925304111792,9.40186007116077e-05
2.69284349911675,9.38500115855639e-05
2.69643395711557,9.36821602228075e-05
2.70002441511439,9.35147404782255e-05
2.70361487311321,9.33480887538968e-05
2.70720533111204,9.31818678858668e-05
2.71079578911086,9.30165599040916e-05
2.71438624710968,9.28517705186108e-05
2.7179767051085,9.26877104916021e-05
2.72156716310733,9.2524135155377e-05
2.72515762110615,9.23612850677733e-05
2.72874807910497,9.21989492206981e-05
2.73233853710379,9.20373783244314e-05
2.73592899510262,9.18764061704632e-05
2.73951945310144,9.17157953121038e-05
2.74310991110026,9.15560322732845e-05
2.74670036909908,9.13968361947969e-05
2.7502908270979,9.12381904300793e-05
2.75388128509673,9.10801877894943e-05
2.75747174309555,9.09227041505392e-05
2.76106220109437,9.0765866624445e-05
2.76465265909319,9.06096705852847e-05
2.76824311709202,9.04539604730702e-05
2.77183357509084,9.02988423786887e-05
2.77542403308966,9.01443372973293e-05
2.77901449108848,8.99904367097073e-05
2.78260494908731,8.98370266614613e-05
2.78619540708613,8.96843854254365e-05
2.78978586508495,8.95318134590105e-05
2.79337632308377,8.93800753053167e-05
2.7969667810826,8.92286541885055e-05
2.80055723908142,8.90786383487738e-05
2.80414769708024,8.89285376891554e-05
2.80773815507906,8.87789758857778e-05
2.81132861307788,8.86299366876508e-05
2.81491907107671,8.84815210513588e-05
2.81850952907553,8.8333630959879e-05
2.82209998707435,8.81861315691173e-05
2.82569044507317,8.80390029244045e-05
2.829280903072,8.78940229326457e-05
2.83287136107082,8.77475838195038e-05
2.83646181906964,8.76021766054074e-05
2.84005227706846,8.74573651346587e-05
2.84364273506729,8.73131167740182e-05
2.84723319306611,8.71693427459677e-05
2.85082365106493,8.70260773666168e-05
2.85441410906375,8.68832960411137e-05
2.85800456706257,8.67409318808537e-05
2.8615950250614,8.65993348921185e-05
2.86518548306022,8.64577663968741e-05
2.86877594105904,8.63045356498997e-05
2.87236639905786,8.61774389705514e-05
2.87595685705669,8.60374356833633e-05
2.87954731505551,8.58978776528648e-05
2.88313777305433,8.57590169678704e-05
2.88672823105315,8.56205499976463e-05
2.89031868905198,8.54826438388256e-05
2.8939091470508,8.53450566512033e-05
2.89749960504962,8.52079584244471e-05
2.90109006304844,8.50712190263797e-05
2.90468052104727,8.49351463142359e-05
2.90827097904609,8.47993073199071e-05
2.91186143704491,8.4663988918967e-05
2.91545189504373,8.45290590249769e-05
2.91904235304255,8.43945708615419e-05
2.92263281104138,8.42603757705238e-05
2.9262232690402,8.41265863142576e-05
2.92981372703902,8.39932259167157e-05
2.93340418503784,8.38601962321902e-05
2.93699464303667,8.37274427331772e-05
2.94058510103549,8.35950574115663e-05
2.94417555903431,8.3462874193868e-05
2.94776601703313,8.33309487652996e-05
2.95135647503196,8.31993265728218e-05
2.95494693303078,8.3067472813014e-05
2.9585373910296,8.29336805095551e-05
2.96212784902842,8.28053683132926e-05
2.96571830702724,8.26732528176064e-05
2.96930876502607,8.2540798160666e-05
2.97289922302489,8.24077252283906e-05
2.97648968102371,8.22732880284443e-05
2.98008013902253,8.21364444388223e-05
2.98367059702136,8.19955022284653e-05
2.98726105502018,8.18464594491099e-05
2.990851513019,8.1679453399415e-05
2.99444197101782,8.14584021234125e-05
2.99803242901665,8.08869210000011e-05
3.00162288701547,8.22973972032014e-05
3.00521334501429,8.15940338850806e-05
3.00880380301311,8.13640571131483e-05
3.01239426101194,8.11966413576573e-05
3.01598471901076,8.10496816088905e-05
3.01957517700958,8.09121887908801e-05
3.0231656350084,8.07799873361959e-05
3.02675609300722,8.06510154491416e-05
3.03034655100605,8.05243271045994e-05
3.03393700900487,8.03993781219987e-05
3.03752746700369,8.0275685452091e-05
3.04111792500251,8.0152414157275e-05
3.04470838300134,8.00311743321808e-05
3.04829884100016,7.99103172407227e-05
3.05188929899898,7.97898002860357e-05
3.0554797569978,7.96702030017869e-05
3.05907021499663,7.9551049359924e-05
3.06266067299545,7.94325876632537e-05
3.06625113099427,7.93145952893371e-05
3.06984158899309,7.91969928804092e-05
3.07343204699191,7.90799356881784e-05
3.07702250499074,7.89632768432244e-05
3.08061296298956,7.88465387297205e-05
3.08420342098838,7.87318538866076e-05
3.0877938789872,7.86162014016608e-05
3.09138433698603,7.85023063867768e-05
3.09497479498485,7.83872886041361e-05
3.09856525298367,7.82730346946795e-05
3.10215571098249,7.81594219968349e-05
3.10574616898132,7.80461198209709e-05
3.10933662698014,7.79332375280449e-05
3.11292708497896,7.78206619419093e-05
3.11651754297778,7.77084343382602e-05
3.1201080009766,7.75968078895093e-05
3.12369845897543,7.74850047149604e-05
3.12728891697425,7.73741635072363e-05
3.13087937497307,7.72656666354592e-05
3.13446983297189,7.71528475474712e-05
3.13806029097072,7.70429555517654e-05
3.14165074896954,7.69333329454205e-05
3.14524120696836,7.68239873694984e-05
3.14883166496718,7.67150700477039e-05
3.15242212296601,7.66064520052921e-05
3.15601258096483,7.64982025306976e-05
3.15960303896365,7.63901725830949e-05
3.16319349696247,7.62828147234559e-05
3.1667839549613,7.61754180161588e-05
3.17037441296012,7.60684607239211e-05
3.17396487095894,7.59619886061853e-05
3.17755532895776,7.58556417515567e-05
3.18114578695658,7.57497254524948e-05
3.18473624495541,7.56440622265224e-05
3.18832670295423,7.55387337016834e-05
3.19191716095305,7.54338024428253e-05
3.19550761895187,7.5329072657124e-05
3.1990980769507,7.52247477688837e-05
3.20268853494952,7.51208799217869e-05
3.20627899294834,7.50169811468688e-05
3.20986945094716,7.49135705090451e-05
3.21345990894599,7.48105719771286e-05
3.21705036694481,7.47077144760062e-05
3.22064082494363,7.460538599741e-05
3.22423128294245,7.45029852439245e-05
3.22782174094128,7.44011155438879e-05
3.2314121989401,7.42995614541618e-05
3.23500265693892,7.41983601743251e-05
3.23859311493774,7.4097311542739e-05
3.24218357293656,7.39967587596155e-05
3.24577403093539,7.38963122044633e-05
3.24936448893421,7.37962265907708e-05
3.25295494693303,7.36963643718543e-05
3.25654540493185,7.35969545822305e-05
3.26013586293068,7.3497666872927e-05
3.2637263209295,7.33989750185319e-05
3.26731677892832,7.33002527777708e-05
3.27090723692714,7.32018783110334e-05
3.27449769492596,7.31037957108465e-05
3.27808815292479,7.30060198388441e-05
3.28167861092361,7.29085141196249e-05
3.28526906892243,7.28112433754791e-05
3.28885952692125,7.27142942962985e-05
3.29244998492008,7.26172906860083e-05
3.2960404429189,7.25212092439662e-05
3.29963090091772,7.24250527964793e-05
3.30322135891654,7.23291140313068e-05
3.30681181691537,7.22334546416759e-05
3.31040227491419,7.2138064574391e-05
3.31399273291301,7.20428114048971e-05
3.31758319091183,7.19477597826383e-05
3.32117364891066,7.18527612054292e-05
3.32476410690948,7.17576362922476e-05
3.3283545649083,7.1661291355842e-05
3.33194502290712,7.15524684455979e-05
3.33553548090594,7.1493279809069e-05
3.33912593890477,7.13920259093228e-05
3.34271639690359,7.12971520825184e-05
3.34630685490241,7.12038342757628e-05
3.34989731290123,7.11109739978217e-05
3.35348777090006,7.10186201310602e-05
3.35707822889888,7.09265831258762e-05
3.3606686868977,7.08349107106112e-05
3.36425914489652,7.07432341963349e-05
3.36784960289535,7.06522318856821e-05
3.37144006089417,7.05612535273995e-05
3.37503051889299,7.04708956195458e-05
3.37862097689181,7.03804899895049e-05
3.38221143489063,7.02904500994121e-05
3.38580189288946,7.02005624214278e-05
3.38939235088828,7.01110233424866e-05
3.3929828088871,7.00216936626235e-05
3.39657326688592,6.99326950719529e-05
3.40016372488475,6.98438594355662e-05
3.40375418288357,6.97550990972729e-05
3.40734464088239,6.9666981279908e-05
3.41093509888121,6.95789031177568e-05
3.41452555688004,6.94910024259118e-05
3.41811601487886,6.94033923214211e-05
3.42170647287768,6.93160080193757e-05
3.4252969308765,6.92290121573942e-05
3.42888738887533,6.91421392082223e-05
3.43247784687415,6.90554547059341e-05
3.43606830487297,6.89690282855287e-05
3.43965876287179,6.88829458659827e-05
3.44324922087061,6.87970264348506e-05
3.44683967886944,6.87113073913886e-05
3.45043013686826,6.86258455122644e-05
3.45402059486708,6.85405739293499e-05
3.4576110528659,6.8455661649157e-05
3.46120151086473,6.83708733551185e-05
3.46479196886355,6.8287274635397e-05
3.46838242686237,6.82022201197197e-05
3.47197288486119,6.81181029930486e-05
3.47556334286002,6.80342695979446e-05
3.47915380085884,6.79506942334736e-05
3.48274425885766,6.78673470044596e-05
3.48633471685648,6.77842767188268e-05
3.48992517485531,6.77014110223541e-05
3.49351563285413,6.76195152519599e-05
3.49710609085295,6.75355375157655e-05
3.50069654885177,6.74535960572891e-05
3.50428700685059,6.73717776443485e-05
3.50787746484942,6.72899894610477e-05
3.51146792284824,6.72085088453838e-05
3.51505838084706,6.71272822185163e-05
3.51864883884588,6.70461605844069e-05
3.52223929684471,6.69654449379754e-05
3.52582975484353,6.68851518115411e-05
3.52942021284235,6.68052482269228e-05
3.53301067084117,6.67274254420128e-05
3.53660112884,6.66333299782714e-05
3.54019158683882,6.65612889478988e-05
3.54378204483764,6.64824218930025e-05
3.54737250283646,6.6403796804228e-05
3.55096296083528,6.63249395289747e-05
3.55455341883411,6.62462442159277e-05
3.55814387683293,6.61676781449855e-05
3.56173433483175,6.60893398546967e-05
3.56532479283057,6.60112498448317e-05
3.5689152508294,6.59334297343996e-05
3.57250570882822,6.58557312716468e-05
3.57609616682704,6.57783697380042e-05
3.57968662482586,6.57012934815486e-05
3.58327708282469,6.56245242071579e-05
3.58686754082351,6.55477020910518e-05
3.59045799882233,6.54714066388331e-05
3.59404845682115,6.53953547170455e-05
3.59763891481997,6.5319650076213e-05
3.6012293728188,6.52442316521306e-05
3.60481983081762,6.5169212743574e-05
3.60841028881644,6.50945010878413e-05
3.61200074681526,6.5020218885526e-05
3.61559120481409,6.49463771849339e-05
3.61918166281291,6.48730480303156e-05
3.62277212081173,6.48001870230611e-05
3.62636257881055,6.47302889605474e-05
3.62995303680938,6.46575795416043e-05
3.6335434948082,6.4587254304101e-05
3.63713395280702,6.45187443550626e-05
3.64072441080584,6.44519698454182e-05
3.64431486880467,6.43878672525086e-05
3.64790532680349,6.43280410142884e-05
3.65149578480231,6.4275060528382e-05
3.65508624280113,6.42355459559864e-05
3.65867670079995,6.42268089907059e-05
3.66226715879878,6.43256886223703e-05
3.6658576167976,6.59674278953956e-05
3.66944807479642,6.31936413884326e-05
3.67303853279524,6.34597872323834e-05
3.67662899079407,6.3481794862152e-05
3.68021944879289,6.34538213136698e-05
3.68380990679171,6.3407268752177e-05
3.68740036479053,6.33519067325482e-05
3.69099082278936,6.32917186863098e-05
3.69458128078818,6.32286573463612e-05
3.698171738787,6.31637721197596e-05
3.70176219678582,6.30975366449586e-05
3.70535265478464,6.30305567739499e-05
3.70894311278347,6.29626845490782e-05
3.71253357078229,6.28948519072072e-05
3.71612402878111,6.28266919794756e-05
3.71971448677993,6.27581674817573e-05
3.72330494477876,6.26895801215605e-05
3.72689540277758,6.26209698503371e-05
3.7304858607764,6.25522744972191e-05
3.73407631877522,6.24835833056215e-05
3.73766677677405,6.2414963840097e-05
3.74125723477287,6.23463195790824e-05
3.74484769277169,6.22778381658869e-05
3.74843815077051,6.22090762300025e-05
3.75202860876934,6.21410636817936e-05
3.75561906676816,6.20734448090843e-05
3.75920952476698,6.20038343291131e-05
3.7627999827658,6.19360225527261e-05
3.76639044076462,6.18681798401813e-05
3.76998089876345,6.18003525034844e-05
3.77357135676227,6.17326663198703e-05
3.77716181476109,6.16649961356967e-05
3.78075227275991,6.159763745758e-05
3.78434273075874,6.15303006561867e-05
3.78793318875756,6.14631944472205e-05
3.79152364675638,6.13960787626353e-05
3.7951141047552,6.13295716003123e-05
3.79870456275403,6.12597458677131e-05
3.80229502075285,6.11949197698777e-05
3.80588547875167,6.11285516881711e-05
3.80947593675049,6.10622654679027e-05
3.81306639474931,6.09960460935034e-05
3.81665685274814,6.0929943716719e-05
3.82024731074696,6.08639987283247e-05
3.82383776874578,6.07981609651699e-05
3.8274282267446,6.07325484299886e-05
3.83101868474343,6.06669364813933e-05
3.83460914274225,6.06015061467277e-05
3.83819960074107,6.05362556741476e-05
3.84179005873989,6.04711125810958e-05
3.84538051673872,6.04061372588407e-05
3.84897097473754,6.03412606902717e-05
3.85256143273636,6.02765618367825e-05
3.85615189073518,6.02120883878258e-05
3.85974234873401,6.01475619220792e-05
3.86333280673283,6.00833306057443e-05
3.86692326473165,6.00191752443032e-05
3.87051372273047,5.99553325585565e-05
3.87410418072929,5.98914396997881e-05
3.87769463872812,5.98278413133675e-05
3.88128509672694,5.97637735540755e-05
3.88487555472576,5.97005366050913e-05
3.88846601272458,5.96372839555857e-05
3.89205647072341,5.95740688154857e-05
3.89564692872223,5.95111268206871e-05
3.89923738672105,5.94482726440086e-05
3.90282784471987,5.93854564595869e-05
3.9064183027187,5.93229906101774e-05
3.91000876071752,5.92603415590925e-05
3.91359921871634,5.91980611900214e-05
3.91718967671516,5.91359116896121e-05
3.92078013471399,5.90737164457634e-05
3.92437059271281,5.90119498260544e-05
3.92796105071163,5.89504183159205e-05
3.93155150871045,5.88883272018218e-05
3.93514196670927,5.88268785704188e-05
3.9387324247081,5.8765488267025e-05
3.94232288270692,5.87042601765956e-05
3.94591334070574,5.86431340055808e-05
3.94950379870456,5.85822070063275e-05
3.95309425670339,5.85212929569303e-05
3.95668471470221,5.8460515724103e-05
3.96027517270103,5.84005127746677e-05
3.96386563069985,5.83397506655895e-05
3.96745608869867,5.82793810123223e-05
3.9710465466975,5.82192666417303e-05
3.97463700469632,5.81592245528863e-05
3.97822746269514,5.8099327775316e-05
3.98181792069396,5.80396170699246e-05
3.98540837869279,5.79800428692503e-05
3.98899883669161,5.79206362137718e-05
3.99258929469043,5.78615548024834e-05
3.99617975268925,5.7803230734429e-05
3.99977021068808,5.77751307826213e-05
4.0033606686869,5.76808112607862e-05
4.00695112668572,5.76230491436706e-05
4.01054158468454,5.75646360460288e-05
4.01413204268337,5.75061435613348e-05
4.01772250068219,5.74477772558886e-05
4.02131295868101,5.7389415182705e-05
4.02490341667983,5.73311737184462e-05
4.02849387467865,5.72729492031408e-05
4.03208433267748,5.72152480302864e-05
4.0356747906763,5.71572881965836e-05
4.03926524867512,5.70995056957675e-05
4.04285570667394,5.70419026755616e-05
4.04644616467277,5.69843046397276e-05
4.05003662267159,5.69268166524332e-05
4.05362708067041,5.68697374949333e-05
4.05721753866923,5.68125023798934e-05
4.06080799666806,5.67555148460433e-05
4.06439845466688,5.66985523258935e-05
4.0679889126657,5.66417727517019e-05
4.07157937066452,5.65849585437657e-05
4.07516982866334,5.65285023896796e-05
4.07876028666217,5.64720995281264e-05
4.08235074466099,5.64157690663363e-05
4.08594120265981,5.63595200582116e-05
4.08953166065863,5.63035005737117e-05
4.09312211865746,5.6247463177577e-05
4.09671257665628,5.61915654606535e-05
4.1003030346551,5.61358590643295e-05
4.10389349265392,5.60802650535679e-05
4.10748395065275,5.60247294555173e-05
4.11107440865157,5.59693196221929e-05
4.11466486665039,5.59140806379898e-05
4.11825532464921,5.58588908156366e-05
4.12184578264803,5.58040425974049e-05
4.12543624064686,5.57490662574999e-05
4.12902669864568,5.56945419304548e-05
4.1326171566445,5.56389890594965e-05
4.13620761464332,5.55846879918813e-05
4.13979807264215,5.55302333189605e-05
4.14338853064097,5.54759350388311e-05
4.14697898863979,5.54216773510201e-05
4.15056944663861,5.53675134607214e-05
4.15415990463744,5.53134250445641e-05
4.15775036263626,5.52595421916316e-05
4.16134082063508,5.52049037956242e-05
4.1649312786339,5.51520500533651e-05
4.16852173663272,5.50983641974869e-05
4.17211219463155,5.50450375337204e-05
4.17570265263037,5.49915145751152e-05
4.17929311062919,5.49382911513756e-05
4.18288356862801,5.48850262105396e-05
4.18647402662684,5.48319309933474e-05
4.19006448462566,5.47789419410703e-05
4.19365494262448,5.47257147829499e-05
4.1972454006233,5.46725619954399e-05
4.20083585862213,5.46165830045995e-05
4.20442631662095,5.457175583232e-05
4.20801677461977,5.45175346536586e-05
4.21160723261859,5.44646047910271e-05
4.21519769061742,5.44123810312032e-05
4.21878814861624,5.43602039432816e-05
4.22237860661506,5.43081829949979e-05
4.22596906461388,5.42562240935348e-05
4.22955952261271,5.42044896467319e-05
4.23314998061153,5.41528315641189e-05
4.23674043861035,5.41011683615579e-05
4.24033089660917,5.40497453503556e-05
4.24392135460799,5.39982608926771e-05
4.24751181260682,5.39470892584723e-05
4.25110227060564,5.38960079853753e-05
4.25469272860446,5.38447995147743e-05
4.25828318660328,5.37939075082115e-05
4.26187364460211,5.37430818336325e-05
4.26546410260093,5.36923416657484e-05
4.26905456059975,5.36417115401258e-05
4.27264501859857,5.35911775832512e-05
4.2762354765974,5.35407608077574e-05
4.27982593459622,5.34904748130102e-05
4.28341639259504,5.34404012426165e-05
4.28700685059386,5.33904631251509e-05
4.29059730859268,5.33418122108834e-05
4.29418776659151,5.32872584006104e-05
4.29777822459033,5.32390152256997e-05
4.30136868258915,5.31894715770631e-05
4.30495914058797,5.31399129312224e-05
4.3085495985868,5.3090288248389e-05
4.31214005658562,5.30408022993878e-05
4.31573051458444,5.29912285681604e-05
4.31932097258326,5.29416836284897e-05
4.32291143058209,5.28920291423375e-05
4.32650188858091,5.28416808708686e-05
4.33009234657973,5.27891666423133e-05
4.33368280457855,5.28234313782726e-05
4.33727326257737,5.27043930746536e-05
4.3408637205762,5.26528317202008e-05
4.34445417857502,5.26033884015612e-05
4.34804463657384,5.25543792715212e-05
4.35163509457266,5.25056663448322e-05
4.35522555257149,5.24571608816284e-05
4.35881601057031,5.24087944123451e-05
4.36240646856913,5.23605897030746e-05
4.36599692656795,5.23124749931871e-05
4.36958738456678,5.22644647022625e-05
4.3731778425656,5.22165799096463e-05
4.37676830056442,5.21689224510617e-05
4.38035875856324,5.21211930665244e-05
4.38394921656207,5.20735553721219e-05
4.38753967456089,5.20260414556449e-05
4.39113013255971,5.19787394725269e-05
4.39472059055853,5.19313193072962e-05
4.39831104855736,5.18840988729714e-05
4.40190150655618,5.18369487737505e-05
4.405491964555,5.17898806840063e-05
4.40908242255382,5.17428871588558e-05
4.41267288055264,5.16956950175601e-05
4.41626333855147,5.16506758731432e-05
4.41985379655029,5.16031805893395e-05
4.42344425454911,5.15566831663179e-05
4.42703471254793,5.15099540145542e-05
4.43062517054676,5.14635869656442e-05
4.43421562854558,5.14171110922818e-05
4.4378060865444,5.13709666506033e-05
4.44139654454322,5.13247756158836e-05
4.44498700254205,5.12788175863934e-05
4.44857746054087,5.1232905947337e-05
4.45216791853969,5.11869909684139e-05
4.45575837653851,5.11414734903178e-05
4.45934883453733,5.10957569701846e-05
4.46293929253616,5.10510185755351e-05
4.46652975053498,5.10034013999944e-05
4.4701202085338,5.09585136050471e-05
4.47371066653262,5.09132181226594e-05
4.47730112453145,5.08680641209686e-05
4.48089158253027,5.08229141144507e-05
4.48448204052909,5.07778324705236e-05
4.48807249852791,5.07328544853596e-05
4.49166295652673,5.06879546120587e-05
4.49525341452556,5.06429050359636e-05
4.49884387252438,5.05982817383597e-05
4.5024343305232,5.0553658662027e-05
4.50602478852202,5.05089841730084e-05
4.50961524652085,5.04645575212668e-05
4.51320570451967,5.04200337232728e-05
4.51679616251849,5.03758289244736e-05
4.52038662051731,5.03315652783351e-05
4.52397707851614,5.02873538054643e-05
4.52756753651496,5.02432669365772e-05
4.53115799451378,5.01992892869075e-05
4.5347484525126,5.01555739396589e-05
4.53833891051143,5.01113647697071e-05
4.54192936851025,5.00676766686166e-05
4.54551982650907,5.00240612735292e-05
4.54911028450789,4.99803182934097e-05
4.55270074250671,4.99367794606272e-05
4.55629120050554,4.98934014421628e-05
4.55988165850436,4.98500375209429e-05
4.56347211650318,4.98067444809068e-05
4.567062574502,4.97634368579098e-05
4.57065303250083,4.97203860145798e-05
4.57424349049965,4.96772480769185e-05
4.57783394849847,4.96343639192285e-05
4.58142440649729,4.959147532599e-05
4.58501486449612,4.95487992055431e-05
4.58860532249494,4.95056696148042e-05
4.59219578049376,4.94631599454141e-05
4.59578623849258,4.94204043230862e-05
4.59937669649141,4.93780732755117e-05
4.60296715449023,4.93356585236111e-05
4.60655761248905,4.92933134665308e-05
4.61014807048787,4.92510298542162e-05
4.61373852848669,4.92088386419171e-05
4.61732898648552,4.91667558445939e-05
4.62091944448434,4.91246700085142e-05
4.62450990248316,4.90827485417422e-05
4.62810036048198,4.90407445944318e-05
4.63169081848081,4.89989468001562e-05
4.63528127647963,4.89572590382021e-05
4.63887173447845,4.89155262570943e-05
4.64246219247727,4.8873940251086e-05
4.6460526504761,4.88324430015319e-05
4.64964310847492,4.87909837112612e-05
4.65323356647374,4.87495825090456e-05
4.65682402447256,4.87082695775359e-05
4.66041448247138,4.86670895190897e-05
4.66400494047021,4.86259565542418e-05
4.66759539846903,4.85848026959885e-05
4.67118585646785,4.85438716250593e-05
4.67477631446667,4.85029502559139e-05
4.6783667724655,4.84619708643393e-05
4.68195723046432,4.84212472274026e-05
4.68554768846314,4.83805176033143e-05
4.68913814646196,4.83398973248552e-05
4.69272860446079,4.82993357478454e-05
4.69631906245961,4.8259041565985e-05
4.69990952045843,4.82183723654174e-05
4.70349997845725,4.81781098548284e-05
4.70709043645607,4.81376375944075e-05
4.7106808944549,4.80975270289601e-05
4.71427135245372,4.80573958458438e-05
4.71786181045254,4.80173830088396e-05
4.72145226845136,4.79773148312864e-05
4.72504272645019,4.79374506577296e-05
4.72863318444901,4.78975299781607e-05
4.73222364244783,4.78577748105524e-05
4.73581410044665,4.78180461629004e-05
4.73940455844548,4.77784483379936e-05
4.7429950164443,4.77388502998184e-05
4.74658547444312,4.76993370694242e-05
4.75017593244194,4.76598044465047e-05
4.75376639044077,4.76204591603549e-05
4.75735684843959,4.75810944589906e-05
4.76094730643841,4.754198437245e-05
4.76453776443723,4.75028364953854e-05
4.76812822243606,4.74637652830428e-05
4.77171868043488,4.74246654841532e-05
4.7753091384337,4.73857387175874e-05
4.77889959643252,4.73468280394748e-05
4.78249005443134,4.73080189602965e-05
4.78608051243017,4.72691585412762e-05
4.78967097042899,4.7230668241647e-05
4.79326142842781,4.71919435130011e-05
4.79685188642663,4.71529566081427e-05
4.80044234442546,4.71151731830418e-05
4.80403280242428,4.70766329317239e-05
4.8076232604231,4.70382778635096e-05
4.81121371842192,4.69999590186041e-05
4.81480417642075,4.69617345693545e-05
4.81839463441957,4.69235830659072e-05
4.82198509241839,4.6885420650504e-05
4.82557555041721,4.6847132086683e-05
4.82916600841603,4.68106587440999e-05
4.83275646641486,4.67720127722813e-05
4.83634692441368,4.6734062586475e-05
4.8399373824125,4.66963455907621e-05
4.84352784041132,4.6658641743337e-05
4.84711829841015,4.66209721142191e-05
4.85070875640897,4.65835697031494e-05
4.85429921440779,4.65460282856754e-05
4.85788967240661,4.65086028294649e-05
4.86148013040544,4.64711640297823e-05
4.86507058840426,4.64339156436061e-05
4.86866104640308,4.63940322190786e-05
4.8722515044019,4.63598009767623e-05
4.87584196240072,4.63225081622072e-05
4.87943242039955,4.62859734053484e-05
4.88302287839837,4.62488927315896e-05
4.88661333639719,4.6212025337995e-05
4.89020379439601,4.61752311460924e-05
4.89379425239484,4.61385097123062e-05
4.89738471039366,4.61018665207281e-05
4.90097516839248,4.60652927887834e-05
4.9045656263913,4.60288469601348e-05
4.90815608439013,4.5992356995811e-05
4.91174654238895,4.59561444189536e-05
4.91533700038777,4.5919894309169e-05
4.91892745838659,4.58834909813632e-05
4.92251791638541,4.58476578704418e-05
4.92610837438424,4.58116715284671e-05
4.92969883238306,4.57757490809437e-05
4.93328929038188,4.57399879431922e-05
4.9368797483807,4.57042602941661e-05
4.94047020637953,4.56686700013802e-05
4.94406066437835,4.56332483044778e-05
4.94765112237717,4.5597869914471e-05
4.95124158037599,4.55634329295343e-05
4.95483203837482,4.55280984717489e-05
4.95842249637364,4.54942816762233e-05
4.96201295437246,4.54581865878872e-05
4.96560341237128,4.54242473917331e-05
4.96919387037011,4.53902757075383e-05
4.97278432836893,4.5357024091159e-05
4.97637478636775,4.53244975573917e-05
4.97996524436657,4.52930556580752e-05
4.98355570236539,4.52634510253349e-05
4.98714616036422,4.52370681290371e-05
4.99073661836304,4.52177044985625e-05
4.99432707636186,4.52185603368161e-05
4.99791753436068,4.5346463330899e-05
