freqs,specs
0,0.0103599357913412
0.00359045799882233,0.00871140122523263
0.00718091599764466,0.00385591357945697
0.010771373996467,0.00100862596869154
0.0143618319952893,0.00712926666508454
0.0179522899941117,0.00706566498141162
0.021542747992934,0.00621119795359445
0.0251332059917563,0.00344882151355845
0.0287236639905786,0.00120284958678981
0.032314121989401,0.000956448624318019
0.0359045799882233,0.00109363445208217
0.0394950379870456,0.000126358065256549
0.043085495985868,0.000595614734233235
0.0466759539846903,0.000954348734536262
0.0502664119835126,0.00109113236715434
0.053856869982335,0.000415837851731631
0.0574473279811573,0.000722406911816589
0.0610377859799796,9.68196336322109e-05
0.0646282439788019,0.000532614202252366
0.0682187019776243,0.000758916320975317
0.0718091599764466,0.000318462506449488
0.0753996179752689,0.000510805113934493
0.0789900759740913,0.000230734229053627
0.0825805339729136,0.000329617055206939
0.0861709919717359,0.000167569715537097
0.0897614499705583,0.000280259343804806
0.0933519079693806,0.000203486117102389
0.0969423659682029,0.000223523365351674
0.100532823967025,0.000468162923911142
0.104123281965848,0.000231010088716192
0.10771373996467,0.000222494935579462
0.111304197963492,0.000198070034562419
0.114894655962315,0.000218063190296554
0.118485113961137,0.000176418874350561
0.122075571959959,0.000187121929681141
0.125666029958782,0.000210005062516013
0.129256487957604,0.000209408257693006
0.132846945956426,0.000216496613120738
0.136437403955249,0.000164031401143786
0.140027861954071,0.00015661025074041
0.143618319952893,0.000104753940239216
0.147208777951716,0.0001799535733341
0.150799235950538,0.00015144041450612
0.15438969394936,0.000174038794235342
0.157980151948183,0.000157047996876012
0.161570609947005,0.000162683044537626
0.165161067945827,0.000119142662905989
0.16875152594465,0.00011551478223722
0.172341983943472,0.00012692371128169
0.175932441942294,0.00012630312773283
0.179522899941117,0.000138915640401965
0.183113357939939,0.000138368110151361
0.186703815938761,0.000137770400740047
0.190294273937583,0.000109855518976938
0.193884731936406,0.000102471184180862
0.197475189935228,0.00011968575129554
0.20106564793405,0.000119564976149033
0.204656105932873,0.00012917118436032
0.208246563931695,0.00013313415523542
0.211837021930517,0.000137013526590986
0.21542747992934,0.000123085680047762
0.219017937928162,0.000134702521935343
0.222608395926984,0.000112521157217215
0.226198853925807,0.0001257511720578
0.229789311924629,0.000120039916617638
0.233379769923451,0.000113917238927881
0.236970227922274,0.000125806825416997
0.240560685921096,0.000105340388839805
0.244151143919918,0.000124776152271687
0.247741601918741,0.000104147479560469
0.251332059917563,0.000105672638826233
0.254922517916385,0.00010453171470099
0.258512975915208,0.000108950136797186
0.26210343391403,0.000117088627695649
0.265693891912852,9.29583019608144e-05
0.269284349911675,0.00010855026252453
0.272874807910497,9.70902820895462e-05
0.276465265909319,0.000112384428411082
0.280055723908142,0.000109834415413618
0.283646181906964,0.000101889273535164
0.287236639905786,0.000105269576780465
0.290827097904609,0.000108681059391128
0.294417555903431,0.000100179393755574
0.298008013902253,0.000108040139370226
0.301598471901076,9.69386768059964e-05
0.305188929899898,0.00011037044980418
0.30877938789872,0.000100636321241181
0.312369845897543,9.95415384733147e-05
0.315960303896365,0.000111659017004245
0.319550761895187,0.000103422306087546
0.32314121989401,0.000108633412311718
0.326731677892832,9.692206922588e-05
0.330322135891654,0.000104114113879101
0.333912593890477,9.87785565988948e-05
0.337503051889299,0.000107806489236325
0.341093509888121,0.000113196057331824
0.344683967886944,0.000107486410629338
0.348274425885766,0.000113053614305504
0.351864883884588,0.000106350093139594
0.355455341883411,0.000107004568867849
0.359045799882233,0.000115348656820268
0.362636257881055,0.000116291647126142
0.366226715879878,0.000113624058242975
0.3698171738787,0.000107507473264812
0.373407631877522,0.000110156170363229
0.376998089876345,0.000110965683163583
0.380588547875167,0.000115824241686431
0.384179005873989,0.00011695352924291
0.387769463872812,0.000123043587210703
0.391359921871634,0.000121530648148394
0.394950379870456,0.000118192409206589
0.398540837869279,0.000116132341744259
0.402131295868101,0.000115399169134514
0.405721753866923,0.000124425826379512
0.409312211865746,0.000127136955867687
0.412902669864568,0.00012076938504421
0.41649312786339,0.000129582150388875
0.420083585862213,0.000125806945219832
0.423674043861035,0.000126176826019729
0.427264501859857,0.000133644022307353
0.43085495985868,0.000124326693019078
0.434445417857502,0.000124939839092258
0.438035875856324,0.000129322378333247
0.441626333855147,0.000138536282567446
0.445216791853969,0.000134857914715624
0.448807249852791,0.000136083369688366
0.452397707851614,0.000137608571831474
0.455988165850436,0.000136441829717263
0.459578623849258,0.000140881006599741
0.463169081848081,0.000140167034449879
0.466759539846903,0.000138613370646919
0.470349997845725,0.000147202528623607
0.473940455844548,0.000143671089292017
0.47753091384337,0.000143617216787344
0.481121371842192,0.000144553566839323
0.484711829841015,0.00014786773365552
0.488302287839837,0.000149395438580032
0.491892745838659,0.000149900958575268
0.495483203837482,0.000151291292679882
0.499073661836304,0.00015519733663352
0.502664119835126,0.000156694119212485
0.506254577833949,0.000158124685153622
0.509845035832771,0.000161302829280641
0.513435493831593,0.000157625723195274
0.517025951830416,0.000159279229983633
0.520616409829238,0.000164549089330685
0.52420686782806,0.000166647904069734
0.527797325826883,0.000163563380189925
0.531387783825705,0.000168810015942328
0.534978241824527,0.000176082013336484
0.53856869982335,0.000169491035666978
0.542159157822172,0.000173416136976507
0.545749615820994,0.000176421839366424
0.549340073819817,0.000181518168694547
0.552930531818639,0.000185016679530697
0.556520989817461,0.000184465563165218
0.560111447816284,0.000183029154430624
0.563701905815106,0.00019005881231651
0.567292363813928,0.000190502058967731
0.57088282181275,0.000194107692922156
0.574473279811573,0.0001984833140542
0.578063737810395,0.000198337775380732
0.581654195809218,0.000201270396063412
0.58524465380804,0.000205017991638501
0.588835111806862,0.000207731518988467
0.592425569805685,0.000205202173680722
0.596016027804507,0.000207874592518199
0.599606485803329,0.000211645171058201
0.603196943802151,0.000214934025951268
0.606787401800974,0.00021743068999349
0.610377859799796,0.000224059846612678
0.613968317798618,0.000223287915405064
0.617558775797441,0.000222870898532198
0.621149233796263,0.000228886599206289
0.624739691795085,0.000231519669977838
0.628330149793908,0.000238142163873234
0.63192060779273,0.000238897647105314
0.635511065791552,0.000241633569025773
0.639101523790375,0.000247375431754229
0.642691981789197,0.000247671979692525
0.646282439788019,0.000250770035673452
0.649872897786842,0.000254283496876831
0.653463355785664,0.000257927573366809
0.657053813784486,0.00026480746160915
0.660644271783309,0.000263858855431016
0.664234729782131,0.000271659503592359
0.667825187780953,0.000273535081466671
0.671415645779776,0.000278963302460063
0.675006103778598,0.000283104165718718
0.67859656177742,0.000284321343459911
0.682187019776243,0.000288717289707562
0.685777477775065,0.000291264130118341
0.689367935773887,0.000294787250430178
0.69295839377271,0.000303542608062674
0.696548851771532,0.000305889910585631
0.700139309770354,0.000311766599442949
0.703729767769177,0.000315251089065574
0.707320225767999,0.000318707133891626
0.710910683766821,0.000327392179709161
0.714501141765644,0.000329090732142646
0.718091599764466,0.00033616505312318
0.721682057763288,0.000341602057349711
0.725272515762111,0.000344874766002574
0.728862973760933,0.000353069601498144
0.732453431759755,0.000358874469311667
0.736043889758578,0.000363230870736901
0.7396343477574,0.000370239390934534
0.743224805756222,0.000376194151317239
0.746815263755045,0.000382597050885596
0.750405721753867,0.000388728529349421
0.753996179752689,0.000396646657421671
0.757586637751512,0.000402442734382023
0.761177095750334,0.000408140186283226
0.764767553749156,0.000418401722657816
0.768358011747979,0.000423039230449735
0.771948469746801,0.000432887555334317
0.775538927745623,0.000441242645346958
0.779129385744446,0.000448335445356245
0.782719843743268,0.000459958018352364
0.78631030174209,0.000466175645829715
0.789900759740913,0.000477760479551632
0.793491217739735,0.000486758691458636
0.797081675738557,0.00049472836297086
0.80067213373738,0.00050905745231006
0.804262591736202,0.000517390137943598
0.807853049735024,0.000529168427631141
0.811443507733847,0.00054052567508205
0.815033965732669,0.000552804115103278
0.818624423731491,0.000566159751961778
0.822214881730314,0.000576619757558314
0.825805339729136,0.00058948805653061
0.829395797727958,0.000605309477418613
0.832986255726781,0.000617760937506589
0.836576713725603,0.000633503751160474
0.840167171724425,0.000646736951363815
0.843757629723248,0.000667493380526069
0.84734808772207,0.000682902265919965
0.850938545720892,0.000703944244228776
0.854529003719715,0.000720923376979531
0.858119461718537,0.000739868509380276
0.861709919717359,0.000762347111893709
0.865300377716182,0.000782472323056256
0.868890835715004,0.000806590981987565
0.872481293713826,0.000831332682689281
0.876071751712649,0.000858353325019909
0.879662209711471,0.000886359927180877
0.883252667710293,0.000916645337965321
0.886843125709115,0.00094859167655289
0.890433583707938,0.000978091387463358
0.89402404170676,0.00101360456363021
0.897614499705583,0.00105461204021495
0.901204957704405,0.00109489164464455
0.904795415703227,0.0011373592279434
0.90838587370205,0.00118735215705804
0.911976331700872,0.00123564951751985
0.915566789699694,0.00129022760840154
0.919157247698516,0.00134870980351239
0.922747705697339,0.00141571572128393
0.926338163696161,0.00148614928109476
0.929928621694984,0.00156811449937465
0.933519079693806,0.00165960048478944
0.937109537692628,0.00175623690357677
0.940699995691451,0.00186647677848534
0.944290453690273,0.00198765497694599
0.947880911689095,0.00212743004920482
0.951471369687917,0.00229278120559797
0.95506182768674,0.00247823640596759
0.958652285685562,0.00269980410119009
0.962242743684384,0.0029703962694426
0.965833201683207,0.00328481049017704
0.969423659682029,0.00367161477290922
0.973014117680852,0.00417264282198831
0.976604575679674,0.00482383333726199
0.980195033678496,0.00570154967436465
0.983785491677318,0.00698139881386381
0.987375949676141,0.00899653562312563
0.990966407674963,0.0125830833410646
0.994556865673785,0.020921403146336
0.998147323672608,0.0615989240722712
1.00173778167143,0.0657716763695729
1.00532823967025,0.0214978230270211
1.00891869766907,0.012862845221649
1.0125091556679,0.00918606494671148
1.01609961366672,0.00715555689306615
1.01969007166554,0.00586025190822449
1.02328052966436,0.00495827343774866
1.02687098766319,0.00431333765973941
1.03046144566201,0.00380803581813106
1.03405190366083,0.00341071269276744
1.03764236165965,0.0030949649296756
1.04123281965848,0.00282914463921771
1.0448232776573,0.00260609663285214
1.04841373565612,0.00241515099399209
1.05200419365494,0.00225742524409837
1.05559465165377,0.00211477102017655
1.05918510965259,0.00198743983723372
1.06277556765141,0.00187864931722185
1.06636602565023,0.00177998893186583
1.06995648364905,0.00169070858315919
1.07354694164788,0.00160938977829212
1.0771373996467,0.00153634688782338
1.08072785764552,0.00147380227275351
1.08431831564434,0.00141255746619229
1.08790877364317,0.00135859540671009
1.09149923164199,0.00130602415128775
1.09508968964081,0.00125939235907508
1.09868014763963,0.00121398164260497
1.10227060563846,0.00117278840469182
1.10586106363728,0.00113685559263906
1.1094515216361,0.00110115577987882
1.11304197963492,0.0010668170652566
1.11663243763374,0.00103701959271488
1.12022289563257,0.00100868485032643
1.12381335363139,0.000979359110588062
1.12740381163021,0.000952290672956007
1.13099426962903,0.00092893730471387
1.13458472762786,0.000904358580473724
1.13817518562668,0.000881334459120635
1.1417656436255,0.000862745442148442
1.14535610162432,0.000842084229399207
1.14894655962315,0.000822269815755287
1.15253701762197,0.000804887685982487
1.15612747562079,0.000785266492873488
1.15971793361961,0.000770015416708436
1.16330839161844,0.000755701294948702
1.16689884961726,0.00074000079115551
1.17048930761608,0.000726894518935086
1.1740797656149,0.000711627840707702
1.17767022361372,0.000698798025205697
1.18126068161255,0.000685433792859061
1.18485113961137,0.000673580600020969
1.18844159761019,0.000662375735050475
1.19203205560901,0.000648886930703085
1.19562251360784,0.000640675291782009
1.19921297160666,0.000628869783516755
1.20280342960548,0.000617533426089682
1.2063938876043,0.000608739377037483
1.20998434560313,0.000598720042484131
1.21357480360195,0.000589216183238603
1.21716526160077,0.000581109499286545
1.22075571959959,0.000571585816059692
1.22434617759841,0.000563672513301329
1.22793663559724,0.000555430942005779
1.23152709359606,0.000547394604531825
1.23511755159488,0.000540298421041973
1.2387080095937,0.000532747534091923
1.24229846759253,0.00052469553317854
1.24588892559135,0.000517762088593539
1.24947938359017,0.000512771728929121
1.25306984158899,0.000505021167936688
1.25666029958782,0.000499065898934266
1.26025075758664,0.000493504539033559
1.26384121558546,0.000486282313062198
1.26743167358428,0.000481117626325091
1.2710221315831,0.000474731023698148
1.27461258958193,0.000470075098703752
1.27820304758075,0.000463411833141704
1.28179350557957,0.000457139555589361
1.28538396357839,0.000453241259265693
1.28897442157722,0.000447152045531089
1.29256487957604,0.000443242853389286
1.29615533757486,0.000438829532229955
1.29974579557368,0.000433906529768203
1.30333625357251,0.000429016518139344
1.30692671157133,0.000424012752151112
1.31051716957015,0.000419701484731039
1.31410762756897,0.000416531200757879
1.3176980855678,0.000411931671837878
1.32128854356662,0.000407110614083272
1.32487900156544,0.000402655445716358
1.32846945956426,0.00039985995054442
1.33205991756308,0.000395289242068786
1.33565037556191,0.000392454171680209
1.33924083356073,0.000388683373671388
1.34283129155955,0.000384352123759657
1.34642174955837,0.000380571447667079
1.3500122075572,0.000378036787166211
1.35360266555602,0.000374838167951292
1.35719312355484,0.000371074694094092
1.36078358155366,0.000367608175497373
1.36437403955249,0.000364701384605295
1.36796449755131,0.000362181495194959
1.37155495555013,0.000358282165648417
1.37514541354895,0.000354949644335823
1.37873587154777,0.000351680150627807
1.3823263295466,0.000348533622049536
1.38591678754542,0.000345750074437235
1.38950724554424,0.000343265345273181
1.39309770354306,0.000340838805877541
1.39668816154189,0.000337096728658344
1.40027861954071,0.000334172954327913
1.40386907753953,0.00033260313300061
1.40745953553835,0.00033002762524153
1.41104999353718,0.000328108230923089
1.414640451536,0.000325680242034492
1.41823090953482,0.000322477936527141
1.42182136753364,0.000319223030759923
1.42541182553247,0.000317886013881023
1.42900228353129,0.000316723083117263
1.43259274153011,0.00031281517639297
1.43618319952893,0.000311810626029926
1.43977365752775,0.000308763786675903
1.44336411552658,0.000307648918115785
1.4469545735254,0.000304537701311082
1.45054503152422,0.000301817316466184
1.45413548952304,0.000300366254738396
1.45772594752187,0.0002988501882626
1.46131640552069,0.000297144895954071
1.46490686351951,0.000294031133711303
1.46849732151833,0.000293166250564371
1.47208777951716,0.000290682379487902
1.47567823751598,0.000287487916170822
1.4792686955148,0.000286837804364489
1.48285915351362,0.000284506222135112
1.48644961151244,0.000282209109891086
1.49004006951127,0.000281556888475327
1.49363052751009,0.00027965459792063
1.49722098550891,0.000277164612538141
1.50081144350773,0.000275869926987452
1.50440190150656,0.000274401752133435
1.50799235950538,0.000272046820774062
1.5115828175042,0.000270383346651209
1.51517327550302,0.000269295187876043
1.51876373350185,0.000267417094257514
1.52235419150067,0.000266604806644003
1.52594464949949,0.000264497642273884
1.52953510749831,0.000263489359675841
1.53312556549713,0.000261470717946803
1.53671602349596,0.000260344463960106
1.54030648149478,0.000258156275797564
1.5438969394936,0.000256711242245152
1.54748739749242,0.000256454769221508
1.55107785549125,0.000254384123983403
1.55466831349007,0.000252889387271588
1.55825877148889,0.000251834671291685
1.56184922948771,0.000249629755885202
1.56543968748654,0.000248276978664949
1.56903014548536,0.000246568265235187
1.57262060348418,0.00024707384652351
1.576211061483,0.000244570638076058
1.57980151948183,0.000243251216820356
1.58339197748065,0.000243001022038843
1.58698243547947,0.000240760172482467
1.59057289347829,0.000240086204670321
1.59416335147711,0.000238961565846246
1.59775380947594,0.000236815158595142
1.60134426747476,0.000236254264515233
1.60493472547358,0.000235106521514602
1.6085251834724,0.000234345039509735
1.61211564147123,0.000233479169592432
1.61570609947005,0.000231654695670107
1.61929655746887,0.000230174365713018
1.62288701546769,0.000229251451836933
1.62647747346652,0.000228412213501405
1.63006793146534,0.000226730366661226
1.63365838946416,0.000225640851334234
1.63724884746298,0.000225054889434828
1.6408393054618,0.000223677950561175
1.64442976346063,0.000222280323706426
1.64802022145945,0.000221314814794402
1.65161067945827,0.000220858002650737
1.65520113745709,0.000219227181208201
1.65879159545592,0.000218636404958053
1.66238205345474,0.000217508713821243
1.66597251145356,0.00021683650957897
1.66956296945238,0.000215459894746537
1.67315342745121,0.000214488562880991
1.67674388545003,0.000213928181955034
1.68033434344885,0.000212673069194507
1.68392480144767,0.000212025881550159
1.6875152594465,0.000210795098046718
1.69110571744532,0.000209776962627383
1.69469617544414,0.000208739372021589
1.69828663344296,0.000208049953595289
1.70187709144178,0.000207679271436687
1.70546754944061,0.000206684455812265
1.70905800743943,0.000205062083487755
1.71264846543825,0.000205187373679566
1.71623892343707,0.000203645730456648
1.7198293814359,0.000203010534889973
1.72341983943472,0.00020232604668763
1.72701029743354,0.000200988060606988
1.73060075543236,0.00020041517421726
1.73419121343119,0.000199579643782698
1.73778167143001,0.000198785956669163
1.74137212942883,0.000197768405961797
1.74496258742765,0.000196803507128383
1.74855304542647,0.000196126181182287
1.7521435034253,0.000195389542558242
1.75573396142412,0.000195412156215687
1.75932441942294,0.000194139956578791
1.76291487742176,0.000193374825972947
1.76650533542059,0.000192305416651792
1.77009579341941,0.000192111741971997
1.77368625141823,0.00019088758088561
1.77727670941705,0.000190595658124812
1.78086716741588,0.000190009874053741
1.7844576254147,0.000188745141236371
1.78804808341352,0.000188102139097216
1.79163854141234,0.00018818724928391
1.79522899941117,0.000186661271107164
1.79881945740999,0.000186122747367956
1.80240991540881,0.000185097868429362
1.80600037340763,0.000184170694347665
1.80959083140645,0.000183836838659445
1.81318128940528,0.000183105131302386
1.8167717474041,0.000182277436125547
1.82036220540292,0.000181822142548734
1.82395266340174,0.000181159612178929
1.82754312140057,0.000180858665711914
1.83113357939939,0.000179822996633303
1.83472403739821,0.0001789419608183
1.83831449539703,0.000178070037957615
1.84190495339586,0.000178251033695289
1.84549541139468,0.000177585844223575
1.8490858693935,0.000176488124893814
1.85267632739232,0.000175836444009945
1.85626678539114,0.00017583173946717
1.85985724338997,0.000175338605058086
1.86344770138879,0.000173803253293274
1.86703815938761,0.000173615658974022
1.87062861738643,0.000173305389495619
1.87421907538526,0.000172667079726604
1.87780953338408,0.00017220819364875
1.8813999913829,0.000171378610571522
1.88499044938172,0.000170885027497128
1.88858090738055,0.000170660491102959
1.89217136537937,0.000169554143746104
1.89576182337819,0.000168971468097119
1.89935228137701,0.000168524016816253
1.90294273937583,0.000167809248268843
1.90653319737466,0.000167697647969481
1.91012365537348,0.000167206513327117
1.9137141133723,0.00016546198515027
1.91730457137112,0.000165334381715873
1.92089502936995,0.000164949980246485
1.92448548736877,0.000164050340302467
1.92807594536759,0.000163442112479911
1.93166640336641,0.000163735499647963
1.93525686136524,0.000163518521569833
1.93884731936406,0.000162484046090596
1.94243777736288,0.000162300508001852
1.9460282353617,0.000161629295288048
1.94961869336053,0.000160573413276566
1.95320915135935,0.00016054925681289
1.95679960935817,0.000160036273195284
1.96039006735699,0.000159195950137544
1.96398052535581,0.000159088728615421
1.96757098335464,0.000159205423543217
1.97116144135346,0.000158344527126712
1.97475189935228,0.00015722708763373
1.9783423573511,0.000157106964039721
1.98193281534993,0.000156265923884282
1.98552327334875,0.000155828566606832
1.98911373134757,0.000155461995159858
1.99270418934639,0.0001554368049173
1.99629464734522,0.000154741922781822
1.99988510534404,0.000154979725591005
2.00347556334286,0.000153478209694467
2.00706602134168,0.000153663782011234
2.01065647934051,0.000152578650258971
2.01424693733933,0.00015230762124547
2.01783739533815,0.000152659653569317
2.02142785333697,0.000152001596991665
2.02501831133579,0.000151556250100659
2.02860876933462,0.000150221554106271
2.03219922733344,0.000150085544821328
2.03578968533226,0.000149929914413922
2.03938014333108,0.000149547510004621
2.04297060132991,0.000149364669062906
2.04656105932873,0.000148696017349482
2.05015151732755,0.000148579006678779
2.05374197532637,0.000147700483535094
2.05733243332519,0.00014772991844735
2.06092289132402,0.000146468433838967
2.06451334932284,0.000146893215602307
2.06810380732166,0.000146380719154884
2.07169426532048,0.000146079409275359
2.07528472331931,0.000145980717197913
2.07887518131813,0.000144823320632932
2.08246563931695,0.000144355422491626
2.08605609731577,0.000144230807255983
2.0896465553146,0.00014374822836876
2.09323701331342,0.000143259933242857
2.09682747131224,0.00014269053300523
2.10041792931106,0.000142930015836809
2.10400838730989,0.000142291084944248
2.10759884530871,0.000141599772715702
2.11118930330753,0.000141253821737959
2.11477976130635,0.000141402831708688
2.11837021930517,0.000140741197985895
2.121960677304,0.000140494484220001
2.12555113530282,0.000139921014921996
2.12914159330164,0.00013945661472776
2.13273205130046,0.000139328296709423
2.13632250929929,0.000138980919995267
2.13991296729811,0.000138880575629666
2.14350342529693,0.000137914706901238
2.14709388329575,0.000137670610243458
2.15068434129458,0.000137485596134657
2.1542747992934,0.000136921995567228
2.15786525729222,0.000136371018783332
2.16145571529104,0.000136844626397464
2.16504617328986,0.000135755712877742
2.16863663128869,0.000134973239439255
2.17222708928751,0.00013501024493858
2.17581754728633,0.000134637132450086
2.17940800528515,0.000135160164770762
2.18299846328398,0.000134305277584531
2.1865889212828,0.000133944881040742
2.19017937928162,0.000133496809415421
2.19376983728044,0.000132885230185239
2.19736029527927,0.000133351189509349
2.20095075327809,0.000132580381735426
2.20454121127691,0.000131892708458021
2.20813166927573,0.000131676641190243
2.21172212727456,0.00013129685547112
2.21531258527338,0.000131246405251464
2.2189030432722,0.000130747751351776
2.22249350127102,0.000130528309147729
2.22608395926984,0.000130244777699115
2.22967441726867,0.000129898821343247
2.23326487526749,0.000129713271738047
2.23685533326631,0.00012937161706465
2.24044579126513,0.000129372208016772
2.24403624926396,0.000129051772683492
2.24762670726278,0.000128649928400249
2.2512171652616,0.00012831290081995
2.25480762326042,0.000128176790495256
2.25839808125925,0.000127453784783888
2.26198853925807,0.000127655368660972
2.26557899725689,0.000126511676513793
2.26916945525571,0.000126824403415737
2.27275991325454,0.000125977449571326
2.27635037125336,0.000126124544609769
2.27994082925218,0.000125567568214833
2.283531287251,0.000125446668116411
2.28712174524982,0.000124628237680853
2.29071220324865,0.000125258789621481
2.29430266124747,0.000124396869751974
2.29789311924629,0.000124674114558492
2.30148357724511,0.000123567871714853
2.30507403524394,0.000123972664748914
2.30866449324276,0.00012322883977211
2.31225495124158,0.000123557245904393
2.3158454092404,0.000123205172194521
2.31943586723923,0.000122862380317377
2.32302632523805,0.000122334219618493
2.32661678323687,0.000121316794953046
2.33020724123569,0.000121497629130059
2.33379769923451,0.000120980929250966
2.33738815723334,0.000121177419604781
2.34097861523216,0.000121206143131155
2.34456907323098,0.000121457027617254
2.3481595312298,0.000120616340669383
2.35174998922863,0.000120458733688078
2.35534044722745,0.00011971854821423
2.35893090522627,0.000119848701035592
2.36252136322509,0.000119683331301151
2.36611182122392,0.000118787700413166
2.36970227922274,0.000118764959817355
2.37329273722156,0.000118601844221596
2.37688319522038,0.000118439074066843
2.38047365321921,0.000118049123501346
2.38406411121803,0.000117857485272707
2.38765456921685,0.00011777004220682
2.39124502721567,0.000117351470265805
2.39483548521449,0.000117055711874372
2.39842594321332,0.000116843254643346
2.40201640121214,0.000116486129698325
2.40560685921096,0.00011609440592259
2.40919731720978,0.000116304601247036
2.41278777520861,0.000116072191469179
2.41637823320743,0.00011601140382846
2.41996869120625,0.000115188991613375
2.42355914920507,0.000114961014772739
2.4271496072039,0.000115203568106945
2.43074006520272,0.000114802269938545
2.43433052320154,0.000114148265181724
2.43792098120036,0.000114366335828044
2.44151143919918,0.000114347996281715
2.44510189719801,0.00011363187035546
2.44869235519683,0.000113806017036916
2.45228281319565,0.000113586769692158
2.45587327119447,0.000113307773003049
2.4594637291933,0.000112978727865236
2.46305418719212,0.000112657358638121
2.46664464519094,0.000112521566505952
2.47023510318976,0.00011241629811089
2.47382556118859,0.000112001336123674
2.47741601918741,0.000111893829808335
2.48100647718623,0.000111697013731418
2.48459693518505,0.000111318046971048
2.48818739318387,0.00011119554720802
2.4917778511827,0.000110790407048701
2.49536830918152,0.000110805741459217
2.49895876718034,0.000110837438031433
2.50254922517916,0.000110261738522382
2.50613968317799,0.000110351993439516
2.50973014117681,0.000110076120046075
2.51332059917563,0.000109420270668626
2.51691105717445,0.000109240033425046
2.52050151517328,0.000109515495959435
2.5240919731721,0.000108814672091343
2.52768243117092,0.000108866497739918
2.53127288916974,0.00010859669510298
2.53486334716857,0.000108199880561413
2.53845380516739,0.000108335933302886
2.54204426316621,0.000107855571956961
2.54563472116503,0.000107612303184177
2.54922517916385,0.000107637033251008
2.55281563716268,0.000107301362598442
2.5564060951615,0.000107281209229376
2.55999655316032,0.000106741790250854
2.56358701115914,0.00010680199428446
2.56717746915797,0.000106589702289223
2.57076792715679,0.000106403398537002
2.57435838515561,0.000106251513615384
2.57794884315443,0.000105676785226624
2.58153930115326,0.000105635906041566
2.58512975915208,0.000105580674328068
2.5887202171509,0.000105147425237196
2.59231067514972,0.000105342083966586
2.59590113314854,0.000104806926475106
2.59949159114737,0.000104385932982076
2.60308204914619,0.000104621647491918
2.60667250714501,0.00010420787115409
2.61026296514383,0.000104370375604894
2.61385342314266,0.000103991876361038
2.61744388114148,0.000103873481322698
2.6210343391403,0.000103646353529339
2.62462479713912,0.000103879865427663
2.62821525513795,0.000103206871090603
2.63180571313677,0.000103124875672629
2.63539617113559,0.000102968379992938
2.63898662913441,0.000102598148432205
2.64257708713324,0.000102354831626142
2.64616754513206,0.000102365674980966
2.64975800313088,0.000101763097728182
2.6533484611297,0.000102020671673944
2.65693891912852,0.000101648281586859
2.66052937712735,0.000101788571307227
2.66411983512617,0.000101567919369505
2.66771029312499,0.00010117636932914
2.67130075112381,0.00010101498376238
2.67489120912264,0.000100830972030695
2.67848166712146,0.000100680758944693
2.68207212512028,0.000100606992640719
2.6856625831191,0.000100279326511876
2.68925304111792,0.000100350232139935
2.69284349911675,9.99080143131624e-05
2.69643395711557,9.97688650117747e-05
2.70002441511439,9.95251434643258e-05
2.70361487311321,9.94886794743107e-05
2.70720533111204,9.94388039549907e-05
2.71079578911086,9.90085968381258e-05
2.71438624710968,9.89758852686453e-05
2.7179767051085,9.8727031880549e-05
2.72156716310733,9.83988640298615e-05
2.72515762110615,9.84689697725129e-05
2.72874807910497,9.81838030225154e-05
2.73233853710379,9.81360685257787e-05
2.73592899510262,9.78793825247806e-05
2.73951945310144,9.7703156334006e-05
2.74310991110026,9.75302390956046e-05
2.74670036909908,9.74058820098654e-05
2.7502908270979,9.72836661618478e-05
2.75388128509673,9.70593231818521e-05
2.75747174309555,9.68258494608042e-05
2.76106220109437,9.67835744698061e-05
2.76465265909319,9.67935220150064e-05
2.76824311709202,9.65093199815038e-05
2.77183357509084,9.62936162627419e-05
2.77542403308966,9.61258596964661e-05
2.77901449108848,9.60250229890092e-05
2.78260494908731,9.58144732647333e-05
2.78619540708613,9.55936229873553e-05
2.78978586508495,9.54016329144224e-05
2.79337632308377,9.54400408235145e-05
2.7969667810826,9.50442672540171e-05
2.80055723908142,9.50309985517993e-05
2.80414769708024,9.50687252715432e-05
2.80773815507906,9.47163203562382e-05
2.81132861307788,9.46058593088767e-05
2.81491907107671,9.45833558490162e-05
2.81850952907553,9.39210624954939e-05
2.82209998707435,9.39944111246324e-05
2.82569044507317,9.3877026914241e-05
2.829280903072,9.34889724679822e-05
2.83287136107082,9.35612354701095e-05
2.83646181906964,9.34014602059705e-05
2.84005227706846,9.34259583416034e-05
2.84364273506729,9.30983437855373e-05
2.84723319306611,9.29193255068068e-05
2.85082365106493,9.26193976129215e-05
2.85441410906375,9.26779493304035e-05
2.85800456706257,9.25680086119075e-05
2.8615950250614,9.22654652563685e-05
2.86518548306022,9.22502055963963e-05
2.86877594105904,9.23181970230874e-05
2.87236639905786,9.17564627525528e-05
2.87595685705669,9.18254368356576e-05
2.87954731505551,9.16417681819225e-05
2.88313777305433,9.12852801175181e-05
2.88672823105315,9.15824452863869e-05
2.89031868905198,9.14479616151042e-05
2.8939091470508,9.08972616272714e-05
2.89749960504962,9.08677068052229e-05
2.90109006304844,9.05250746426243e-05
2.90468052104727,9.05225513700594e-05
2.90827097904609,9.0268035552925e-05
2.91186143704491,9.03269885767301e-05
2.91545189504373,9.0233626232771e-05
2.91904235304255,9.00894969422178e-05
2.92263281104138,9.01570589376087e-05
2.9262232690402,8.97191607219635e-05
2.92981372703902,8.9606654624182e-05
2.93340418503784,8.93244342462386e-05
2.93699464303667,8.9442197854212e-05
2.94058510103549,8.92366259445942e-05
2.94417555903431,8.90985086916109e-05
2.94776601703313,8.89797450833899e-05
2.95135647503196,8.88940081774051e-05
2.95494693303078,8.85567982748522e-05
2.9585373910296,8.8423039968905e-05
2.96212784902842,8.83052879055499e-05
2.96571830702724,8.83363851853545e-05
2.96930876502607,8.82505273429251e-05
2.97289922302489,8.84005019363758e-05
2.97648968102371,8.7876797769761e-05
2.98008013902253,8.75802956766987e-05
2.98367059702136,8.75809907012405e-05
2.98726105502018,8.71998769139019e-05
2.990851513019,8.70576263265523e-05
2.99444197101782,8.69064929148355e-05
2.99803242901665,8.64376810629891e-05
3.00162288701547,8.79529737399948e-05
3.00521334501429,8.71158247471742e-05
3.00880380301311,8.68398670174324e-05
3.01239426101194,8.63225589306158e-05
3.01598471901076,8.66681257949934e-05
3.01957517700958,8.66939361495397e-05
3.0231656350084,8.60770984750368e-05
3.02675609300722,8.62029696344263e-05
3.03034655100605,8.59880384045111e-05
3.03393700900487,8.60916706074987e-05
3.03752746700369,8.55114413076797e-05
3.04111792500251,8.53026299536493e-05
3.04470838300134,8.53992845133843e-05
3.04829884100016,8.51097524158743e-05
3.05188929899898,8.54278620395314e-05
3.0554797569978,8.53335568084706e-05
3.05907021499663,8.5086020972293e-05
3.06266067299545,8.48491883485163e-05
3.06625113099427,8.48093207347248e-05
3.06984158899309,8.47936935046356e-05
3.07343204699191,8.44536794792714e-05
3.07702250499074,8.44267101770223e-05
3.08061296298956,8.43996555899075e-05
3.08420342098838,8.4323686392415e-05
3.0877938789872,8.41397195875428e-05
3.09138433698603,8.39485033987848e-05
3.09497479498485,8.37279287436633e-05
3.09856525298367,8.35775428184014e-05
3.10215571098249,8.34416143443035e-05
3.10574616898132,8.35078662307995e-05
3.10933662698014,8.34745682822784e-05
3.11292708497896,8.32285984089477e-05
3.11651754297778,8.3344297045143e-05
3.1201080009766,8.30461992304752e-05
3.12369845897543,8.26005944106369e-05
3.12728891697425,8.29528684649763e-05
3.13087937497307,8.25148148947019e-05
3.13446983297189,8.25956411908366e-05
3.13806029097072,8.25381314631001e-05
3.14165074896954,8.2140081425697e-05
3.14524120696836,8.21735758808792e-05
3.14883166496718,8.20694399017414e-05
3.15242212296601,8.1943891248632e-05
3.15601258096483,8.16399640453444e-05
3.15960303896365,8.17034963606203e-05
3.16319349696247,8.16903337257412e-05
3.1667839549613,8.17779727403897e-05
3.17037441296012,8.1380114931321e-05
3.17396487095894,8.14781781249515e-05
3.17755532895776,8.13258678115652e-05
3.18114578695658,8.10539707837591e-05
3.18473624495541,8.08059299794214e-05
3.18832670295423,8.06771663954269e-05
3.19191716095305,8.06739347374727e-05
3.19550761895187,8.06070307179134e-05
3.1990980769507,8.04116430608415e-05
3.20268853494952,8.04960347375244e-05
3.20627899294834,8.00026198495363e-05
3.20986945094716,8.02423183098626e-05
3.21345990894599,8.00424769592088e-05
3.21705036694481,7.99211162204145e-05
3.22064082494363,7.97708379832662e-05
3.22423128294245,7.97707509065236e-05
3.22782174094128,7.9523204185112e-05
3.2314121989401,7.96610873535371e-05
3.23500265693892,7.94375140113924e-05
3.23859311493774,7.91846211084684e-05
3.24218357293656,7.94465382406189e-05
3.24577403093539,7.90227806812409e-05
3.24936448893421,7.89065796044877e-05
3.25295494693303,7.89665577144615e-05
3.25654540493185,7.87878328141794e-05
3.26013586293068,7.87223357594837e-05
3.2637263209295,7.85515328900328e-05
3.26731677892832,7.85946122040428e-05
3.27090723692714,7.84155487706513e-05
3.27449769492596,7.84156368754858e-05
3.27808815292479,7.82158535212589e-05
3.28167861092361,7.79779708395769e-05
3.28526906892243,7.80096529933933e-05
3.28885952692125,7.79407012801794e-05
3.29244998492008,7.77192998961635e-05
3.2960404429189,7.78631750021552e-05
3.29963090091772,7.75569550621842e-05
3.30322135891654,7.74196023720805e-05
3.30681181691537,7.72057313185488e-05
3.31040227491419,7.71351045138706e-05
3.31399273291301,7.71748420929263e-05
3.31758319091183,7.7049679434743e-05
3.32117364891066,7.69325452057771e-05
3.32476410690948,7.67852997972276e-05
3.3283545649083,7.68359670306638e-05
3.33194502290712,7.67255003186257e-05
3.33553548090594,7.66050422833597e-05
3.33912593890477,7.63754678953776e-05
3.34271639690359,7.6498129156806e-05
3.34630685490241,7.61170330651722e-05
3.34989731290123,7.63190604652673e-05
3.35348777090006,7.61681139857854e-05
3.35707822889888,7.59009509064774e-05
3.3606686868977,7.60545981688258e-05
3.36425914489652,7.56749629691177e-05
3.36784960289535,7.56180121673697e-05
3.37144006089417,7.57084326858863e-05
3.37503051889299,7.52059935015835e-05
3.37862097689181,7.52052095994129e-05
3.38221143489063,7.52876153347805e-05
3.38580189288946,7.51290065542084e-05
3.38939235088828,7.49474501890409e-05
3.3929828088871,7.52177353384024e-05
3.39657326688592,7.50853084787153e-05
3.40016372488475,7.49637529238233e-05
3.40375418288357,7.48444306535041e-05
3.40734464088239,7.44939027170513e-05
3.41093509888121,7.4739016983508e-05
3.41452555688004,7.45067037128267e-05
3.41811601487886,7.44411996186837e-05
3.42170647287768,7.44476593028311e-05
3.4252969308765,7.39206142518183e-05
3.42888738887533,7.40311631726523e-05
3.43247784687415,7.40466215698114e-05
3.43606830487297,7.39544359578527e-05
3.43965876287179,7.38521527430922e-05
3.44324922087061,7.37699375078772e-05
3.44683967886944,7.36542078158934e-05
3.45043013686826,7.36828820081204e-05
3.45402059486708,7.34752200511711e-05
3.4576110528659,7.32750621505389e-05
3.46120151086473,7.31807090771859e-05
3.46479196886355,7.3286228016711e-05
3.46838242686237,7.30129332680186e-05
3.47197288486119,7.30735706608291e-05
3.47556334286002,7.31591943731069e-05
3.47915380085884,7.26576490801204e-05
3.48274425885766,7.2682680597528e-05
3.48633471685648,7.28064143597634e-05
3.48992517485531,7.22096235575806e-05
3.49351563285413,7.23016826271124e-05
3.49710609085295,7.24944554287959e-05
3.50069654885177,7.21775545338842e-05
3.50428700685059,7.21663341639039e-05
3.50787746484942,7.22447325804177e-05
3.51146792284824,7.19971372852524e-05
3.51505838084706,7.19936543776791e-05
3.51864883884588,7.1830714534943e-05
3.52223929684471,7.17246582742127e-05
3.52582975484353,7.17445553299058e-05
3.52942021284235,7.15410263039181e-05
3.53301067084117,7.15560319320826e-05
3.53660112884,7.14407098052809e-05
3.54019158683882,7.12564430125262e-05
3.54378204483764,7.11352945601322e-05
3.54737250283646,7.10112246589548e-05
3.55096296083528,7.10834771652817e-05
3.55455341883411,7.11912239208437e-05
3.55814387683293,7.08093545707286e-05
3.56173433483175,7.09541725074477e-05
3.56532479283057,7.10882108771536e-05
3.5689152508294,7.07772794292127e-05
3.57250570882822,7.05334913979184e-05
3.57609616682704,7.07390429419227e-05
3.57968662482586,7.06247574195612e-05
3.58327708282469,7.02837756585788e-05
3.58686754082351,7.0338954666822e-05
3.59045799882233,7.02835374722022e-05
3.59404845682115,7.04985330408978e-05
3.59763891481997,7.01053631671354e-05
3.6012293728188,6.99865835837762e-05
3.60481983081762,6.99462118952019e-05
3.60841028881644,6.99106036809113e-05
3.61200074681526,6.97667881965963e-05
3.61559120481409,6.97057233548495e-05
3.61918166281291,6.95425302288595e-05
3.62277212081173,6.9574749735771e-05
3.62636257881055,6.94260663031886e-05
3.62995303680938,6.94663209770667e-05
3.6335434948082,6.93843104744289e-05
3.63713395280702,6.89459867657356e-05
3.64072441080584,6.91470342185863e-05
3.64431486880467,6.9188469853866e-05
3.64790532680349,6.88388887615474e-05
3.65149578480231,6.89128808263431e-05
3.65508624280113,6.84128698475928e-05
3.65867670079995,6.88174909900616e-05
3.66226715879878,6.86469482185473e-05
3.6658576167976,6.88948721659827e-05
3.66944807479642,6.8584654880932e-05
3.67303853279524,6.86535455515553e-05
3.67662899079407,6.83169663663591e-05
3.68021944879289,6.82025215210369e-05
3.68380990679171,6.806946198504e-05
3.68740036479053,6.79411384861801e-05
3.69099082278936,6.81293486299649e-05
3.69458128078818,6.79562229132128e-05
3.698171738787,6.813947238369e-05
3.70176219678582,6.77378533664495e-05
3.70535265478464,6.78037921122649e-05
3.70894311278347,6.75305611644157e-05
3.71253357078229,6.77555154087803e-05
3.71612402878111,6.74758179968463e-05
3.71971448677993,6.74845699095248e-05
3.72330494477876,6.72492320796903e-05
3.72689540277758,6.7377038608015e-05
3.7304858607764,6.71989627618741e-05
3.73407631877522,6.71024457353112e-05
3.73766677677405,6.69322643699051e-05
3.74125723477287,6.69225873943427e-05
3.74484769277169,6.67580163149556e-05
3.74843815077051,6.68424393953868e-05
3.75202860876934,6.66600443157131e-05
3.75561906676816,6.64776145130374e-05
3.75920952476698,6.64973994601243e-05
3.7627999827658,6.6526120719965e-05
3.76639044076462,6.64636845369495e-05
3.76998089876345,6.63625081018175e-05
3.77357135676227,6.63391480209937e-05
3.77716181476109,6.61856193006606e-05
3.78075227275991,6.60555188205506e-05
3.78434273075874,6.61430917236461e-05
3.78793318875756,6.59723942506159e-05
3.79152364675638,6.59910484075074e-05
3.7951141047552,6.58989226602289e-05
3.79870456275403,6.57254761788852e-05
3.80229502075285,6.57334332259283e-05
3.80588547875167,6.57898084324401e-05
3.80947593675049,6.5631024581236e-05
3.81306639474931,6.5469087768288e-05
3.81665685274814,6.54618451528014e-05
3.82024731074696,6.53138279818736e-05
3.82383776874578,6.53323993483001e-05
3.8274282267446,6.5344779589417e-05
3.83101868474343,6.52259491918799e-05
3.83460914274225,6.51127793478163e-05
3.83819960074107,6.49192217442068e-05
3.84179005873989,6.49743371173343e-05
3.84538051673872,6.49033925801526e-05
3.84897097473754,6.47485571893243e-05
3.85256143273636,6.46897859358639e-05
3.85615189073518,6.4729325369722e-05
3.85974234873401,6.45378553117296e-05
3.86333280673283,6.4510208955891e-05
3.86692326473165,6.44157362399353e-05
3.87051372273047,6.43862019535629e-05
3.87410418072929,6.44059332024309e-05
3.87769463872812,6.42082418179813e-05
3.88128509672694,6.41429149991482e-05
3.88487555472576,6.41071382931487e-05
3.88846601272458,6.40754197972411e-05
3.89205647072341,6.40750047631052e-05
3.89564692872223,6.39276454213273e-05
3.89923738672105,6.38000740796628e-05
3.90282784471987,6.38322268540209e-05
3.9064183027187,6.37775148358179e-05
3.91000876071752,6.35866588930621e-05
3.91359921871634,6.35664945137545e-05
3.91718967671516,6.36336527172718e-05
3.92078013471399,6.34773916920103e-05
3.92437059271281,6.33823074015549e-05
3.92796105071163,6.34046426552399e-05
3.93155150871045,6.31734269865808e-05
3.93514196670927,6.32363447077806e-05
3.9387324247081,6.31601095872215e-05
3.94232288270692,6.30309416725997e-05
3.94591334070574,6.29020043635365e-05
3.94950379870456,6.28989561627193e-05
3.95309425670339,6.28773806915102e-05
3.95668471470221,6.27754104567994e-05
3.96027517270103,6.29265566492609e-05
3.96386563069985,6.26581778197788e-05
3.96745608869867,6.2692115903698e-05
3.9710465466975,6.26254071710771e-05
3.97463700469632,6.24540317243803e-05
3.97822746269514,6.24108330918179e-05
3.98181792069396,6.23589921459706e-05
3.98540837869279,6.23352298243609e-05
3.98899883669161,6.22808405930111e-05
3.99258929469043,6.21646123857938e-05
3.99617975268925,6.20857650762486e-05
3.99977021068808,6.20374686431514e-05
4.0033606686869,6.19690673524768e-05
4.00695112668572,6.18834925193896e-05
4.01054158468454,6.17390161970374e-05
4.01413204268337,6.19003723391185e-05
4.01772250068219,6.16748140743614e-05
4.02131295868101,6.16535372968679e-05
4.02490341667983,6.17135763312391e-05
4.02849387467865,6.14598720883783e-05
4.03208433267748,6.13865173042766e-05
4.0356747906763,6.1376264976118e-05
4.03926524867512,6.15555457528108e-05
4.04285570667394,6.11974098380728e-05
4.04644616467277,6.1123114208601e-05
4.05003662267159,6.12927382878804e-05
4.05362708067041,6.10932294868338e-05
4.05721753866923,6.10780859749414e-05
4.06080799666806,6.10217301301071e-05
4.06439845466688,6.09811447188252e-05
4.0679889126657,6.08341261639499e-05
4.07157937066452,6.09198978889009e-05
4.07516982866334,6.08524838237489e-05
4.07876028666217,6.06502494668586e-05
4.08235074466099,6.06643065965068e-05
4.08594120265981,6.06581689628889e-05
4.08953166065863,6.05430167328589e-05
4.09312211865746,6.02634133909774e-05
4.09671257665628,6.05169413195053e-05
4.1003030346551,6.03622097612046e-05
4.10389349265392,6.03078218259722e-05
4.10748395065275,6.02421222423903e-05
4.11107440865157,6.019520667443e-05
4.11466486665039,6.00754675463962e-05
4.11825532464921,6.00222858772862e-05
4.12184578264803,6.00707476778532e-05
4.12543624064686,5.99486111904276e-05
4.12902669864568,5.98669182527771e-05
4.1326171566445,5.99456792268034e-05
4.13620761464332,5.97987069376873e-05
4.13979807264215,5.96260614692648e-05
4.14338853064097,5.96273844055015e-05
4.14697898863979,5.96074913868479e-05
4.15056944663861,5.94516827682873e-05
4.15415990463744,5.94888898081798e-05
4.15775036263626,5.94055593568934e-05
4.16134082063508,5.93840304215386e-05
4.1649312786339,5.93475341644138e-05
4.16852173663272,5.93294989030706e-05
4.17211219463155,5.91473213702602e-05
4.17570265263037,5.90983816589022e-05
4.17929311062919,5.90509140753792e-05
4.18288356862801,5.89759085256959e-05
4.18647402662684,5.89727401474298e-05
4.19006448462566,5.8914094332518e-05
4.19365494262448,5.8936267133593e-05
4.1972454006233,5.87627101194586e-05
4.20083585862213,5.87562419583413e-05
4.20442631662095,5.87068450241079e-05
4.20801677461977,5.86366868813949e-05
4.21160723261859,5.86366523141957e-05
4.21519769061742,5.85907659624916e-05
4.21878814861624,5.84564767041368e-05
4.22237860661506,5.83575471359044e-05
4.22596906461388,5.84150930285964e-05
4.22955952261271,5.83329597703419e-05
4.23314998061153,5.82545397774861e-05
4.23674043861035,5.82579134136537e-05
4.24033089660917,5.80548335068407e-05
4.24392135460799,5.80129290202332e-05
4.24751181260682,5.80510579300693e-05
4.25110227060564,5.79520942209415e-05
4.25469272860446,5.78716388933714e-05
4.25828318660328,5.78398302103993e-05
4.26187364460211,5.77923861848326e-05
4.26546410260093,5.77804592713419e-05
4.26905456059975,5.761746162307e-05
4.27264501859857,5.7745133221293e-05
4.2762354765974,5.76016606280529e-05
4.27982593459622,5.75345704464024e-05
4.28341639259504,5.75778813109288e-05
4.28700685059386,5.74992830337961e-05
4.29059730859268,5.73606308536537e-05
4.29418776659151,5.73660533588909e-05
4.29777822459033,5.72451075523497e-05
4.30136868258915,5.72357603752501e-05
4.30495914058797,5.7199451080765e-05
4.3085495985868,5.71418802016472e-05
4.31214005658562,5.6928577429953e-05
4.31573051458444,5.69567749462333e-05
4.31932097258326,5.70151050121654e-05
4.32291143058209,5.690019558764e-05
4.32650188858091,5.68538228552548e-05
4.33009234657973,5.67272767019915e-05
4.33368280457855,5.68205641162033e-05
4.33727326257737,5.66772543440709e-05
4.3408637205762,5.66351505453367e-05
4.34445417857502,5.64305931916573e-05
4.34804463657384,5.64972792352162e-05
4.35163509457266,5.6420671420546e-05
4.35522555257149,5.66034458293151e-05
4.35881601057031,5.64139373114692e-05
4.36240646856913,5.64364268723701e-05
4.36599692656795,5.62831285609134e-05
4.36958738456678,5.63352149037837e-05
4.3731778425656,5.61763199074726e-05
4.37676830056442,5.62034305458213e-05
4.38035875856324,5.60743285077428e-05
4.38394921656207,5.60168381499372e-05
4.38753967456089,5.6022724017285e-05
4.39113013255971,5.60335599950415e-05
4.39472059055853,5.58483731415697e-05
4.39831104855736,5.58302389604807e-05
4.40190150655618,5.57059146911331e-05
4.405491964555,5.58044242741804e-05
4.40908242255382,5.56851928584513e-05
4.41267288055264,5.55938456434007e-05
4.41626333855147,5.55908958024572e-05
4.41985379655029,5.55687968634905e-05
4.42344425454911,5.55229464271132e-05
4.42703471254793,5.54434791324515e-05
4.43062517054676,5.54174867184943e-05
4.43421562854558,5.5444123135264e-05
4.4378060865444,5.52839994349649e-05
4.44139654454322,5.51027546423305e-05
4.44498700254205,5.51979376591223e-05
4.44857746054087,5.51617007085483e-05
4.45216791853969,5.51208575864678e-05
4.45575837653851,5.49845337856814e-05
4.45934883453733,5.49244353699072e-05
4.46293929253616,5.49913765455978e-05
4.46652975053498,5.49386576839594e-05
4.4701202085338,5.4864204911002e-05
4.47371066653262,5.48301828398578e-05
4.47730112453145,5.48339248412592e-05
4.48089158253027,5.47472831608236e-05
4.48448204052909,5.46462420458403e-05
4.48807249852791,5.45728214209563e-05
4.49166295652673,5.46245119165724e-05
4.49525341452556,5.45966461769787e-05
4.49884387252438,5.44243572830281e-05
4.5024343305232,5.43998763515588e-05
4.50602478852202,5.43917114428232e-05
4.50961524652085,5.43293153051214e-05
4.51320570451967,5.43127150823742e-05
4.51679616251849,5.4247547661106e-05
4.52038662051731,5.42002280869389e-05
4.52397707851614,5.40914940160034e-05
4.52756753651496,5.41571245943029e-05
4.53115799451378,5.40411060894708e-05
4.5347484525126,5.39347023240195e-05
4.53833891051143,5.3945048765637e-05
4.54192936851025,5.39172173529957e-05
4.54551982650907,5.383796904097e-05
4.54911028450789,5.37491872114924e-05
4.55270074250671,5.37508186929255e-05
4.55629120050554,5.3698406287264e-05
4.55988165850436,5.37461033673942e-05
4.56347211650318,5.36563725944928e-05
4.567062574502,5.35436503007115e-05
4.57065303250083,5.34966281304607e-05
4.57424349049965,5.34095907377225e-05
4.57783394849847,5.3522173962486e-05
4.58142440649729,5.33496457309728e-05
4.58501486449612,5.33269376695891e-05
4.58860532249494,5.34089102423153e-05
4.59219578049376,5.32641396151519e-05
4.59578623849258,5.32121590713137e-05
4.59937669649141,5.31670258607836e-05
4.60296715449023,5.30718083017734e-05
4.60655761248905,5.30897811569026e-05
4.61014807048787,5.2988800038288e-05
4.61373852848669,5.29987858863145e-05
4.61732898648552,5.29271830908076e-05
4.62091944448434,5.2898616001408e-05
4.62450990248316,5.28502511866641e-05
4.62810036048198,5.28029898451483e-05
4.63169081848081,5.2814756961569e-05
4.63528127647963,5.27332464575378e-05
4.63887173447845,5.2653410880322e-05
4.64246219247727,5.26557229798917e-05
4.6460526504761,5.26139221792993e-05
4.64964310847492,5.25438021623939e-05
4.65323356647374,5.24916370631956e-05
4.65682402447256,5.25051421312603e-05
4.66041448247138,5.24470154723486e-05
4.66400494047021,5.23811461399779e-05
4.66759539846903,5.23121381871413e-05
4.67118585646785,5.22467510170211e-05
4.67477631446667,5.21425954357316e-05
4.6783667724655,5.22331247367985e-05
4.68195723046432,5.21447659983402e-05
4.68554768846314,5.2124378753028e-05
4.68913814646196,5.20508555381919e-05
4.69272860446079,5.20425179542096e-05
4.69631906245961,5.19678900722785e-05
4.69990952045843,5.19357879039119e-05
4.70349997845725,5.19474282767194e-05
4.70709043645607,5.18267986907105e-05
4.7106808944549,5.1828230768603e-05
4.71427135245372,5.17818164527702e-05
4.71786181045254,5.17180624427115e-05
4.72145226845136,5.16968639484878e-05
4.72504272645019,5.16760107792382e-05
4.72863318444901,5.15916818582453e-05
4.73222364244783,5.15278526692877e-05
4.73581410044665,5.15041524507922e-05
4.73940455844548,5.14951253570007e-05
4.7429950164443,5.14295636948793e-05
4.74658547444312,5.13856340986613e-05
4.75017593244194,5.13267989154823e-05
4.75376639044077,5.13422508675737e-05
4.75735684843959,5.12499810611323e-05
4.76094730643841,5.12189604720923e-05
4.76453776443723,5.11892578396063e-05
4.76812822243606,5.11669685872655e-05
4.77171868043488,5.11048712396207e-05
4.7753091384337,5.10424393791065e-05
4.77889959643252,5.10176745844802e-05
4.78249005443134,5.09651700801839e-05
4.78608051243017,5.09565096584265e-05
4.78967097042899,5.08790891844613e-05
4.79326142842781,5.08294346154276e-05
4.79685188642663,5.0845596290849e-05
4.80044234442546,5.07601622967029e-05
4.80403280242428,5.07112153661076e-05
4.8076232604231,5.06561124263648e-05
4.81121371842192,5.06136298993215e-05
4.81480417642075,5.05476253524189e-05
4.81839463441957,5.05622015929242e-05
4.82198509241839,5.0535923634266e-05
4.82557555041721,5.04569113267197e-05
4.82916600841603,5.04650087628322e-05
4.83275646641486,5.03828888127289e-05
4.83634692441368,5.03790294908058e-05
4.8399373824125,5.03003438403386e-05
4.84352784041132,5.02472751585405e-05
4.84711829841015,5.02321711372957e-05
4.85070875640897,5.01256427051459e-05
4.85429921440779,5.01460954405914e-05
4.85788967240661,5.01069277947907e-05
4.86148013040544,5.00989231059908e-05
4.86507058840426,5.00330624303434e-05
4.86866104640308,4.99772810443206e-05
4.8722515044019,4.99873829172381e-05
4.87584196240072,4.98930775753583e-05
4.87943242039955,4.98823566252714e-05
4.88302287839837,4.98003769067898e-05
4.88661333639719,4.98187379121183e-05
4.89020379439601,4.97727142491388e-05
4.89379425239484,4.96781107393508e-05
4.89738471039366,4.96799525807469e-05
4.90097516839248,4.96153726250629e-05
4.9045656263913,4.95889426488031e-05
4.90815608439013,4.95155957129654e-05
4.91174654238895,4.95619645040451e-05
4.91533700038777,4.94841341562325e-05
4.91892745838659,4.94792651914685e-05
4.92251791638541,4.94130418498486e-05
4.92610837438424,4.9433001869661e-05
4.92969883238306,4.93059934711126e-05
4.93328929038188,4.92225701712996e-05
4.9368797483807,4.92547665025184e-05
4.94047020637953,4.9230717331894e-05
4.94406066437835,4.91403739794283e-05
4.94765112237717,4.91629194135551e-05
4.95124158037599,4.91549974659817e-05
4.95483203837482,4.90417442590637e-05
4.95842249637364,4.89918175417795e-05
4.96201295437246,4.89976289893941e-05
4.96560341237128,4.8921720659376e-05
4.96919387037011,4.88480477711692e-05
4.97278432836893,4.89771354854838e-05
4.97637478636775,4.89157246264389e-05
4.97996524436657,4.87029145348313e-05
4.98355570236539,4.87709761055483e-05
4.98714616036422,4.87404681977076e-05
4.99073661836304,4.86469119948667e-05
4.99432707636186,4.86143129487632e-05
4.99791753436068,4.87531856749912e-05
