freqs,specs
-2.99803242901665,2.87108331408541e-05
-2.99444197101782,2.92620777214689e-05
-2.990851513019,2.94016422573725e-05
-2.98726105502018,2.94771693282616e-05
-2.98367059702136,2.95312356529049e-05
-2.98008013902253,2.95755020156567e-05
-2.97648968102371,2.9614333255232e-05
-2.97289922302489,2.96500581908261e-05
-2.96930876502607,2.9683650357356e-05
-2.96571830702724,2.97159460886448e-05
-2.96212784902842,2.97471685618472e-05
-2.9585373910296,2.97777686426503e-05
-2.95494693303078,2.98077019141679e-05
-2.95135647503196,2.9837319824371e-05
-2.94776601703313,2.98665618868336e-05
-2.94417555903431,2.98956144016694e-05
-2.94058510103549,2.99244603652809e-05
-2.93699464303667,2.99531528029982e-05
-2.93340418503784,2.9981773212986e-05
-2.92981372703902,3.00102572199416e-05
-2.9262232690402,3.0038691394743e-05
-2.92263281104138,3.00670732667374e-05
-2.91904235304255,3.00955623986275e-05
-2.91545189504373,3.01236572588672e-05
-2.91186143704491,3.01519470951313e-05
-2.90827097904609,3.0180307497482e-05
-2.90468052104727,3.02085930620599e-05
-2.90109006304844,3.02368411299801e-05
-2.89749960504962,3.02651445896401e-05
-2.8939091470508,3.0293444434414e-05
-2.89031868905198,3.03218426793114e-05
-2.88672823105315,3.03501093229417e-05
-2.88313777305433,3.03784988049218e-05
-2.87954731505551,3.04068722607595e-05
-2.87595685705669,3.04352595428403e-05
-2.87236639905786,3.04637364806326e-05
-2.86877594105904,3.0492473378982e-05
-2.86518548306022,3.05207751518751e-05
-2.8615950250614,3.05493080677963e-05
-2.85800456706257,3.05778930970348e-05
-2.85441410906375,3.06065327456968e-05
-2.85082365106493,3.06352379091373e-05
-2.84723319306611,3.06639048801199e-05
-2.84364273506729,3.06927130546445e-05
-2.84005227706846,3.07214822055677e-05
-2.83646181906964,3.07504135065927e-05
-2.83287136107082,3.07793650059231e-05
-2.829280903072,3.08089022788694e-05
-2.82569044507317,3.08365800063607e-05
-2.82209998707435,3.08658636476465e-05
-2.81850952907553,3.08950606955856e-05
-2.81491907107671,3.0924171942613e-05
-2.81132861307788,3.09533161539617e-05
-2.80773815507906,3.09825757965325e-05
-2.80414769708024,3.10118492438714e-05
-2.80055723908142,3.10411920833772e-05
-2.7969667810826,3.10703736219791e-05
-2.79337632308377,3.10998531588746e-05
-2.78978586508495,3.1129329683366e-05
-2.78619540708613,3.11589064973455e-05
-2.78260494908731,3.11884459760981e-05
-2.77901449108848,3.12180634761802e-05
-2.77542403308966,3.12477281653466e-05
-2.77183357509084,3.12774441269786e-05
-2.76824311709202,3.1307249191341e-05
-2.76465265909319,3.13370806669002e-05
-2.76106220109437,3.13669367942649e-05
-2.75747174309555,3.13968562395477e-05
-2.75388128509673,3.14268837392319e-05
-2.7502908270979,3.14569643830217e-05
-2.74670036909908,3.14870424346644e-05
-2.74310991110026,3.15171443002688e-05
-2.73951945310144,3.15472964927011e-05
-2.73592899510262,3.15778289976936e-05
-2.73233853710379,3.16080602200391e-05
-2.72874807910497,3.16383826216747e-05
-2.72515762110615,3.16688593278849e-05
-2.72156716310733,3.16993616556704e-05
-2.7179767051085,3.17297849284496e-05
-2.71438624710968,3.17604901445533e-05
-2.71079578911086,3.17911922136719e-05
-2.70720533111204,3.1821904276143e-05
-2.70361487311321,3.18527534781285e-05
-2.70002441511439,3.18836261547512e-05
-2.69643395711557,3.19145286238332e-05
-2.69284349911675,3.19455438184901e-05
-2.68925304111792,3.19766204112093e-05
-2.6856625831191,3.20077860360417e-05
-2.68207212512028,3.20390422820959e-05
-2.67848166712146,3.20704329483071e-05
-2.67489120912264,3.21021341486472e-05
-2.67130075112381,3.21344768402934e-05
-2.66771029312499,3.21742373005471e-05
-2.66411983512617,3.21904259891749e-05
-2.66052937712735,3.22244666048753e-05
-2.65693891912852,3.22567513876299e-05
-2.6533484611297,3.22886515922589e-05
-2.64975800313088,3.2320501272717e-05
-2.64616754513206,3.23523604350265e-05
-2.64257708713324,3.23842393108865e-05
-2.63898662913441,3.24161375014908e-05
-2.63539617113559,3.24481501109585e-05
-2.63180571313677,3.24800927186234e-05
-2.62821525513795,3.25120383975889e-05
-2.62462479713912,3.25444377929058e-05
-2.6210343391403,3.25765422694383e-05
-2.61744388114148,3.26087471315902e-05
-2.61385342314266,3.26410994366136e-05
-2.61026296514383,3.26734621582958e-05
-2.60667250714501,3.27058849714698e-05
-2.60308204914619,3.27383857836375e-05
-2.59949159114737,3.27709416423907e-05
-2.59590113314854,3.28035708313709e-05
-2.59231067514972,3.28362450442446e-05
-2.5887202171509,3.28689722685506e-05
-2.58512975915208,3.29018404395559e-05
-2.58153930115326,3.29347355261741e-05
-2.57794884315443,3.29676652860847e-05
-2.57435838515561,3.30005518153124e-05
-2.57076792715679,3.30337738988343e-05
-2.56717746915797,3.30668409140541e-05
-2.56358701115914,3.31000917589837e-05
-2.55999655316032,3.31334065390706e-05
-2.5564060951615,3.31668526673798e-05
-2.55281563716268,3.31999853799556e-05
-2.54922517916385,3.32335319133307e-05
-2.54563472116503,3.32674789662998e-05
-2.54204426316621,3.3300820489734e-05
-2.53845380516739,3.33344737013305e-05
-2.53486334716857,3.33680775501491e-05
-2.53127288916974,3.34019808933874e-05
-2.52768243117092,3.34358914029479e-05
-2.5240919731721,3.3469846627018e-05
-2.52050151517328,3.35038500524968e-05
-2.51691105717445,3.35379718178286e-05
-2.51332059917563,3.35721574109543e-05
-2.50973014117681,3.36063887035119e-05
-2.50613968317799,3.36406972662845e-05
-2.50254922517916,3.36751147316349e-05
-2.49895876718034,3.37095506868212e-05
-2.49536830918152,3.3744060268577e-05
-2.4917778511827,3.37787528342065e-05
-2.48818739318387,3.38134337604947e-05
-2.48459693518505,3.3848252008609e-05
-2.48100647718623,3.38831585775594e-05
-2.47741601918741,3.39182432354577e-05
-2.47382556118859,3.39534695582804e-05
-2.47023510318976,3.39892932870867e-05
-2.46664464519094,3.40276816940189e-05
-2.46305418719212,3.40490211653175e-05
-2.4594637291933,3.40903438760246e-05
-2.45587327119447,3.41267686452961e-05
-2.45228281319565,3.41623362272466e-05
-2.44869235519683,3.41980436023413e-05
-2.44510189719801,3.42336935620488e-05
-2.44151143919918,3.42693803341892e-05
-2.43792098120036,3.43051096811246e-05
-2.43433052320154,3.43408739258153e-05
-2.43074006520272,3.43767943694746e-05
-2.4271496072039,3.44126918816192e-05
-2.42355914920507,3.44487032752167e-05
-2.41996869120625,3.44847240061208e-05
-2.41637823320743,3.45208383144753e-05
-2.41278777520861,3.45570783823081e-05
-2.40919731720978,3.45933559764173e-05
-2.40560685921096,3.46296975806653e-05
-2.40201640121214,3.46661458599575e-05
-2.39842594321332,3.47026262477444e-05
-2.39483548521449,3.47392018385469e-05
-2.39124502721567,3.47759215017001e-05
-2.38765456921685,3.48126248452969e-05
-2.38406411121803,3.48494556899471e-05
-2.38047365321921,3.4886228885341e-05
-2.37688319522038,3.49231686319972e-05
-2.37329273722156,3.49607145109522e-05
-2.36970227922274,3.49974955556426e-05
-2.36611182122392,3.50346618367313e-05
-2.36252136322509,3.507195518524e-05
-2.35893090522627,3.51093410402357e-05
-2.35534044722745,3.51467974957495e-05
-2.35174998922863,3.51843554294059e-05
-2.3481595312298,3.52219810626262e-05
-2.34456907323098,3.52597463922755e-05
-2.34097861523216,3.52975713935812e-05
-2.33738815723334,3.53358368323229e-05
-2.33379769923451,3.53802033729455e-05
-2.33020724123569,3.54098401943001e-05
-2.32661678323687,3.54485080513302e-05
-2.32302632523805,3.54868097382003e-05
-2.31943586723923,3.55251357918898e-05
-2.3158454092404,3.55634678357449e-05
-2.31225495124158,3.56019553439123e-05
-2.30866449324276,3.56404142619306e-05
-2.30507403524394,3.56790015570755e-05
-2.30148357724511,3.57176645308054e-05
-2.29789311924629,3.57561212130908e-05
-2.29430266124747,3.57939181659988e-05
-2.29071220324865,3.58359414707878e-05
-2.28712174524982,3.5873923135473e-05
-2.283531287251,3.59129906831113e-05
-2.27994082925218,3.59519018350567e-05
-2.27635037125336,3.59911196408766e-05
-2.27275991325454,3.60304398999483e-05
-2.26916945525571,3.60698756050813e-05
-2.26557899725689,3.61093911240177e-05
-2.26198853925807,3.61489737380451e-05
-2.25839808125925,3.61886950219112e-05
-2.25480762326042,3.6228486627714e-05
-2.2512171652616,3.6268310814023e-05
-2.24762670726278,3.63082984889504e-05
-2.24403624926396,3.6348344133553e-05
-2.24044579126513,3.63885077324398e-05
-2.23685533326631,3.64287264882302e-05
-2.23326487526749,3.64691351653702e-05
-2.22967441726867,3.65095476785646e-05
-2.22608395926984,3.65500605084819e-05
-2.22249350127102,3.65906885896816e-05
-2.2189030432722,3.66314483666674e-05
-2.21531258527338,3.66723489358862e-05
-2.21172212727456,3.67133110724802e-05
-2.20813166927573,3.67552668870958e-05
-2.20454121127691,3.67989070678562e-05
-2.20095075327809,3.68275116198862e-05
-2.19736029527927,3.68747375604211e-05
-2.19376983728044,3.69167479003966e-05
-2.19017937928162,3.69587203411029e-05
-2.1865889212828,3.70004035159255e-05
-2.18299846328398,3.70421411622334e-05
-2.17940800528515,3.7083835716421e-05
-2.17581754728633,3.71256564999148e-05
-2.17222708928751,3.71676322746418e-05
-2.16863663128869,3.72095921769557e-05
-2.16504617328986,3.72516884048704e-05
-2.16145571529104,3.729400434479e-05
-2.15786525729222,3.73361512078354e-05
-2.1542747992934,3.73785161592353e-05
-2.15068434129458,3.74209689616109e-05
-2.14709388329575,3.74635271801318e-05
-2.14350342529693,3.750620790686e-05
-2.13991296729811,3.75489516807411e-05
-2.13632250929929,3.75918461480255e-05
-2.13273205130046,3.76350263970664e-05
-2.12914159330164,3.76774676604629e-05
-2.12555113530282,3.77207512391241e-05
-2.121960677304,3.77641615933013e-05
-2.11837021930517,3.78073395415534e-05
-2.11477976130635,3.78508051820565e-05
-2.11118930330753,3.7894296021751e-05
-2.10759884530871,3.79379683412167e-05
-2.10400838730989,3.79816937568487e-05
-2.10041792931106,3.80255831959979e-05
-2.09682747131224,3.80694539955365e-05
-2.09323701331342,3.81135392136417e-05
-2.0896465553146,3.81576591429374e-05
-2.08605609731577,3.82018637341148e-05
-2.08246563931695,3.82462187406664e-05
-2.07887518131813,3.82906374009188e-05
-2.07528472331931,3.83352063249571e-05
-2.07169426532048,3.83798782992111e-05
-2.06810380732166,3.84246190998038e-05
-2.06451334932284,3.84694771823499e-05
-2.06092289132402,3.85144639643861e-05
-2.05733243332519,3.85595368706607e-05
-2.05374197532637,3.86047194305877e-05
-2.05015151732755,3.86499410680287e-05
-2.04656105932873,3.86953550702052e-05
-2.04297060132991,3.87408402770883e-05
-2.03938014333108,3.87866053749885e-05
-2.03578968533226,3.88321693909154e-05
-2.03219922733344,3.88780116421235e-05
-2.02860876933462,3.89238385534889e-05
-2.02501831133579,3.89699117253954e-05
-2.02142785333697,3.90160843927653e-05
-2.01783739533815,3.90623390328879e-05
-2.01424693733933,3.91086744233933e-05
-2.01065647934051,3.91551044417406e-05
-2.00706602134168,3.92017955338955e-05
-2.00347556334286,3.92484942239401e-05
-1.99988510534404,3.92934595817899e-05
-1.99629464734522,3.93421542994842e-05
-1.99270418934639,3.9389197082915e-05
-1.98911373134757,3.94363136662447e-05
-1.98552327334875,3.94835737103664e-05
-1.98193281534993,3.95309568267812e-05
-1.9783423573511,3.95784354107785e-05
-1.97475189935228,3.96260336338133e-05
-1.97116144135346,3.96737406765462e-05
-1.96757098335464,3.97215592276229e-05
-1.96398052535581,3.97695077160883e-05
-1.96039006735699,3.98177144637303e-05
-1.95679960935817,3.98656663839779e-05
-1.95320915135935,3.99139777089628e-05
-1.94961869336053,3.99624812188144e-05
-1.9460282353617,4.00109124918691e-05
-1.94243777736288,4.00595478151453e-05
-1.93884731936406,4.01083228764997e-05
-1.93525686136524,4.01572049076632e-05
-1.93166640336641,4.02061566030656e-05
-1.92807594536759,4.02554075533276e-05
-1.92448548736877,4.030452439931e-05
-1.92089502936995,4.03535053693688e-05
-1.91730457137112,4.040349634903e-05
-1.9137141133723,4.04530293357801e-05
-1.91012365537348,4.0502726034607e-05
-1.90653319737466,4.05525296953701e-05
-1.90294273937583,4.06024880809918e-05
-1.89935228137701,4.06525703420018e-05
-1.89576182337819,4.07028096290653e-05
-1.89217136537937,4.0753115109472e-05
-1.88858090738055,4.08035577772485e-05
-1.88499044938172,4.08541402903042e-05
-1.8813999913829,4.09048458643951e-05
-1.87780953338408,4.09556447211509e-05
-1.87421907538526,4.10065773923794e-05
-1.87062861738643,4.10575875865134e-05
-1.86703815938761,4.11089364954421e-05
-1.86344770138879,4.11602406458003e-05
-1.85985724338997,4.12116229719257e-05
-1.85626678539114,4.12632777519196e-05
-1.85267632739232,4.13149486008961e-05
-1.8490858693935,4.13668148773362e-05
-1.84549541139468,4.14187223753087e-05
-1.84190495339586,4.14708405079317e-05
-1.83831449539703,4.15228563069351e-05
-1.83472403739821,4.15753975751578e-05
-1.83113357939939,4.16279091739785e-05
-1.82754312140057,4.16804391868622e-05
-1.82395266340174,4.17332033375998e-05
-1.82036220540292,4.17860441602213e-05
-1.8167717474041,4.18390426514539e-05
-1.81318128940528,4.18921845631259e-05
-1.80959083140645,4.19454328745007e-05
-1.80600037340763,4.19987898179364e-05
-1.80240991540881,4.20523032015723e-05
-1.79881945740999,4.21059116830753e-05
-1.79522899941117,4.21597808516734e-05
-1.79163854141234,4.22136560987614e-05
-1.78804808341352,4.22676313256525e-05
-1.7844576254147,4.23218249708926e-05
-1.78086716741588,4.23760804972537e-05
-1.77727670941705,4.24304691343178e-05
-1.77368625141823,4.24850477409324e-05
-1.77009579341941,4.2539724050625e-05
-1.76650533542059,4.2594555729217e-05
-1.76291487742176,4.26493257096433e-05
-1.75932441942294,4.27042094009256e-05
-1.75573396142412,4.27602680037607e-05
-1.7521435034253,4.28150668876435e-05
-1.74855304542647,4.28700088122393e-05
-1.74496258742765,4.29259380711848e-05
-1.74137212942883,4.29814841550976e-05
-1.73778167143001,4.30372227471399e-05
-1.73419121343119,4.30929651488313e-05
-1.73060075543236,4.31488451159787e-05
-1.72701029743354,4.320479599549e-05
-1.72341983943472,4.32608616453011e-05
-1.7198293814359,4.33168715000109e-05
-1.71623892343707,4.33729637285744e-05
-1.71264846543825,4.34290167654641e-05
-1.70905800743943,4.34850349480256e-05
-1.70546754944061,4.35409128900675e-05
-1.70187709144178,4.35966368526858e-05
-1.69828663344296,4.36521227851912e-05
-1.69469617544414,4.37070302240312e-05
-1.69110571744532,4.37612234180282e-05
-1.6875152594465,4.38141900389494e-05
-1.68392480144767,4.38650705450364e-05
-1.68033434344885,4.39121611908524e-05
-1.67674388545003,4.39510091748051e-05
-1.67315342745121,4.39684833463454e-05
-1.66956296945238,4.38827759289725e-05
-1.66597251145356,4.53181481810918e-05
-1.66238205345474,4.44416637334279e-05
-1.65879159545592,4.44195629253553e-05
-1.65520113745709,4.44494634950626e-05
-1.65161067945827,4.44934852265642e-05
-1.64802022145945,4.45438071035843e-05
-1.64442976346063,4.45974833088416e-05
-1.6408393054618,4.46530890801575e-05
-1.63724884746298,4.47100567551696e-05
-1.63365838946416,4.47679448509672e-05
-1.63006793146534,4.48266024742417e-05
-1.62647747346652,4.48855637540854e-05
-1.62288701546769,4.49456489509515e-05
-1.61929655746887,4.50057133419802e-05
-1.61570609947005,4.50660904285047e-05
-1.61211564147123,4.51268830650483e-05
-1.6085251834724,4.51879442731843e-05
-1.60493472547358,4.52492931091632e-05
-1.60134426747476,4.53108529274398e-05
-1.59775380947594,4.53727055851132e-05
-1.59416335147711,4.543473570104e-05
-1.59057289347829,4.54970454308764e-05
-1.58698243547947,4.55594511178789e-05
-1.58339197748065,4.56223264349087e-05
-1.57980151948183,4.56852323238327e-05
-1.576211061483,4.57481711784167e-05
-1.57262060348418,4.5811649117635e-05
-1.56903014548536,4.58751810035873e-05
-1.56543968748654,4.59390078819005e-05
-1.56184922948771,4.60029155125249e-05
-1.55825877148889,4.60670194539867e-05
-1.55466831349007,4.6131410742603e-05
-1.55107785549125,4.61959124545442e-05
-1.54748739749242,4.62606261322273e-05
-1.5438969394936,4.63255541120614e-05
-1.54030648149478,4.63906545836111e-05
-1.53671602349596,4.64558498133863e-05
-1.53312556549713,4.65215565918907e-05
-1.52953510749831,4.65872000335905e-05
-1.52594464949949,4.66531489996591e-05
-1.52235419150067,4.67191955395244e-05
-1.51876373350185,4.67854815929295e-05
-1.51517327550302,4.68519655345524e-05
-1.5115828175042,4.69186523872899e-05
-1.50799235950538,4.6985524937528e-05
-1.50440190150656,4.7052599152389e-05
-1.50081144350773,4.71197528203921e-05
-1.49722098550891,4.71871804690448e-05
-1.49363052751009,4.72551777754145e-05
-1.49004006951127,4.73228528212719e-05
-1.48644961151244,4.73909121797708e-05
-1.48285915351362,4.74591277628612e-05
-1.4792686955148,4.7527607801909e-05
-1.47567823751598,4.75962575949691e-05
-1.47208777951716,4.76651394911269e-05
-1.46849732151833,4.77341727534425e-05
-1.46490686351951,4.7803128886078e-05
-1.46131640552069,4.78730238136947e-05
-1.45772594752187,4.79426709530292e-05
-1.45413548952304,4.80125404756626e-05
-1.45054503152422,4.80826219656464e-05
-1.4469545735254,4.81529252051948e-05
-1.44336411552658,4.82234378371962e-05
-1.43977365752775,4.8294164864422e-05
-1.43618319952893,4.83650673452938e-05
-1.43259274153011,4.84362138555274e-05
-1.42900228353129,4.85075793989401e-05
-1.42541182553247,4.85791050201511e-05
-1.42182136753364,4.86509059864461e-05
-1.41823090953482,4.87228944583453e-05
-1.414640451536,4.87950607623147e-05
-1.41104999353718,4.88676098838086e-05
-1.40745953553835,4.89402476559125e-05
-1.40386907753953,4.90128299143531e-05
-1.40027861954071,4.90861277717798e-05
-1.39668816154189,4.91594344630949e-05
-1.39309770354306,4.92329297025032e-05
-1.38950724554424,4.93066304393821e-05
-1.38591678754542,4.93807479182726e-05
-1.3823263295466,4.94546758468459e-05
-1.37873587154777,4.95290977258929e-05
-1.37514541354895,4.96037826419073e-05
-1.37155495555013,4.96785774473495e-05
-1.36796449755131,4.97536434293058e-05
-1.36437403955249,4.98289256706276e-05
-1.36078358155366,4.99043921889013e-05
-1.35719312355484,4.99800808200322e-05
-1.35360266555602,5.00559744281036e-05
-1.3500122075572,5.0132040424421e-05
-1.34642174955837,5.02082578857853e-05
-1.34283129155955,5.02844906850114e-05
-1.33924083356073,5.0360338664271e-05
-1.33565037556191,5.04329774252766e-05
-1.33205991756308,5.05317198577133e-05
-1.32846945956426,5.05991565613962e-05
-1.32487900156544,5.0675479820224e-05
-1.32128854356662,5.07531044215508e-05
-1.3176980855678,5.08311612598827e-05
-1.31410762756897,5.09096058351432e-05
-1.31051716957015,5.09883594080557e-05
-1.30692671157133,5.10673805085713e-05
-1.30333625357251,5.1146685832125e-05
-1.29974579557368,5.12262655748832e-05
-1.29615533757486,5.13060668527357e-05
-1.29256487957604,5.13862351421296e-05
-1.28897442157722,5.14665287364182e-05
-1.28538396357839,5.15470625340702e-05
-1.28179350557957,5.1627983771819e-05
-1.27820304758075,5.17090803202771e-05
-1.27461258958193,5.17904725344442e-05
-1.2710221315831,5.18721070659248e-05
-1.26743167358428,5.1954010003713e-05
-1.26384121558546,5.20361720470465e-05
-1.26025075758664,5.21186068253411e-05
-1.25666029958782,5.22012990966093e-05
-1.25306984158899,5.22842408476921e-05
-1.24947938359017,5.23674910010183e-05
-1.24588892559135,5.24509666305441e-05
-1.24229846759253,5.25347295041095e-05
-1.2387080095937,5.26186700599023e-05
-1.23511755159488,5.27029911136848e-05
-1.23152709359606,5.27875837498339e-05
-1.22793663559724,5.28723670256718e-05
-1.22434617759841,5.29574607776554e-05
-1.22075571959959,5.30430206478781e-05
-1.21716526160077,5.31285964855751e-05
-1.21357480360195,5.32145703605487e-05
-1.20998434560313,5.33006839687262e-05
-1.2063938876043,5.33871709812644e-05
-1.20280342960548,5.34737277113498e-05
-1.19921297160666,5.35612043557522e-05
-1.19562251360784,5.36484844114997e-05
-1.19203205560901,5.37361291555209e-05
-1.18844159761019,5.38240806093702e-05
-1.18485113961137,5.39122689735236e-05
-1.18126068161255,5.40007695974401e-05
-1.17767022361372,5.40895735028357e-05
-1.1740797656149,5.41786559322102e-05
-1.17048930761608,5.4268063651537e-05
-1.16689884961726,5.43577351090913e-05
-1.16330839161844,5.44477129346316e-05
-1.15971793361961,5.45379855556829e-05
-1.15612747562079,5.46285817812182e-05
-1.15253701762197,5.47194563345617e-05
-1.14894655962315,5.48106543187432e-05
-1.14535610162432,5.49021097252613e-05
-1.1417656436255,5.49939164517882e-05
-1.13817518562668,5.50860817037106e-05
-1.13458472762786,5.51784728338637e-05
-1.13099426962903,5.52713409196544e-05
-1.12740381163021,5.53641579845505e-05
-1.12381335363139,5.5457281390408e-05
-1.12022289563257,5.55514803862933e-05
-1.11663243763374,5.56453270098522e-05
-1.11304197963492,5.57396778265664e-05
-1.1094515216361,5.5834228632233e-05
-1.10586106363728,5.59292115029944e-05
-1.10227060563846,5.60244849911394e-05
-1.09868014763963,5.61200550367898e-05
-1.09508968964081,5.62159820682621e-05
-1.09149923164199,5.63121900379468e-05
-1.08790877364317,5.64089246871e-05
-1.08431831564434,5.65058257001553e-05
-1.08072785764552,5.6603012884583e-05
-1.0771373996467,5.67006294990237e-05
-1.07354694164788,5.67985797698054e-05
-1.06995648364905,5.68968031331457e-05
-1.06636602565023,5.69954809347298e-05
-1.06277556765141,5.70944345962869e-05
-1.05918510965259,5.71937095904214e-05
-1.05559465165377,5.72933872187957e-05
-1.05200419365494,5.73933899780244e-05
-1.04841373565612,5.74937645802798e-05
-1.0448232776573,5.75943991347851e-05
-1.04123281965848,5.76947058203574e-05
-1.03764236165965,5.77970711399419e-05
-1.03405190366083,5.78987747137993e-05
-1.03046144566201,5.80009968663494e-05
-1.02687098766319,5.81034720749973e-05
-1.02328052966436,5.82063891685287e-05
-1.01969007166554,5.83096450763034e-05
-1.01609961366672,5.8413333004645e-05
-1.0125091556679,5.85174662674853e-05
-1.00891869766907,5.86220685731636e-05
-1.00532823967025,5.87274860382919e-05
-1.00173778167143,5.88362302154896e-05
-0.998147323672608,5.8931090619756e-05
-0.994556865673785,5.90402911406226e-05
-0.990966407674963,5.91472475986129e-05
-0.987375949676141,5.92540743719986e-05
-0.983785491677318,5.93612484206849e-05
-0.980195033678496,5.94686681256266e-05
-0.976604575679674,5.95765338236783e-05
-0.973014117680852,5.96846952166478e-05
-0.969423659682029,5.97932574562036e-05
-0.965833201683207,5.99023069188478e-05
-0.962242743684384,6.00117078668424e-05
-0.958652285685562,6.01210032933958e-05
-0.95506182768674,6.02314633072013e-05
-0.951471369687917,6.03421173104304e-05
-0.947880911689095,6.04529637615437e-05
-0.944290453690273,6.0564334626677e-05
-0.940699995691451,6.06761274877325e-05
-0.937109537692628,6.0788316804523e-05
-0.933519079693806,6.09009015426551e-05
-0.929928621694984,6.10139537983112e-05
-0.926338163696161,6.11273366687421e-05
-0.922747705697339,6.12412125577292e-05
-0.919157247698516,6.13555476804775e-05
-0.915566789699694,6.14702561946984e-05
-0.911976331700872,6.15853722065516e-05
-0.90838587370205,6.17009918413077e-05
-0.904795415703227,6.18169931937551e-05
-0.901204957704405,6.1933388900152e-05
-0.897614499705583,6.20503112537266e-05
-0.89402404170676,6.21676379063709e-05
-0.890433583707938,6.22854674835852e-05
-0.886843125709115,6.24036266437088e-05
-0.883252667710293,6.25222897242166e-05
-0.879662209711471,6.26413757581537e-05
-0.876071751712649,6.27611324175559e-05
-0.872481293713826,6.28811128658193e-05
-0.868890835715004,6.30014866525035e-05
-0.865300377716182,6.31225097202093e-05
-0.861709919717359,6.32440597761483e-05
-0.858119461718537,6.33657541980074e-05
-0.854529003719715,6.34881578936277e-05
-0.850938545720892,6.36109641152877e-05
-0.84734808772207,6.3734390917581e-05
-0.843757629723248,6.38581514695376e-05
-0.840167171724425,6.39823886893112e-05
-0.836576713725603,6.41071956935417e-05
-0.832986255726781,6.42324180464093e-05
-0.829395797727958,6.4358085093656e-05
-0.825805339729136,6.44844854930879e-05
-0.822214881730314,6.46111782888406e-05
-0.818624423731491,6.47384129328504e-05
-0.815033965732669,6.48661502252019e-05
-0.811443507733847,6.49943824516956e-05
-0.807853049735024,6.51231442659178e-05
-0.804262591736202,6.52524254459057e-05
-0.80067213373738,6.53821671417499e-05
-0.797081675738557,6.55126256802299e-05
-0.793491217739735,6.56432924783736e-05
-0.789900759740913,6.57745984498446e-05
-0.78631030174209,6.59065763537337e-05
-0.782719843743268,6.60389408380013e-05
-0.779129385744446,6.61718956787824e-05
-0.775538927745623,6.63053789843008e-05
-0.771948469746801,6.64394117468602e-05
-0.768358011747979,6.65739215578562e-05
-0.764767553749156,6.67091194371123e-05
-0.761177095750334,6.68447626147105e-05
-0.757586637751512,6.69810074704994e-05
-0.753996179752689,6.71177807437972e-05
-0.750405721753867,6.72551479734117e-05
-0.746815263755045,6.73930617696999e-05
-0.743224805756222,6.75316000716227e-05
-0.7396343477574,6.76706852811852e-05
-0.736043889758578,6.78103779577952e-05
-0.732453431759755,6.79506490454932e-05
-0.728862973760933,6.80914825703058e-05
-0.725272515762111,6.82329688083151e-05
-0.721682057763288,6.83750564839507e-05
-0.718091599764466,6.85177892874772e-05
-0.714501141765644,6.86611226470928e-05
-0.710910683766821,6.88051030345661e-05
-0.707320225767999,6.89496401823612e-05
-0.703729767769177,6.90951504834329e-05
-0.700139309770354,6.92411921990292e-05
-0.696548851771532,6.93879805885427e-05
-0.69295839377271,6.95356443446051e-05
-0.689367935773887,6.96842057734434e-05
-0.685777477775065,6.98339113747238e-05
-0.682187019776243,6.99850489641257e-05
-0.67859656177742,7.01383894246918e-05
-0.675006103778598,7.02959278414755e-05
-0.671415645779776,7.04658652396029e-05
-0.667825187780953,7.07570058961325e-05
-0.664234729782131,7.06351876122606e-05
-0.660644271783309,7.0840205748134e-05
-0.657053813784486,7.10066043419377e-05
-0.653463355785664,7.11663653303428e-05
-0.649872897786842,7.13241951342285e-05
-0.646282439788019,7.14814790350062e-05
-0.642691981789197,7.16387651395768e-05
-0.639101523790375,7.17963051124717e-05
-0.635511065791552,7.19542704143987e-05
-0.63192060779273,7.21127241647267e-05
-0.628330149793908,7.22716662935696e-05
-0.624739691795085,7.24313971272035e-05
-0.621149233796263,7.25916037085957e-05
-0.617558775797441,7.27524974690334e-05
-0.613968317798618,7.29140305608199e-05
-0.610377859799796,7.30762757600142e-05
-0.606787401800974,7.32391389337865e-05
-0.603196943802151,7.34028125517056e-05
-0.599606485803329,7.356719659073e-05
-0.596016027804507,7.37337961547475e-05
-0.592425569805685,7.3897528705437e-05
-0.588835111806862,7.40642457159234e-05
-0.58524465380804,7.42310220244224e-05
-0.581654195809218,7.43990985983194e-05
-0.578063737810395,7.45678029879448e-05
-0.574473279811573,7.47372981935286e-05
-0.57088282181275,7.49074233617847e-05
-0.567292363813928,7.50783655033843e-05
-0.563701905815106,7.52500467201546e-05
-0.560111447816284,7.54225233057226e-05
-0.556520989817461,7.55957721377212e-05
-0.552930531818639,7.57697997681608e-05
-0.549340073819817,7.59445975913397e-05
-0.545749615820994,7.61202078484824e-05
-0.542159157822172,7.62965067150633e-05
-0.53856869982335,7.64734383240547e-05
-0.534978241824527,7.66550258927289e-05
-0.531387783825705,7.68312508511646e-05
-0.527797325826883,7.7010734622546e-05
-0.52420686782806,7.71911280785786e-05
-0.520616409829238,7.73724114688319e-05
-0.517025951830416,7.75545510324442e-05
-0.513435493831593,7.77375617830868e-05
-0.509845035832771,7.79214137213058e-05
-0.506254577833949,7.81062635660702e-05
-0.502664119835126,7.82914826080957e-05
-0.499073661836304,7.84779324099279e-05
-0.495483203837482,7.86652230255079e-05
-0.491892745838659,7.88533098511537e-05
-0.488302287839837,7.90423354691008e-05
-0.484711829841015,7.92322354729656e-05
-0.481121371842192,7.94229913397733e-05
-0.47753091384337,7.96146874235609e-05
-0.473940455844548,7.98072975786316e-05
-0.470349997845725,8.00009177635501e-05
-0.466759539846903,8.01959814960791e-05
-0.463169081848081,8.03875384424669e-05
-0.459578623849258,8.05853734997437e-05
-0.455988165850436,8.07826044945766e-05
-0.452397707851614,8.09806620166587e-05
-0.448807249852791,8.11794924209045e-05
-0.445216791853969,8.13792401159329e-05
-0.441626333855147,8.15798460098552e-05
-0.438035875856324,8.17813363092759e-05
-0.434445417857502,8.19836918955387e-05
-0.43085495985868,8.21870993166866e-05
-0.427264501859857,8.23912085109309e-05
-0.423674043861035,8.25961860308838e-05
-0.420083585862213,8.28021175643102e-05
-0.41649312786339,8.30087999269548e-05
-0.412902669864568,8.32164957711462e-05
-0.409312211865746,8.34247873433197e-05
-0.405721753866923,8.36339759502056e-05
-0.402131295868101,8.38437502567936e-05
-0.398540837869279,8.40543107157761e-05
-0.394950379870456,8.42654513814067e-05
-0.391359921871634,8.44770975250558e-05
-0.387769463872812,8.46892755145083e-05
-0.384179005873989,8.49017049200981e-05
-0.380588547875167,8.51143120279477e-05
-0.376998089876345,8.53268168629864e-05
-0.373407631877522,8.55391102643772e-05
-0.3698171738787,8.5750295666585e-05
-0.366226715879878,8.59601366885718e-05
-0.362636257881055,8.61677472018848e-05
-0.359045799882233,8.63716520431702e-05
-0.355455341883411,8.65697333876917e-05
-0.351864883884588,8.67583279474068e-05
-0.348274425885766,8.69306309076798e-05
-0.344683967886944,8.70729817487111e-05
-0.341093509888121,8.71540286835961e-05
-0.337503051889299,8.71123439255296e-05
-0.333912593890477,0.000102072822438322
-0.330322135891654,9.11250249956199e-05
-0.326731677892832,8.96890473888868e-05
-0.32314121989401,8.95294503701462e-05
-0.319550761895187,8.95953253185692e-05
-0.315960303896365,8.97396397858356e-05
-0.312369845897543,8.99207617351685e-05
-0.30877938789872,9.01224572841529e-05
-0.305188929899898,9.03370110338477e-05
-0.301598471901076,9.0560357153169e-05
-0.298008013902253,9.07902449483881e-05
-0.294417555903431,9.10252042605816e-05
-0.290827097904609,9.12638096575258e-05
-0.287236639905786,9.15063112039667e-05
-0.283646181906964,9.17517294542035e-05
-0.280055723908142,9.19997864312418e-05
-0.276465265909319,9.22503098748804e-05
-0.272874807910497,9.25031277772101e-05
-0.269284349911675,9.27580399450028e-05
-0.265693891912852,9.30149631410599e-05
-0.26210343391403,9.32752450258105e-05
-0.258512975915208,9.35349179123968e-05
-0.254922517916385,9.3797639044543e-05
-0.251332059917563,9.40620654101141e-05
-0.247741601918741,9.43285345913993e-05
-0.244151143919918,9.45967194395378e-05
-0.240560685921096,9.48666238052012e-05
-0.236970227922274,9.51384026198288e-05
-0.233379769923451,9.54118206273098e-05
-0.229789311924629,9.56872416235039e-05
-0.226198853925807,9.59644229987035e-05
-0.222608395926984,9.62435135405292e-05
-0.219017937928162,9.65245747228261e-05
-0.21542747992934,9.68078723333395e-05
-0.211837021930517,9.70939360054988e-05
-0.208246563931695,9.73845345779005e-05
-0.204656105932873,9.76929496428557e-05
-0.20106564793405,9.78848578603934e-05
-0.197475189935228,9.82210039819684e-05
-0.193884731936406,9.85205440186314e-05
-0.190294273937583,9.88178389405243e-05
-0.186703815938761,9.91155272004887e-05
-0.183113357939939,9.94144924536176e-05
-0.179522899941117,9.97149714471364e-05
-0.175932441942294,0.000100017143634515
-0.172341983943472,0.000100321107231046
-0.16875152594465,0.000100626816852864
-0.165161067945827,0.000100934411323144
-0.161570609947005,0.000101244189349402
-0.157980151948183,0.000101555250359602
-0.15438969394936,0.0001018686388488
-0.150799235950538,0.000102184090419965
-0.147208777951716,0.000102501631777936
-0.143618319952893,0.000102821512945119
-0.140027861954071,0.000103144155507649
-0.136437403955249,0.000103471262980634
-0.132846945956426,0.000103817854787189
-0.129256487957604,0.000104082398286469
-0.125666029958782,0.000104431161913779
-0.122075571959959,0.000104766262743705
-0.118485113961137,0.000105101071373362
-0.114894655962315,0.000105437217480673
-0.111304197963492,0.000105775114304168
-0.10771373996467,0.000106114956139963
-0.104123281965848,0.000106456845317544
-0.100532823967025,0.000106800820619183
-0.0969423659682029,0.000107146908403421
-0.0933519079693806,0.000107495184412699
-0.0897614499705583,0.000107845544134458
-0.0861709919717359,0.000108198149546131
-0.0825805339729136,0.000108552930117564
-0.0789900759740913,0.0001089097627512
-0.0753996179752689,0.000109268119988476
-0.0718091599764466,0.000109618362385187
-0.0682187019776243,0.00011000078905932
-0.0646282439788019,0.000110365068003535
-0.0610377859799796,0.000110733230129178
-0.0574473279811573,0.000111104532370318
-0.053856869982335,0.000111477988828294
-0.0502664119835126,0.000111854186678399
-0.0466759539846903,0.00011223267628854
-0.043085495985868,0.000112613699123497
-0.0394950379870456,0.000112997195092763
-0.0359045799882233,0.000113383340118126
-0.032314121989401,0.000113771943685838
-0.0287236639905786,0.000114163119838764
-0.0251332059917563,0.00011455685330347
-0.021542747992934,0.000114953193656068
-0.0179522899941117,0.000115352135450687
-0.0143618319952893,0.000115753702607763
-0.010771373996467,0.000116157905655887
-0.00718091599764466,0.000116564797272778
-0.00359045799882233,0.000116974348659133
0,0.000116015551731151
0.00359045799882233,0.000117801600044129
0.00718091599764466,0.00011821924956337
0.010771373996467,0.000118639616490135
0.0143618319952893,0.000119062777512103
0.0179522899941117,0.000119488681247589
0.021542747992934,0.00011991736085909
0.0251332059917563,0.000120348841746802
0.0287236639905786,0.000120783062443898
0.032314121989401,0.00012122010825109
0.0359045799882233,0.000121659907734805
0.0394950379870456,0.000122102366652771
0.043085495985868,0.000122547959187226
0.0466759539846903,0.000122996070513154
0.0502664119835126,0.000123446997525708
0.053856869982335,0.000123900705157265
0.0574473279811573,0.000124357184717383
0.0610377859799796,0.000124815914950581
0.0646282439788019,0.000125277813859189
0.0682187019776243,0.00012574187063898
0.0718091599764466,0.000126212853335356
0.0753996179752689,0.000126679808202068
0.0789900759740913,0.000127151654448009
0.0825805339729136,0.000127625983937096
0.0861709919717359,0.000128102689875252
0.0897614499705583,0.000128581609246706
0.0933519079693806,0.000129062536210243
0.0969423659682029,0.000129545318282866
0.100532823967025,0.000130029707789361
0.104123281965848,0.000130515651920662
0.10771373996467,0.000131002566079618
0.111304197963492,0.000131490189499703
0.114894655962315,0.000131977976274271
0.118485113961137,0.000132465020232626
0.122075571959959,0.000132949704656578
0.125666029958782,0.000133427241216448
0.129256487957604,0.000133860803299599
0.132846945956426,0.000134513795571161
0.136437403955249,0.000134935403490129
0.140027861954071,0.000135399606242238
0.143618319952893,0.000135863673431872
0.147208777951716,0.000136321001074572
0.150799235950538,0.000136767512019031
0.15438969394936,0.000137199079433136
0.157980151948183,0.000137610588653214
0.161570609947005,0.000137995176085053
0.165161067945827,0.000138343740509038
0.16875152594465,0.000138642740082708
0.172341983943472,0.000138872497854068
0.175932441942294,0.000139002599021789
0.179522899941117,0.000138983191843279
0.183113357939939,0.000138727089121709
0.186703815938761,0.000138066480192595
0.190294273937583,0.000136632444111323
0.193884731936406,0.000133414879535319
0.197475189935228,0.000124385004888369
0.20106564793405,5.82396283485833e-05
0.204656105932873,0.000192506760522869
0.208246563931695,0.000166772088638346
0.211837021930517,0.000160777619625444
0.21542747992934,0.000158420390200142
0.219017937928162,0.000157370664391222
0.222608395926984,0.000156940784989933
0.226198853925807,0.000156855012068931
0.229789311924629,0.000156981603399589
0.233379769923451,0.000157249426006825
0.236970227922274,0.000157616915850934
0.240560685921096,0.000158057970373449
0.244151143919918,0.000158555506519025
0.247741601918741,0.000159098107998209
0.251332059917563,0.00015967737881815
0.254922517916385,0.000160287473949262
0.258512975915208,0.000160923925005108
0.26210343391403,0.000161582511369698
0.265693891912852,0.000162263724335753
0.269284349911675,0.000162962454651147
0.272874807910497,0.000163678365739704
0.276465265909319,0.000164409948349497
0.280055723908142,0.000165156517568591
0.283646181906964,0.000165917266953873
0.287236639905786,0.000166691558710509
0.290827097904609,0.000167478952753594
0.294417555903431,0.00016827921052126
0.298008013902253,0.000169091817327799
0.301598471901076,0.000169916763723915
0.305188929899898,0.000170754162237872
0.30877938789872,0.000171603916099106
0.312369845897543,0.000172466433525429
0.315960303896365,0.000173342383312255
0.319550761895187,0.00017423327286163
0.32314121989401,0.000175142916894309
0.326731677892832,0.000176083157202955
0.330322135891654,0.000177123347361235
0.333912593890477,0.000176623150489366
0.337503051889299,0.000178589809603838
0.341093509888121,0.000179616003107971
0.344683967886944,0.000180605170516462
0.348274425885766,0.000181592505724772
0.351864883884588,0.000182586032854191
0.355455341883411,0.000183588644330612
0.359045799882233,0.000184601692173075
0.362636257881055,0.000185625966787459
0.366226715879878,0.000186661828232116
0.3698171738787,0.000187709904015704
0.373407631877522,0.000188769645252913
0.376998089876345,0.00018984391422933
0.380588547875167,0.000190929806073758
0.384179005873989,0.000192029041587676
0.387769463872812,0.000193141574473086
0.391359921871634,0.000194267810081973
0.394950379870456,0.000195407910901935
0.398540837869279,0.000196562169078047
0.402131295868101,0.000197730974311747
0.405721753866923,0.000198912905570903
0.409312211865746,0.000200111593774305
0.412902669864568,0.000201324917878288
0.41649312786339,0.000202553732102288
0.420083585862213,0.000203798281417308
0.423674043861035,0.000205058897548276
0.427264501859857,0.000206336162320849
0.43085495985868,0.000207630299447743
0.434445417857502,0.000208941852640254
0.438035875856324,0.000210271421811182
0.441626333855147,0.000211619754798516
0.445216791853969,0.000212988184691468
0.448807249852791,0.000214378454350483
0.452397707851614,0.000215794513872557
0.455988165850436,0.000217246387580215
0.459578623849258,0.000218771632950965
0.463169081848081,0.000220832611149285
0.466759539846903,0.00022102959316501
0.470349997845725,0.000222797865930945
0.473940455844548,0.000224378846068405
0.47753091384337,0.000225943919457475
0.481121371842192,0.000227517428499685
0.484711829841015,0.000229106627137074
0.488302287839837,0.000230714892962244
0.491892745838659,0.000232343888359242
0.495483203837482,0.000233994833683527
0.499073661836304,0.000235668657854717
0.502664119835126,0.000237366108127905
0.506254577833949,0.000239087794225577
0.509845035832771,0.000240834560777537
0.513435493831593,0.000242606910584756
0.517025951830416,0.000244405488993587
0.520616409829238,0.000246230986193836
0.52420686782806,0.000248083953334124
0.527797325826883,0.000249965140202224
0.531387783825705,0.000251875215927593
0.534978241824527,0.00025381585864631
0.53856869982335,0.000255784074402256
0.542159157822172,0.00025778489158159
0.545749615820994,0.000259817306155987
0.549340073819817,0.000261882123443427
0.552930531818639,0.00026398020931249
0.556520989817461,0.000266112181137944
0.560111447816284,0.000268279185079339
0.563701905815106,0.000270481927718086
0.567292363813928,0.000272721210231457
0.57088282181275,0.000274998090788116
0.574473279811573,0.000277313498560625
0.578063737810395,0.000279668336986804
0.581654195809218,0.000282063672284734
0.58524465380804,0.000284500576043289
0.588835111806862,0.000286980078961644
0.592425569805685,0.000289503420005631
0.596016027804507,0.00029207123891657
0.599606485803329,0.000294685911950674
0.603196943802151,0.000297347690695837
0.606787401800974,0.00030005812010496
0.610377859799796,0.00030281857539568
0.613968317798618,0.000305630475772657
0.617558775797441,0.000308495235064236
0.621149233796263,0.000311414416074222
0.624739691795085,0.000314389525547997
0.628330149793908,0.000317422041530889
0.63192060779273,0.000320513980907452
0.635511065791552,0.00032366689938923
0.639101523790375,0.00032688256043706
0.642691981789197,0.000330163011727083
0.646282439788019,0.000333510161409754
0.649872897786842,0.000336926132803505
0.653463355785664,0.000340413111551422
0.657053813784486,0.000343973496397001
0.660644271783309,0.000347610360790206
0.664234729782131,0.000351330534616826
0.667825187780953,0.000355084971658013
0.671415645779776,0.000358980832615028
0.675006103778598,0.00036294526738795
0.67859656177742,0.000366996688882383
0.682187019776243,0.000371139165911059
0.685777477775065,0.00037537613269327
0.689367935773887,0.000379710976978819
0.69295839377271,0.000384147201010434
0.696548851771532,0.000388688400448931
0.700139309770354,0.000393338371364105
0.703729767769177,0.000398101093976787
0.707320225767999,0.000402980689766465
0.710910683766821,0.000407981527807369
0.714501141765644,0.000413108172808672
0.718091599764466,0.000418365538764424
0.721682057763288,0.000423758486985011
0.725272515762111,0.00042929258356798
0.728862973760933,0.000434972830757572
0.732453431759755,0.000440805640566183
0.736043889758578,0.000446795350431776
0.7396343477574,0.000452958935305149
0.743224805756222,0.000459286425062794
0.746815263755045,0.000465795039618273
0.750405721753867,0.000472491268444425
0.753996179752689,0.000479383068645118
0.757586637751512,0.000486479073184248
0.761177095750334,0.000493788629590422
0.764767553749156,0.00050132129033572
0.768358011747979,0.000509087554977491
0.771948469746801,0.000517098441658098
0.775538927745623,0.000525365619748441
0.779129385744446,0.000533901655724948
0.782719843743268,0.000542719853147805
0.78631030174209,0.000551834468382752
0.789900759740913,0.000561260592974744
0.793491217739735,0.000571014596743901
0.797081675738557,0.000581113655508608
0.80067213373738,0.000591576994766328
0.804262591736202,0.000602424020658984
0.807853049735024,0.000613676447703511
0.811443507733847,0.000625357528474227
0.815033965732669,0.00063749207091406
0.818624423731491,0.000650107148850936
0.822214881730314,0.00066323180832109
0.825805339729136,0.00067689759691426
0.829395797727958,0.000691138520113437
0.832986255726781,0.000705991935060769
0.836576713725603,0.000721498071677667
0.840167171724425,0.000737700893627215
0.843757629723248,0.000754648429012216
0.84734808772207,0.000772393281746949
0.850938545720892,0.000790993015256749
0.854529003719715,0.000810510992792105
0.858119461718537,0.00083101683596056
0.861709919717359,0.000852587535884862
0.865300377716182,0.000875308281490165
0.868890835715004,0.000899270354501676
0.872481293713826,0.000924588309405255
0.876071751712649,0.00095137008432581
0.879662209711471,0.000979749974254183
0.883252667710293,0.00100987559470521
0.886843125709115,0.00104191304259268
0.890433583707938,0.00107605024923434
0.89402404170676,0.00111250073704463
0.897614499705583,0.00115150774652578
0.901204957704405,0.00119334996776771
0.904795415703227,0.00123834839923124
0.90838587370205,0.00128687382906877
0.911976331700872,0.00133935847603395
0.915566789699694,0.00139630648739444
0.919157247698516,0.00145831337173862
0.922747705697339,0.0015260838502317
0.926338163696161,0.00160046118121414
0.929928621694984,0.00168246063837021
0.933519079693806,0.00177331752640004
0.937109537692628,0.00187454873013748
0.940699995691451,0.00198803861969925
0.944290453690273,0.0021161574862444
0.947880911689095,0.0022619286257234
0.951471369687917,0.00242927014782779
0.95506182768674,0.00262335240689557
0.958652285685562,0.00285114133844298
0.962242743684384,0.00312225365308632
0.965833201683207,0.00345034654602212
0.969423659682029,0.00385549364642371
0.973014117680852,0.00436845128579663
0.976604575679674,0.00503885663551109
0.980195033678496,0.00595234231040168
0.983785491677318,0.00727039060612656
0.987375949676141,0.0093381991500752
0.990966407674963,0.0130497866456084
0.994556865673785,0.0216581825177345
0.998147323672608,0.0636375459809507
1.00173778167143,0.0678233386319873
1.00532823967025,0.0221226148436685
1.00891869766907,0.0132167998956558
1.0125091556679,0.00942327790978682
1.01609961366672,0.00732175240868721
1.01969007166554,0.00598663680698121
1.02328052966436,0.0050633349381651
1.02687098766319,0.00438677083627953
1.03046144566201,0.00386969714638311
1.03405190366083,0.00346166404485282
1.03764236165965,0.00313146960128559
1.04123281965848,0.00285877989983458
1.0448232776573,0.00262977644577213
1.04841373565612,0.00243473950180226
1.05200419365494,0.00226663390891169
1.05559465165377,0.00212024168725267
1.05918510965259,0.00199161122742877
1.06277556765141,0.00187769479303537
1.06636602565023,0.0017761043335195
1.06995648364905,0.00168494195780776
1.07354694164788,0.00160268052305698
1.0771373996467,0.00152807693764563
1.08072785764552,0.00146010954945274
1.08431831564434,0.00139793054655883
1.08790877364317,0.00134083066530173
1.09149923164199,0.00128821266764991
1.09508968964081,0.00123956755071485
1.09868014763963,0.00119446243785015
1.10227060563846,0.00115252457205933
1.10586106363728,0.00111343145298506
1.1094515216361,0.00107690324117501
1.11304197963492,0.00104269537475591
1.11663243763374,0.00101059374837902
1.12022289563257,0.000980409574795219
1.12381335363139,0.000951976011901667
1.12740381163021,0.000925145101066686
1.13099426962903,0.000899784256056118
1.13458472762786,0.000875778177619525
1.13817518562668,0.000853018892153632
1.1417656436255,0.000831412492858413
1.14535610162432,0.000810873513704143
1.14894655962315,0.000791324772222192
1.15253701762197,0.000772696315902426
1.15612747562079,0.000754924662278855
1.15971793361961,0.000737952099430607
1.16330839161844,0.000721725782531765
1.16689884961726,0.000706197741348079
1.17048930761608,0.000691323880816879
1.1740797656149,0.000677062937596428
1.17767022361372,0.000663378981992395
1.18126068161255,0.00065023701120115
1.18485113961137,0.000637605635132873
1.18844159761019,0.000625455559545686
1.19203205560901,0.000613759883850306
1.19562251360784,0.00060249351499576
1.19921297160666,0.000591633289249281
1.20280342960548,0.000581157558240577
1.2063938876043,0.000571046381880977
1.20998434560313,0.000561280990222376
1.21357480360195,0.000551843933722111
1.21716526160077,0.00054271892808416
1.22075571959959,0.000533890787301084
1.22434617759841,0.000525345211985253
1.22793663559724,0.000517068869333509
1.23152709359606,0.000509049269952957
1.23511755159488,0.000501274564939068
1.2387080095937,0.000493733759498457
1.24229846759253,0.000486416433815205
1.24588892559135,0.000479312870270017
1.24947938359017,0.000472413730493261
1.25306984158899,0.000465710326526064
1.25666029958782,0.000459194517881591
1.26025075758664,0.000452858196954694
1.26384121558546,0.00044669587467531
1.26743167358428,0.000440697386182817
1.2710221315831,0.000434858226325012
1.27461258958193,0.000429171833994687
1.27820304758075,0.00042363220271274
1.28179350557957,0.000418233791762767
1.28538396357839,0.000412971233649036
1.28897442157722,0.000407839486593983
1.29256487957604,0.00040283357188635
1.29615533757486,0.000397949349336717
1.29974579557368,0.000393181992688929
1.30333625357251,0.00038852753316096
1.30692671157133,0.000383982034822963
1.31051716957015,0.000379541720270949
1.31410762756897,0.000375203025584803
1.3176980855678,0.000370962553891252
1.32128854356662,0.000366817166363451
1.32487900156544,0.000362764052943973
1.32846945956426,0.00035880173553833
1.33205991756308,0.000354945018131266
1.33565037556191,0.000351098899593923
1.33924083356073,0.000347392778558593
1.34283129155955,0.00034375651766347
1.34642174955837,0.0003401942888827
1.3500122075572,0.00033670465266674
1.35360266555602,0.000333285687846486
1.35719312355484,0.000329935338153951
1.36078358155366,0.000326651603499273
1.36437403955249,0.000323432489665759
1.36796449755131,0.000320276206059392
1.37155495555013,0.000317180830259955
1.37514541354895,0.000314144993769553
1.37873587154777,0.000311166434807479
1.3823263295466,0.000308243851834777
1.38591678754542,0.000305375620237001
1.38950724554424,0.000302560330699744
1.39309770354306,0.000299796462168597
1.39668816154189,0.000297082629742051
1.40027861954071,0.000294417465499444
1.40386907753953,0.00029179973992125
1.40745953553835,0.000289228038563667
1.41104999353718,0.000286701332003217
1.414640451536,0.000284218392399964
1.41823090953482,0.000281778020950694
1.42182136753364,0.000279379258863967
1.42541182553247,0.000277020962411592
1.42900228353129,0.000274702189243488
1.43259274153011,0.000272421834762364
1.43618319952893,0.000270179131617227
1.43977365752775,0.000267972941587214
1.44336411552658,0.000265802546437059
1.4469545735254,0.000263666938729983
1.45054503152422,0.000261565446756382
1.45413548952304,0.000259497153689376
1.45772594752187,0.000257461245233908
1.46131640552069,0.000255456898609355
1.46490686351951,0.000253485716260786
1.46849732151833,0.000251541275544275
1.47208777951716,0.000249627760908671
1.47567823751598,0.000247743196056365
1.4792686955148,0.000245886881680103
1.48285915351362,0.00024405816576154
1.48644961151244,0.000242256423157296
1.49004006951127,0.000240481062185935
1.49363052751009,0.000238731445732225
1.49722098550891,0.000237007266151788
1.50081144350773,0.000235307609338568
1.50440190150656,0.000233632097313337
1.50799235950538,0.000231980214782119
1.5115828175042,0.000230351388969495
1.51517327550302,0.00022874506845118
1.51876373350185,0.000227160712902435
1.52235419150067,0.000225597574963085
1.52594464949949,0.000224054614683744
1.52953510749831,0.000222529211711751
1.53312556549713,0.000221006787240286
1.53671602349596,0.000219648139273264
1.54030648149478,0.00021812803624958
1.5438969394936,0.000216679706287996
1.54748739749242,0.000215255039861864
1.55107785549125,0.000213850693472395
1.55466831349007,0.000212465190572625
1.55825877148889,0.000211097812302547
1.56184922948771,0.000209748163326301
1.56543968748654,0.000208415779303288
1.56903014548536,0.000207100377867716
1.57262060348418,0.000205801409385758
1.576211061483,0.000204518726418468
1.57980151948183,0.000203251976371239
1.58339197748065,0.000202000827410185
1.58698243547947,0.000200765051056614
1.59057289347829,0.000199544307012947
1.59416335147711,0.000198338358169481
1.59775380947594,0.000197146849940509
1.60134426747476,0.000195969608141056
1.60493472547358,0.000194806357133111
1.6085251834724,0.000193656852707972
1.61211564147123,0.000192520827268795
1.61570609947005,0.000191398047013905
1.61929655746887,0.000190288284938215
1.62288701546769,0.000189191194918788
1.62647747346652,0.000188108632791048
1.63006793146534,0.000187035422436867
1.63365838946416,0.000185975513548959
1.63724884746298,0.0001849277523817
1.6408393054618,0.00018389166531561
1.64442976346063,0.000182867202895829
1.64802022145945,0.000181854183390893
1.65161067945827,0.000180852415752909
1.65520113745709,0.000179861809063168
1.65879159545592,0.000178882534489544
1.66238205345474,0.000177915390630055
1.66597251145356,0.00017698509987135
1.66956296945238,0.000175993519689825
1.67315342745121,0.000175059297019375
1.67674388545003,0.000174131817685515
1.68033434344885,0.00017321345167092
1.68392480144767,0.000172304486397442
1.6875152594465,0.00017140491780153
1.69110571744532,0.000170514580556313
1.69469617544414,0.000169633457034873
1.69828663344296,0.00016876134291043
1.70187709144178,0.00016789811972696
1.70546754944061,0.000167043421281528
1.70905800743943,0.00016619871934472
1.71264846543825,0.00016536109856262
1.71623892343707,0.00016453213564228
1.7198293814359,0.000163711658036332
1.72341983943472,0.00016289925644588
1.72701029743354,0.000162094922231753
1.73060075543236,0.000161298495888506
1.73419121343119,0.000160509878714027
1.73778167143001,0.000159729079153949
1.74137212942883,0.000158955692570033
1.74496258742765,0.00015818985710226
1.74855304542647,0.000157431377346096
1.7521435034253,0.000156680257804639
1.75573396142412,0.000155936281931838
1.75932441942294,0.0001551995150648
1.76291487742176,0.000154469699339107
1.76650533542059,0.000153746953236103
1.77009579341941,0.00015303104306004
1.77368625141823,0.000152322060738249
1.77727670941705,0.000151620109506854
1.78086716741588,0.000150925288799181
1.7844576254147,0.000150238035265148
1.78804808341352,0.000149559729421056
1.79163854141234,0.00014889435994759
1.79522899941117,0.000148272006163763
1.79881945740999,0.000147311774852565
1.80240991540881,0.000146814026702469
1.80600037340763,0.00014618030630647
1.80959083140645,0.000145539983345967
1.81318128940528,0.000144901630751926
1.8167717474041,0.000144267282682317
1.82036220540292,0.000143637683361797
1.82395266340174,0.000143013075240045
1.82754312140057,0.00014239362562913
1.83113357939939,0.000141779267361528
1.83472403739821,0.000141170061930128
1.83831449539703,0.000140566001423272
1.84190495339586,0.000139966985283938
1.84549541139468,0.000139373000185124
1.8490858693935,0.000138784004551223
1.85267632739232,0.000138199944150519
1.85626678539114,0.000137620717058691
1.85985724338997,0.000137046350082739
1.86344770138879,0.000136476811606301
1.86703815938761,0.00013591223634068
1.87062861738643,0.000135350795211614
1.87421907538526,0.000134795492131772
1.87780953338408,0.000134244410090802
1.8813999913829,0.000133697680118775
1.88499044938172,0.000133155495845447
1.88858090738055,0.000132617455762269
1.89217136537937,0.000132084059924483
1.89576182337819,0.000131554792966708
1.89935228137701,0.000131029753711075
1.90294273937583,0.00013050883479213
1.90653319737466,0.000129992135573152
1.91012365537348,0.000129479360216218
1.9137141133723,0.000128970703488314
1.91730457137112,0.000128466063253782
1.92089502936995,0.000127965410984362
1.92448548736877,0.000127468480727057
1.92807594536759,0.000126975548375324
1.93166640336641,0.000126486191910037
1.93525686136524,0.000126000755132746
1.93884731936406,0.000125519017690336
1.94243777736288,0.00012504094485078
1.9460282353617,0.000124566504326916
1.94961869336053,0.000124095633282047
1.95320915135935,0.000123628353497083
1.95679960935817,0.000123164524341264
1.96039006735699,0.000122704305375381
1.96398052535581,0.000122247271679568
1.96757098335464,0.000121793745015495
1.97116144135346,0.000121343569830865
1.97475189935228,0.000120896738242589
1.9783423573511,0.000120453141594777
1.98193281534993,0.000120012800878564
1.98552327334875,0.000119575640122523
1.98911373134757,0.000119141607905027
1.99270418934639,0.000118710581202084
1.99629464734522,0.000118282219414271
1.99988510534404,0.000117811563252316
2.00347556334286,0.000117439041892569
2.00706602134168,0.000117019709572514
2.01065647934051,0.000116603859302165
2.01424693733933,0.000116191103157589
2.01783739533815,0.00011578131914012
2.02142785333697,0.000115374444516017
2.02501831133579,0.000114970432832909
2.02860876933462,0.000114569253735559
2.03219922733344,0.000114170857306283
2.03578968533226,0.000113775267829164
2.03938014333108,0.000113382438523979
2.04297060132991,0.00011299223049604
2.04656105932873,0.000112604751724397
2.05015151732755,0.000112219924018696
2.05374197532637,0.000111837744398761
2.05733243332519,0.000111458168702942
2.06092289132402,0.00011108127595505
2.06451334932284,0.000110706745552287
2.06810380732166,0.000110334991464518
2.07169426532048,0.000109963001223176
2.07528472331931,0.000109597835047367
2.07887518131813,0.000109233389049776
2.08246563931695,0.00010887144934377
2.08605609731577,0.000108511695354551
2.0896465553146,0.000108154397067927
2.09323701331342,0.000107799416527047
2.09682747131224,0.000107446728291666
2.10041792931106,0.000107096392745315
2.10400838730989,0.000106748352972695
2.10759884530871,0.000106402520366535
2.11118930330753,0.000106058948500742
2.11477976130635,0.000105717610610287
2.11837021930517,0.000105378463843026
2.121960677304,0.000105041493962004
2.12555113530282,0.000104706605603759
2.12914159330164,0.000104373773115861
2.13273205130046,0.000104043729445479
2.13632250929929,0.000103715095902111
2.13991296729811,0.000103388669224678
2.14350342529693,0.000103064355075422
2.14709388329575,0.000102742045394428
2.15068434129458,0.000102421794568287
2.1542747992934,0.000102103517337954
2.15786525729222,0.000101787253527061
2.16145571529104,0.000101472284270514
2.16504617328986,0.000101160539167125
2.16863663128869,0.000100850112365194
2.17222708928751,0.000100541618714246
2.17581754728633,0.000100235013328339
2.17940800528515,9.99303004563657e-05
2.18299846328398,9.9627379313094e-05
2.1865889212828,9.93264092456672e-05
2.19017937928162,9.90272005641245e-05
2.19376983728044,9.87298642914978e-05
2.19736029527927,9.84342497307652e-05
2.20095075327809,9.81402793814794e-05
2.20454121127691,9.78487591351256e-05
2.20813166927573,9.75584292961187e-05
2.21172212727456,9.72699705622953e-05
2.21531258527338,9.69832261149538e-05
2.2189030432722,9.66981955754571e-05
2.22249350127102,9.64148461024301e-05
2.22608395926984,9.61333274484956e-05
2.22967441726867,9.58534019346018e-05
2.23326487526749,9.55751721905256e-05
2.23685533326631,9.52985959894589e-05
2.24044579126513,9.50237217438619e-05
2.24403624926396,9.47507284480698e-05
2.24762670726278,9.44789881607195e-05
2.2512171652616,9.42088358228e-05
2.25480762326042,9.39407705813001e-05
2.25839808125925,9.36741378600112e-05
2.26198853925807,9.34092185356187e-05
2.26557899725689,9.31458380856544e-05
2.26916945525571,9.28841974439953e-05
2.27275991325454,9.26242150184414e-05
2.27635037125336,9.23659818141006e-05
2.27994082925218,9.21094616834266e-05
2.283531287251,9.1854751253198e-05
2.28712174524982,9.16018843162004e-05
2.29071220324865,9.13509334212978e-05
2.29430266124747,9.11023420142088e-05
2.29789311924629,9.08557938897907e-05
2.30148357724511,9.06119314403947e-05
2.30507403524394,9.03710046465798e-05
2.30866449324276,9.01338684439758e-05
2.31225495124158,8.99016755843729e-05
2.3158454092404,8.96765936427332e-05
2.31943586723923,8.94631771099725e-05
2.32302632523805,8.92720207826999e-05
2.32661678323687,8.91372736339284e-05
2.33020724123569,8.92471523164029e-05
2.33379769923451,8.39620299740912e-05
2.33738815723334,8.76137667708597e-05
2.34097861523216,8.76144920994707e-05
2.34456907323098,8.74654190222334e-05
2.3481595312298,8.72760808459813e-05
2.35174998922863,8.70708580602688e-05
2.35534044722745,8.68580958696079e-05
2.35893090522627,8.66414627040857e-05
2.36252136322509,8.64228619961111e-05
2.36611182122392,8.62032437547343e-05
2.36970227922274,8.59833958423673e-05
2.37329273722156,8.57635582995317e-05
2.37688319522038,8.5544156748283e-05
2.38047365321921,8.5325191523838e-05
2.38406411121803,8.51068991596919e-05
2.38765456921685,8.4889355488189e-05
2.39124502721567,8.46725545797773e-05
2.39483548521449,8.44567045423244e-05
2.39842594321332,8.42417121957782e-05
2.40201640121214,8.4027670352591e-05
2.40560685921096,8.38144939664012e-05
2.40919731720978,8.36022630339355e-05
2.41278777520861,8.33910042134203e-05
2.41637823320743,8.31808885164126e-05
2.41996869120625,8.29715697091983e-05
2.42355914920507,8.27624124165254e-05
2.4271496072039,8.25559555985496e-05
2.43074006520272,8.23496501075061e-05
2.43433052320154,8.21442892922316e-05
2.43792098120036,8.19399131776312e-05
2.44151143919918,8.17365005849042e-05
2.44510189719801,8.15341647396952e-05
2.44869235519683,8.13326805098843e-05
2.45228281319565,8.11322264907869e-05
2.45587327119447,8.09326253555529e-05
2.4594637291933,8.07342853076712e-05
2.46305418719212,8.05372852913965e-05
2.46664464519094,8.03391575247282e-05
2.47023510318976,8.0143777177523e-05
2.47382556118859,7.99490788724075e-05
2.47741601918741,7.97552403257814e-05
2.48100647718623,7.95622949354962e-05
2.48459693518505,7.93703073395423e-05
2.48818739318387,7.91792121114506e-05
2.4917778511827,7.89890080964027e-05
2.49536830918152,7.87996485000875e-05
2.49895876718034,7.8611310886141e-05
2.50254922517916,7.84237710382278e-05
2.50613968317799,7.82373257963672e-05
2.50973014117681,7.80514537668649e-05
2.51332059917563,7.78665843179225e-05
2.51691105717445,7.76825516691074e-05
2.52050151517328,7.74994390592769e-05
2.5240919731721,7.73170784220053e-05
2.52768243117092,7.71356816208567e-05
2.53127288916974,7.69550646316555e-05
2.53486334716857,7.67750750096731e-05
2.53845380516739,7.65965422751101e-05
2.54204426316621,7.64184096336314e-05
2.54563472116503,7.62411062536096e-05
2.54922517916385,7.60646433463618e-05
2.55281563716268,7.588899738271e-05
2.5564060951615,7.57141847833393e-05
2.55999655316032,7.5540158453904e-05
2.56358701115914,7.53668726201917e-05
2.56717746915797,7.51944597340488e-05
2.57076792715679,7.50228156622815e-05
2.57435838515561,7.48518981441837e-05
2.57794884315443,7.46818046844713e-05
2.58153930115326,7.45124858063548e-05
2.58512975915208,7.43438682729895e-05
2.5887202171509,7.41761526365552e-05
2.59231067514972,7.40090540521464e-05
2.59590113314854,7.38434059092031e-05
2.59949159114737,7.36773064913406e-05
2.60308204914619,7.35124785267916e-05
2.60667250714501,7.33483501181632e-05
2.61026296514383,7.31850283397072e-05
2.61385342314266,7.30224349550318e-05
2.61744388114148,7.286049343643e-05
2.6210343391403,7.26993658660184e-05
2.62462479713912,7.25389945802895e-05
2.62821525513795,7.23790300429425e-05
2.63180571313677,7.22200434369063e-05
2.63539617113559,7.20617331624861e-05
2.63898662913441,7.19041010229003e-05
2.64257708713324,7.17471845923768e-05
2.64616754513206,7.15909620679127e-05
2.64975800313088,7.14354724447965e-05
2.6533484611297,7.1280728911617e-05
2.65693891912852,7.11268522014814e-05
2.66052937712735,7.09739929838113e-05
2.66411983512617,7.08241183230157e-05
2.66771029312499,7.0653476146904e-05
2.67130075112381,7.05119195827929e-05
2.67489120912264,7.0362183148241e-05
2.67848166712146,7.02123623712961e-05
2.68207212512028,7.00629425031926e-05
2.6856625831191,6.99140011310863e-05
2.68925304111792,6.97656848813674e-05
2.69284349911675,6.96179678424414e-05
2.69643395711557,6.94709575093568e-05
2.70002441511439,6.93243188489402e-05
2.70361487311321,6.91784170482331e-05
2.70720533111204,6.90330613986287e-05
2.71079578911086,6.88883626963771e-05
2.71438624710968,6.87442779686759e-05
2.7179767051085,6.86008864935708e-05
2.72156716310733,6.84578629390812e-05
2.72515762110615,6.8315576514881e-05
2.72874807910497,6.81738516856863e-05
2.73233853710379,6.80327149192367e-05
2.73592899510262,6.78921851830959e-05
2.73951945310144,6.77521662848105e-05
2.74310991110026,6.76127954470053e-05
2.74670036909908,6.74739872603104e-05
2.7502908270979,6.73356813024427e-05
2.75388128509673,6.71980317064902e-05
2.75747174309555,6.70608658790368e-05
2.76106220109437,6.69242666625098e-05
2.76465265909319,6.67882857920371e-05
2.76824311709202,6.66527920605459e-05
2.77183357509084,6.65178727622273e-05
2.77542403308966,6.63835184798766e-05
2.77901449108848,6.62497366599289e-05
2.78260494908731,6.61164182196968e-05
2.78619540708613,6.59837955893537e-05
2.78978586508495,6.58513914313847e-05
2.79337632308377,6.57196537442146e-05
2.7969667810826,6.5588345140859e-05
2.80055723908142,6.54580124375693e-05
2.80414769708024,6.53278748772603e-05
2.80773815507906,6.5198233604408e-05
2.81132861307788,6.50691277992956e-05
2.81491907107671,6.49405450940417e-05
2.81850952907553,6.4812464901463e-05
2.82209998707435,6.4684901518521e-05
2.82569044507317,6.45578196206147e-05
2.829280903072,6.4431219336373e-05
2.83287136107082,6.43051536869461e-05
2.83646181906964,6.41795554485055e-05
2.84005227706846,6.40544677861316e-05
2.84364273506729,6.39298618490748e-05
2.84723319306611,6.38057582064376e-05
2.85082365106493,6.36820953698197e-05
2.85441410906375,6.35589159993584e-05
2.85800456706257,6.34361274406302e-05
2.8615950250614,6.33141051058652e-05
2.86518548306022,6.31920661801595e-05
2.86877594105904,6.30593635757825e-05
2.87236639905786,6.29507225786985e-05
2.87595685705669,6.28302295776339e-05
2.87954731505551,6.27101828794954e-05
2.88313777305433,6.25907662799939e-05
2.88672823105315,6.24717737972621e-05
2.89031868905198,6.23532508417168e-05
2.8939091470508,6.22351952757483e-05
2.89749960504962,6.21175424196859e-05
2.90109006304844,6.20003211873455e-05
2.90468052104727,6.1883625270752e-05
2.90827097904609,6.17673165530052e-05
2.91186143704491,6.16514755771776e-05
2.91545189504373,6.15360499517206e-05
2.91904235304255,6.14211332619413e-05
2.92263281104138,6.13064795853579e-05
2.9262232690402,6.11923334311803e-05
2.92981372703902,6.10786411251085e-05
2.93340418503784,6.09653634632296e-05
2.93699464303667,6.0852471775709e-05
2.94058510103549,6.07400587072035e-05
2.94417555903431,6.06279755775048e-05
2.94776601703313,6.05163475099078e-05
2.95135647503196,6.04051330156342e-05
2.95494693303078,6.02941318083305e-05
2.9585373910296,6.01816430838131e-05
2.96212784902842,6.00746890927511e-05
2.96571830702724,5.99647960439395e-05
2.96930876502607,5.98555730811313e-05
2.97289922302489,5.97467810790803e-05
2.97648968102371,5.9638443879793e-05
2.98008013902253,5.95304357148654e-05
2.98367059702136,5.94229311631147e-05
2.98726105502018,5.93158259214718e-05
2.990851513019,5.92091481961984e-05
2.99444197101782,5.91035100642527e-05
2.99803242901665,5.90003409849965e-05
