freqs,specs
0,1.09398226991816e-07
0.00359045799882233,8.41149631939629e-10
0.00718091599764466,8.31992442641143e-10
0.010771373996467,8.36341261764805e-10
0.0143618319952893,8.56142091596925e-10
0.0179522899941117,8.91987399204368e-10
0.021542747992934,8.24947524966389e-10
0.0251332059917563,8.39186421157486e-10
0.0287236639905786,8.41995269165727e-10
0.032314121989401,8.56084873845745e-10
0.0359045799882233,8.72437328697475e-10
0.0394950379870456,1.09398212360399e-09
0.043085495985868,7.54015317592136e-10
0.0466759539846903,7.86946728338132e-10
0.0502664119835126,8.02612600216345e-10
0.053856869982335,8.07481427344113e-10
0.0574473279811573,8.06020757492491e-10
0.0610377859799796,8.29348576501266e-10
0.0646282439788019,8.20550654483916e-10
0.0682187019776243,8.23103979703976e-10
0.0718091599764466,8.18272363004189e-10
0.0753996179752689,8.23028377913804e-10
0.0789900759740913,8.29490771204358e-10
0.0825805339729136,8.07457029809933e-10
0.0861709919717359,8.22671537665081e-10
0.0897614499705583,8.33341550151466e-10
0.0933519079693806,8.4125708519181e-10
0.0969423659682029,8.07842553881344e-10
0.100532823967025,8.17197298375873e-10
0.104123281965848,8.18517164143026e-10
0.10771373996467,8.09686493691807e-10
0.111304197963492,8.03451632753306e-10
0.114894655962315,7.76351028021966e-10
0.118485113961137,8.71315845425554e-10
0.122075571959959,8.38677328234919e-10
0.125666029958782,8.36494868601038e-10
0.129256487957604,8.41091871623784e-10
0.132846945956426,8.3956351594237e-10
0.136437403955249,8.25760766438377e-10
0.140027861954071,8.10770716158772e-10
0.143618319952893,8.0940475184322e-10
0.147208777951716,8.01615523484433e-10
0.150799235950538,7.82022871345648e-10
0.15438969394936,6.85185259100343e-10
0.157980151948183,1.38956581806045e-09
0.161570609947005,9.52752183342678e-10
0.165161067945827,9.36060602010965e-10
0.16875152594465,9.25553713169575e-10
0.172341983943472,9.41036941791873e-10
0.175932441942294,1.82142604453289e-09
0.179522899941117,7.96547394211606e-10
0.183113357939939,8.40960942033091e-10
0.186703815938761,8.48531188958425e-10
0.190294273937583,8.61232053856982e-10
0.193884731936406,8.67729914027317e-10
0.197475189935228,8.94664303373786e-10
0.20106564793405,8.50795522036498e-10
0.204656105932873,8.48932633628697e-10
0.208246563931695,8.54525484365014e-10
0.211837021930517,8.40573618168333e-10
0.21542747992934,8.03153666576249e-10
0.219017937928162,9.10921628249866e-10
0.222608395926984,8.78297999372975e-10
0.226198853925807,8.70308668381733e-10
0.229789311924629,8.70292885599243e-10
0.233379769923451,8.58642925979333e-10
0.236970227922274,8.57029942573195e-10
0.240560685921096,8.88729571142978e-10
0.244151143919918,8.7460583103226e-10
0.247741601918741,8.7681311161184e-10
0.251332059917563,8.58910558164417e-10
0.254922517916385,8.80477421449733e-10
0.258512975915208,8.44869467791396e-10
0.26210343391403,8.7086899612783e-10
0.265693891912852,8.72637428007086e-10
0.269284349911675,8.56815142682292e-10
0.272874807910497,8.74413731740058e-10
0.276465265909319,8.56426776228116e-10
0.280055723908142,8.5464350886135e-10
0.283646181906964,8.38141047311261e-10
0.287236639905786,8.14485086034479e-10
0.290827097904609,6.58573972370597e-10
0.294417555903431,1.09960096925399e-09
0.298008013902253,9.56186829633205e-10
0.301598471901076,9.2130340889115e-10
0.305188929899898,9.0662183682624e-10
0.30877938789872,8.85768946035425e-10
0.312369845897543,9.13076395726094e-10
0.315960303896365,8.49441127750642e-10
0.319550761895187,8.37794224746495e-10
0.32314121989401,8.00844880947015e-10
0.326731677892832,7.48042907626723e-10
0.330322135891654,7.57514388476073e-10
0.333912593890477,5.59905004056644e-09
0.337503051889299,1.5375234000316e-09
0.341093509888121,1.24984389773606e-09
0.344683967886944,1.17518216632678e-09
0.348274425885766,1.12265226692294e-09
0.351864883884588,1.12296142604501e-09
0.355455341883411,1.03312360993212e-09
0.359045799882233,1.05482634987677e-09
0.362636257881055,1.05840005872301e-09
0.366226715879878,1.05281853976944e-09
0.3698171738787,1.05823460748267e-09
0.373407631877522,1.12542467663811e-09
0.376998089876345,1.03242952992196e-09
0.380588547875167,1.0460530846399e-09
0.384179005873989,1.03572765258746e-09
0.387769463872812,1.04616953375724e-09
0.391359921871634,1.05177552593586e-09
0.394950379870456,1.0541402980204e-09
0.398540837869279,1.05529091088162e-09
0.402131295868101,1.05449966259836e-09
0.405721753866923,1.06079256257941e-09
0.409312211865746,1.09214597265056e-09
0.412902669864568,1.08106623996949e-09
0.41649312786339,1.04629970368845e-09
0.420083585862213,1.06337349572929e-09
0.423674043861035,1.07656926446963e-09
0.427264501859857,1.09204685742051e-09
0.43085495985868,1.08896876319086e-09
0.434445417857502,1.06883425367408e-09
0.438035875856324,1.09296073626587e-09
0.441626333855147,1.10207922801132e-09
0.445216791853969,1.09943189960054e-09
0.448807249852791,1.08879287936591e-09
0.452397707851614,1.11114581282462e-09
0.455988165850436,1.11031678201319e-09
0.459578623849258,1.11361944010888e-09
0.463169081848081,1.11316665354963e-09
0.466759539846903,1.06024128810159e-09
0.470349997845725,1.30010462147717e-09
0.473940455844548,1.18755375997596e-09
0.47753091384337,1.19469597982856e-09
0.481121371842192,1.21364273701218e-09
0.484711829841015,1.24690569260925e-09
0.488302287839837,1.48524099361962e-09
0.491892745838659,1.04904975484319e-09
0.495483203837482,1.06432928291916e-09
0.499073661836304,1.10264108592385e-09
0.502664119835126,1.09864502490344e-09
0.506254577833949,1.07730570248659e-09
0.509845035832771,2.44740826480823e-09
0.513435493831593,1.27354968338536e-09
0.517025951830416,1.25061917192473e-09
0.520616409829238,1.24488499361272e-09
0.52420686782806,1.25103155725673e-09
0.527797325826883,1.29090071758365e-09
0.531387783825705,1.03577460906045e-09
0.534978241824527,1.24892529193249e-09
0.53856869982335,1.26027840000275e-09
0.542159157822172,1.27604266802647e-09
0.545749615820994,1.2894204668289e-09
0.549340073819817,1.32954087330764e-09
0.552930531818639,1.27882338911255e-09
0.556520989817461,1.3003302705678e-09
0.560111447816284,1.30869723341199e-09
0.563701905815106,1.31582311059411e-09
0.567292363813928,1.3582341950791e-09
0.57088282181275,1.35432504407977e-09
0.574473279811573,1.35224782561022e-09
0.578063737810395,1.36388490904414e-09
0.581654195809218,1.3809587626015e-09
0.58524465380804,1.45237064030797e-09
0.588835111806862,1.41913193935468e-09
0.592425569805685,1.42382586025964e-09
0.596016027804507,1.44133737569741e-09
0.599606485803329,1.46293984005424e-09
0.603196943802151,1.48703619442344e-09
0.606787401800974,1.50503461968609e-09
0.610377859799796,1.51148979592358e-09
0.613968317798618,1.53925296921536e-09
0.617558775797441,1.58424063482851e-09
0.621149233796263,1.62409622173371e-09
0.624739691795085,1.84310046780714e-09
0.628330149793908,1.53726221363234e-09
0.63192060779273,1.62421680263315e-09
0.635511065791552,1.6785859981493e-09
0.639101523790375,1.7363994484493e-09
0.642691981789197,1.80454348319851e-09
0.646282439788019,1.90428682530794e-09
0.649872897786842,2.00852846326514e-09
0.653463355785664,2.18308866750045e-09
0.657053813784486,2.48987646914173e-09
0.660644271783309,3.18813916571886e-09
0.664234729782131,5.94625539286249e-09
0.667825187780953,9.07499881636435e-09
0.671415645779776,1.75320718067752e-09
0.675006103778598,1.17499853642953e-09
0.67859656177742,1.13029650821299e-09
0.682187019776243,1.19260845247713e-09
0.685777477775065,1.20353258441663e-09
0.689367935773887,1.31150501429829e-09
0.69295839377271,1.36366097336702e-09
0.696548851771532,1.40156301883068e-09
0.700139309770354,1.43944545425561e-09
0.703729767769177,1.4645070021578e-09
0.707320225767999,7.6365687041102e-10
0.710910683766821,1.59118503150375e-09
0.714501141765644,1.59950919024403e-09
0.718091599764466,1.63175800036379e-09
0.721682057763288,1.65137972779012e-09
0.725272515762111,1.70141744459139e-09
0.728862973760933,1.69491031732075e-09
0.732453431759755,1.73817879931682e-09
0.736043889758578,1.75518960925079e-09
0.7396343477574,1.77539598092808e-09
0.743224805756222,1.85251530095105e-09
0.746815263755045,1.8625287805185e-09
0.750405721753867,1.87755923427665e-09
0.753996179752689,1.90743756541388e-09
0.757586637751512,1.9350212830267e-09
0.761177095750334,1.94356894108015e-09
0.764767553749156,1.98927094810104e-09
0.768358011747979,2.03013982575551e-09
0.771948469746801,2.05786568619513e-09
0.775538927745623,2.09836347819475e-09
0.779129385744446,2.13192153072465e-09
0.782719843743268,2.13387646285484e-09
0.78631030174209,2.20686820263848e-09
0.789900759740913,2.24600245978043e-09
0.793491217739735,2.28349875757242e-09
0.797081675738557,2.3303990997785e-09
0.80067213373738,2.39735374995388e-09
0.804262591736202,2.4113807531305e-09
0.807853049735024,2.44838203240327e-09
0.811443507733847,2.50231062257758e-09
0.815033965732669,2.57238586019772e-09
0.818624423731491,2.67841132517206e-09
0.822214881730314,3.08743067432334e-09
0.825805339729136,2.46448865651118e-09
0.829395797727958,2.62627003485008e-09
0.832986255726781,2.71119950685441e-09
0.836576713725603,2.77756567231565e-09
0.840167171724425,2.90177610379729e-09
0.843757629723248,2.77152890290113e-09
0.84734808772207,2.9480205323967e-09
0.850938545720892,3.03416453352618e-09
0.854529003719715,3.1246230187989e-09
0.858119461718537,3.19054967240469e-09
0.861709919717359,3.29102341405425e-09
0.865300377716182,3.45085993373753e-09
0.868890835715004,3.472227730712e-09
0.872481293713826,3.55634085931162e-09
0.876071751712649,3.65055065377425e-09
0.879662209711471,3.75953574284031e-09
0.883252667710293,3.79274728150054e-09
0.886843125709115,4.00142411655751e-09
0.890433583707938,4.12744200459337e-09
0.89402404170676,4.26417778162038e-09
0.897614499705583,4.40212762472826e-09
0.901204957704405,4.55872961597767e-09
0.904795415703227,4.74728688406713e-09
0.90838587370205,4.90514294143404e-09
0.911976331700872,5.08911426631382e-09
0.915566789699694,5.29980940719113e-09
0.919157247698516,5.55161571094231e-09
0.922747705697339,5.79024398118218e-09
0.926338163696161,6.05640695516364e-09
0.929928621694984,6.3658650847154e-09
0.933519079693806,6.69680599919361e-09
0.937109537692628,7.07951518772212e-09
0.940699995691451,7.46953284456543e-09
0.944290453690273,7.95828138038983e-09
0.947880911689095,8.49682894097752e-09
0.951471369687917,9.1136185294896e-09
0.95506182768674,9.82571725662478e-09
0.958652285685562,1.06535234254562e-08
0.962242743684384,1.16410303692298e-08
0.965833201683207,1.28701370624856e-08
0.969423659682029,1.43614112934442e-08
0.973014117680852,1.62575776444842e-08
0.976604575679674,1.87200250246913e-08
0.980195033678496,2.21586111289232e-08
0.983785491677318,2.68830158552302e-08
0.987375949676141,3.44897549807089e-08
0.990966407674963,4.81493272463231e-08
0.994556865673785,7.98026370771077e-08
0.998147323672608,2.34109384888448e-07
1.00173778167143,2.49196355556037e-07
1.00532823967025,8.11520021308496e-08
1.00891869766907,4.84019113615136e-08
1.0125091556679,3.44451994226016e-08
1.01609961366672,2.67184267469663e-08
1.01969007166554,2.18672450809756e-08
1.02328052966436,1.84237337377841e-08
1.02687098766319,1.59355523845189e-08
1.03046144566201,1.40242397140933e-08
1.03405190366083,1.25260029761038e-08
1.03764236165965,1.12837995969231e-08
1.04123281965848,1.07140955062344e-08
1.0448232776573,9.51643712766937e-09
1.04841373565612,8.7759467898159e-09
1.05200419365494,8.15729048949588e-09
1.05559465165377,7.61254379264711e-09
1.05918510965259,7.13917833028761e-09
1.06277556765141,6.72310091071102e-09
1.06636602565023,6.34704868430072e-09
1.06995648364905,6.01078022571207e-09
1.07354694164788,5.70212103110382e-09
1.0771373996467,5.42858490889244e-09
1.08072785764552,5.18910811686766e-09
1.08431831564434,4.94004374165337e-09
1.08790877364317,4.72789851151374e-09
1.09149923164199,4.53882266723458e-09
1.09508968964081,4.40470542469867e-09
1.09868014763963,4.20122365868614e-09
1.10227060563846,4.0393920332975e-09
1.10586106363728,3.89887173258853e-09
1.1094515216361,3.76611598644565e-09
1.11304197963492,3.63873334014492e-09
1.11663243763374,3.47357634062032e-09
1.12022289563257,3.40254906973031e-09
1.12381335363139,3.2862041992883e-09
1.12740381163021,3.18442935101819e-09
1.13099426962903,3.09165146904802e-09
1.13458472762786,2.97004770614536e-09
1.13817518562668,2.95909453568904e-09
1.1417656436255,2.85284190992632e-09
1.14535610162432,2.76620475645892e-09
1.14894655962315,2.69676087932508e-09
1.15253701762197,2.6289070928872e-09
1.15612747562079,2.58667100073073e-09
1.15971793361961,2.47361471876611e-09
1.16330839161844,2.41472295372846e-09
1.16689884961726,2.35132423824779e-09
1.17048930761608,2.28569172496887e-09
1.1740797656149,2.17562314671647e-09
1.17767022361372,2.44270982736439e-09
1.18126068161255,2.21073390179728e-09
1.18485113961137,2.15300948147304e-09
1.18844159761019,2.10073886420149e-09
1.19203205560901,2.0462000730986e-09
1.19562251360784,2.00275424891525e-09
1.19921297160666,1.98495431689285e-09
1.20280342960548,1.9264645945804e-09
1.2063938876043,1.87956507641006e-09
1.20998434560313,1.84374441282948e-09
1.21357480360195,1.80368672777319e-09
1.21716526160077,1.5614312926892e-09
1.22075571959959,1.72011729022868e-09
1.22434617759841,1.68754404538816e-09
1.22793663559724,1.65804052037141e-09
1.23152709359606,1.61958020507327e-09
1.23511755159488,1.58877278913852e-09
1.2387080095937,1.54449266770415e-09
1.24229846759253,1.5313405536306e-09
1.24588892559135,1.50142153133266e-09
1.24947938359017,1.48740080883293e-09
1.25306984158899,1.40368736314415e-09
1.25666029958782,1.41068903453409e-09
1.26025075758664,1.35185580634793e-09
1.26384121558546,1.34051112571637e-09
1.26743167358428,1.31370510713066e-09
1.2710221315831,1.2716535907203e-09
1.27461258958193,1.24233934237666e-09
1.27820304758075,1.2198209330905e-09
1.28179350557957,1.19067245629769e-09
1.28538396357839,1.16181618895465e-09
1.28897442157722,1.13246887093705e-09
1.29256487957604,9.324286466982e-10
1.29615533757486,1.04506451259909e-09
1.29974579557368,1.02804957703823e-09
1.30333625357251,9.88532553701235e-10
1.30692671157133,9.65060406019781e-10
1.31051716957015,9.17567826773296e-10
1.31410762756897,9.23816108929368e-10
1.3176980855678,9.46545485274877e-10
1.32128854356662,1.07553818056204e-09
1.32487900156544,1.50015668808371e-09
1.32846945956426,2.87634645000225e-09
1.33205991756308,1.26836541374573e-08
1.33565037556191,8.18115138742155e-09
1.33924083356073,3.74802110358986e-09
1.34283129155955,2.67326132884963e-09
1.34642174955837,2.21607496801553e-09
1.3500122075572,1.9353273949728e-09
1.35360266555602,1.810826994344e-09
1.35719312355484,1.62649491855466e-09
1.36078358155366,1.54523644320146e-09
1.36437403955249,1.48786682658144e-09
1.36796449755131,1.44572946254324e-09
1.37155495555013,1.47210948794723e-09
1.37514541354895,9.49659090843806e-10
1.37873587154777,1.18060990930645e-09
1.3823263295466,1.18621784068955e-09
1.38591678754542,1.16165116610613e-09
1.38950724554424,1.14313600191484e-09
1.39309770354306,1.11183135903774e-09
1.39668816154189,1.10580472846244e-09
1.40027861954071,1.08403416670231e-09
1.40386907753953,1.06238981385702e-09
1.40745953553835,1.02619225415173e-09
1.41104999353718,1.05605786121406e-09
1.414640451536,1.04220861484494e-09
1.41823090953482,1.00474408715186e-09
1.42182136753364,9.88631420691551e-10
1.42541182553247,9.72795067293526e-10
1.42900228353129,9.56386342661565e-10
1.43259274153011,9.52976335522872e-10
1.43618319952893,9.26098789096711e-10
1.43977365752775,9.21314462050802e-10
1.44336411552658,9.19653556376179e-10
1.4469545735254,9.17224617829209e-10
1.45054503152422,8.37786459051652e-10
1.45413548952304,8.61269680311461e-10
1.45772594752187,8.55774131949974e-10
1.46131640552069,8.45404481684947e-10
1.46490686351951,8.41662512912894e-10
1.46849732151833,8.15768217170788e-10
1.47208777951716,8.56287899776662e-10
1.47567823751598,8.29115483989889e-10
1.4792686955148,8.25365166987389e-10
1.48285915351362,8.35926649258071e-10
1.48644961151244,8.42868115389446e-10
1.49004006951127,1.65856943079872e-09
1.49363052751009,6.18747310563324e-10
1.49722098550891,6.63177093571047e-10
1.50081144350773,6.70214245287923e-10
1.50440190150656,6.45544873134551e-10
1.50799235950538,8.41837970447522e-10
1.5115828175042,1.06833042374653e-09
1.51517327550302,7.98664769131109e-10
1.51876373350185,7.51260045255872e-10
1.52235419150067,7.31208072858799e-10
1.52594464949949,7.36086469466296e-10
1.52953510749831,8.87956319728414e-10
1.53312556549713,4.69209104381325e-10
1.53671602349596,5.75857913354605e-10
1.54030648149478,5.83537733731066e-10
1.5438969394936,5.8460059853993e-10
1.54748739749242,5.59980182290611e-10
1.55107785549125,7.38325765991394e-10
1.55466831349007,5.97642277841231e-10
1.55825877148889,5.77630299484922e-10
1.56184922948771,5.63814868879576e-10
1.56543968748654,5.33485238796042e-10
1.56903014548536,5.5442720098866e-10
1.57262060348418,5.34777059733774e-10
1.576211061483,5.21897722591378e-10
1.57980151948183,4.92389986708136e-10
1.58339197748065,4.66582718158625e-10
1.58698243547947,5.00037216899289e-10
1.59057289347829,4.72761390381825e-10
1.59416335147711,4.55595256940342e-10
1.59775380947594,4.3271780123036e-10
1.60134426747476,4.17898084376499e-10
1.60493472547358,4.00795927031206e-10
1.6085251834724,3.8646460458822e-10
1.61211564147123,3.52374286765548e-10
1.61570609947005,3.20544139762732e-10
1.61929655746887,2.9428200390145e-10
1.62288701546769,2.40542466104523e-10
1.62647747346652,4.22276251987724e-10
1.63006793146534,2.38627457707284e-10
1.63365838946416,1.8314440083866e-10
1.63724884746298,1.14297992521132e-10
1.6408393054618,6.70843414118762e-11
1.64442976346063,9.24623568133593e-11
1.64802022145945,2.40581966027304e-10
1.65161067945827,4.16179808737286e-10
1.65520113745709,7.48509676087e-10
1.65879159545592,1.36061535744501e-09
1.66238205345474,2.96413794520607e-09
1.66597251145356,2.14468804170335e-08
1.66956296945238,5.84538496640698e-09
1.67315342745121,2.92678233598512e-09
1.67674388545003,2.09482222321892e-09
1.68033434344885,1.68786099359286e-09
1.68392480144767,1.46476206033737e-09
1.6875152594465,1.2676477602157e-09
1.69110571744532,1.19759068894301e-09
1.69469617544414,1.12260956177809e-09
1.69828663344296,1.07140650415881e-09
1.70187709144178,1.05606446987152e-09
1.70546754944061,1.20906398744307e-09
1.70905800743943,5.30512627225367e-10
1.71264846543825,7.40309932914905e-10
1.71623892343707,7.49322793690747e-10
1.7198293814359,7.50708069414546e-10
1.72341983943472,7.19090985031463e-10
1.72701029743354,7.70104094686961e-10
1.73060075543236,7.1170230311213e-10
1.73419121343119,7.07895623691816e-10
1.73778167143001,6.81967849757464e-10
1.74137212942883,6.47703128406719e-10
1.74496258742765,6.70844780527821e-10
1.74855304542647,6.75919481728662e-10
1.7521435034253,6.53534186649219e-10
1.75573396142412,6.47002623509189e-10
1.75932441942294,6.53998988723594e-10
1.76291487742176,5.90429882695196e-10
1.76650533542059,5.93823370335333e-10
1.77009579341941,5.97322591821313e-10
1.77368625141823,5.75297633187177e-10
1.77727670941705,5.73012358545057e-10
1.78086716741588,5.50593369438096e-10
1.7844576254147,5.95153918156321e-10
1.78804808341352,5.65556300877306e-10
1.79163854141234,5.63470727768568e-10
1.79522899941117,5.51782878388299e-10
1.79881945740999,5.42972396951006e-10
1.80240991540881,5.55591651654018e-10
1.80600037340763,5.4629622052816e-10
1.80959083140645,5.2522419050891e-10
1.81318128940528,5.16899203595616e-10
1.8167717474041,5.00129825904654e-10
1.82036220540292,4.95964727734708e-10
1.82395266340174,1.21884162556207e-09
1.82754312140057,5.33721139662052e-10
1.83113357939939,5.29739198476971e-10
1.83472403739821,5.36867809148728e-10
1.83831449539703,5.20902222801239e-10
1.84190495339586,8.78626083066303e-10
1.84549541139468,3.97471049134999e-10
1.8490858693935,4.14528031913916e-10
1.85267632739232,4.1232000316106e-10
1.85626678539114,4.19247812482458e-10
1.85985724338997,3.92068087649308e-10
1.86344770138879,3.05709988918727e-10
1.86703815938761,4.97144401927381e-10
1.87062861738643,4.5294837808989e-10
1.87421907538526,4.39227907133708e-10
1.87780953338408,4.22878885232556e-10
1.8813999913829,4.15186690248975e-10
1.88499044938172,4.06809232679077e-10
1.88858090738055,3.93747573870148e-10
1.89217136537937,3.90997803208262e-10
1.89576182337819,3.86889985487273e-10
1.89935228137701,3.73998678421572e-10
1.90294273937583,3.57418228737429e-10
1.90653319737466,3.69345265165683e-10
1.91012365537348,3.59343463515612e-10
1.9137141133723,3.4217873195546e-10
1.91730457137112,2.89208021087243e-10
1.92089502936995,3.60788537431453e-10
1.92448548736877,3.49127980810168e-10
1.92807594536759,3.29410537712667e-10
1.93166640336641,3.20606633867538e-10
1.93525686136524,3.0824829653216e-10
1.93884731936406,3.06642045745057e-10
1.94243777736288,2.9189673793288e-10
1.9460282353617,2.91761669351344e-10
1.94961869336053,2.91256068106216e-10
1.95320915135935,2.98205322266977e-10
1.95679960935817,3.30722189508929e-10
1.96039006735699,1.86817604537586e-10
1.96398052535581,2.399119733385e-10
1.96757098335464,2.71638848618811e-10
1.97116144135346,3.09994698306544e-10
1.97475189935228,3.69299435810106e-10
1.9783423573511,4.75589271560352e-10
1.98193281534993,5.06048682221568e-10
1.98552327334875,7.75154300227607e-10
1.98911373134757,1.13509373566391e-09
1.99270418934639,1.87911670736442e-09
1.99629464734522,3.99726362592948e-09
1.99988510534404,1.41006757284315e-07
2.00347556334286,5.06300453248784e-09
2.00706602134168,2.68759377535498e-09
2.01065647934051,1.92146418671521e-09
2.01424693733933,1.53828444595127e-09
2.01783739533815,1.32006016677212e-09
2.02142785333697,1.19357585880639e-09
2.02501831133579,1.07783025820994e-09
2.02860876933462,1.02407537728409e-09
2.03219922733344,1.00660193341065e-09
2.03578968533226,1.0534995812152e-09
2.03938014333108,1.70705979510564e-09
2.04297060132991,6.32921788381459e-10
2.04656105932873,5.73365550270914e-10
2.05015151732755,5.99414719918968e-10
2.05374197532637,5.96419269887612e-10
2.05733243332519,5.98132031755241e-10
2.06092289132402,5.74685250641669e-10
2.06451334932284,5.73193138106104e-10
2.06810380732166,5.6337312021122e-10
2.07169426532048,5.54738664787673e-10
2.07528472331931,5.61966446403343e-10
2.07887518131813,5.40687503823012e-10
2.08246563931695,5.26622023215637e-10
2.08605609731577,5.21470432892287e-10
2.0896465553146,5.23824982379696e-10
2.09323701331342,5.1711381687154e-10
2.09682747131224,4.96898006577763e-10
2.10041792931106,4.90933949523993e-10
2.10400838730989,4.96524705706266e-10
2.10759884530871,4.8719722363931e-10
2.11118930330753,4.7450782532547e-10
2.11477976130635,4.61270763658681e-10
2.11837021930517,4.70041614509598e-10
2.121960677304,4.63855716144616e-10
2.12555113530282,4.54499395154301e-10
2.12914159330164,4.50997798893611e-10
2.13273205130046,4.4409434711471e-10
2.13632250929929,4.70582616180557e-10
2.13991296729811,4.44246097554127e-10
2.14350342529693,4.29213826561878e-10
2.14709388329575,4.3359841367514e-10
2.15068434129458,4.15757786529758e-10
2.1542747992934,3.8656286967365e-10
2.15786525729222,8.17775520147453e-10
2.16145571529104,4.88863513406984e-10
2.16504617328986,4.5657386616867e-10
2.16863663128869,4.5550391805048e-10
2.17222708928751,4.57601937287467e-10
2.17581754728633,7.75876113749882e-10
2.17940800528515,3.6946520784932e-10
2.18299846328398,3.99974241361492e-10
2.1865889212828,3.98073497264872e-10
2.19017937928162,3.77439498375057e-10
2.19376983728044,3.74349104921678e-10
2.19736029527927,3.15020012444825e-10
2.20095075327809,4.00971730996673e-10
2.20454121127691,3.81943196074023e-10
2.20813166927573,3.75680655868845e-10
2.21172212727456,3.60064224735027e-10
2.21531258527338,3.07869347796378e-10
2.2189030432722,4.55157561172821e-10
2.22249350127102,4.00467599154804e-10
2.22608395926984,3.89302378700396e-10
2.22967441726867,3.75704372258861e-10
2.23326487526749,3.98014311074794e-10
2.23685533326631,3.68351139774143e-10
2.24044579126513,3.82570572968609e-10
2.24403624926396,3.69902662050843e-10
2.24762670726278,3.66745664753048e-10
2.2512171652616,3.35649532915459e-10
2.25480762326042,3.64953471448568e-10
2.25839808125925,3.48672964150681e-10
2.26198853925807,3.6208548017515e-10
2.26557899725689,3.50504053331177e-10
2.26916945525571,3.42942575720354e-10
2.27275991325454,3.4239818646622e-10
2.27635037125336,3.49175402324732e-10
2.27994082925218,3.64803009728746e-10
2.283531287251,3.49379930506655e-10
2.28712174524982,3.46291110954613e-10
2.29071220324865,3.73689645920129e-10
2.29430266124747,2.63742550602012e-10
2.29789311924629,2.97174619808257e-10
2.30148357724511,2.91801797645647e-10
2.30507403524394,2.83773140990865e-10
2.30866449324276,2.66502286561246e-10
2.31225495124158,2.71364454115801e-10
2.3158454092404,2.58641936459551e-10
2.31943586723923,2.42749984367302e-10
2.32302632523805,2.01171016220961e-10
2.32661678323687,2.14264400315985e-10
2.33020724123569,5.1859283897625e-10
2.33379769923451,5.44026175911787e-09
2.33738815723334,8.88156051054146e-10
2.34097861523216,6.29045291875643e-10
2.34456907323098,5.3828886020971e-10
2.3481595312298,4.73555917265684e-10
2.35174998922863,4.96200170901803e-10
2.35534044722745,3.71710226989166e-10
2.35893090522627,3.83888731525746e-10
2.36252136322509,3.67862547523037e-10
2.36611182122392,3.34935934509636e-10
2.36970227922274,2.90310743517506e-10
2.37329273722156,1.24822391057548e-10
2.37688319522038,5.38468579887028e-10
2.38047365321921,4.44395317093418e-10
2.38406411121803,4.13312943097935e-10
2.38765456921685,3.99260452266034e-10
2.39124502721567,3.85496511299954e-10
2.39483548521449,3.88116939765621e-10
2.39842594321332,3.77290608778735e-10
2.40201640121214,3.70124985755845e-10
2.40560685921096,3.69062173113135e-10
2.40919731720978,3.78839976000308e-10
2.41278777520861,3.65341753202197e-10
2.41637823320743,3.50142866067783e-10
2.41996869120625,3.52769637116471e-10
2.42355914920507,3.51192413233525e-10
2.4271496072039,3.46847619137801e-10
2.43074006520272,3.50177066716806e-10
2.43433052320154,3.40183378642055e-10
2.43792098120036,3.49252199977811e-10
2.44151143919918,3.48151239157767e-10
2.44510189719801,3.40315604977946e-10
2.44869235519683,3.18958955593191e-10
2.45228281319565,3.4704923174881e-10
2.45587327119447,3.53588888718242e-10
2.4594637291933,3.44743041344808e-10
2.46305418719212,3.54562027208387e-10
2.46664464519094,3.57946552597965e-10
2.47023510318976,3.08613024809982e-10
2.47382556118859,3.17025223412092e-10
2.47741601918741,3.26668300165413e-10
2.48100647718623,3.29709364091407e-10
2.48459693518505,3.25193578556184e-10
2.48818739318387,3.56894608821088e-10
2.4917778511827,2.54165900146961e-10
2.49536830918152,3.00098698745796e-10
2.49895876718034,3.11222765296282e-10
2.50254922517916,3.0118226221713e-10
2.50613968317799,3.29561264136185e-10
2.50973014117681,9.91241224493577e-10
2.51332059917563,3.12112059127549e-10
2.51691105717445,3.04828779671574e-10
2.52050151517328,3.0639524183276e-10
2.5240919731721,3.09302017562078e-10
2.52768243117092,3.10176522739549e-10
2.53127288916974,1.93622741346375e-10
2.53486334716857,3.18606963267633e-10
2.53845380516739,3.15031133488014e-10
2.54204426316621,3.33159048528961e-10
2.54563472116503,3.51892502654147e-10
2.54922517916385,5.64104778467389e-10
2.55281563716268,2.16145977138724e-10
2.5564060951615,2.60792582415671e-10
2.55999655316032,2.76691759177658e-10
2.56358701115914,2.76509895626654e-10
2.56717746915797,2.91869625599298e-10
2.57076792715679,2.80653934275898e-10
2.57435838515561,2.84045773740548e-10
2.57794884315443,2.73459469134637e-10
2.58153930115326,2.8309020101126e-10
2.58512975915208,3.2384780686292e-10
2.5887202171509,2.84823028727699e-10
2.59231067514972,2.92401165728135e-10
2.59590113314854,2.84154798255191e-10
2.59949159114737,2.88915109304865e-10
2.60308204914619,2.91013040828886e-10
2.60667250714501,2.89977460616005e-10
2.61026296514383,2.89979885222438e-10
2.61385342314266,2.89866827962167e-10
2.61744388114148,2.99618786522349e-10
2.6210343391403,3.05512178215809e-10
2.62462479713912,3.57117688828149e-10
2.62821525513795,2.78888218314764e-10
2.63180571313677,3.03212583792942e-10
2.63539617113559,2.96056774586861e-10
2.63898662913441,3.15787212889483e-10
2.64257708713324,3.12996140558244e-10
2.64616754513206,3.14241702409228e-10
2.64975800313088,4.0669237354002e-10
2.6533484611297,4.47462864615914e-10
2.65693891912852,5.69193739976963e-10
2.66052937712735,8.42295179724739e-10
2.66411983512617,1.93952917717662e-09
2.66771029312499,4.75251374954714e-09
2.67130075112381,1.0955355660559e-09
2.67489120912264,6.59049078518753e-10
2.67848166712146,4.78830295912564e-10
2.68207212512028,4.20306076110304e-10
2.6856625831191,3.07540284079683e-10
2.68925304111792,3.74017241795656e-10
2.69284349911675,3.337038339877e-10
2.69643395711557,3.13015830642256e-10
2.70002441511439,2.99139724162204e-10
2.70361487311321,2.94664705379181e-10
2.70720533111204,6.56169511610658e-10
2.71079578911086,3.26179843988715e-10
2.71438624710968,3.00447493908768e-10
2.7179767051085,2.96308413288771e-10
2.72156716310733,2.80547855975761e-10
2.72515762110615,3.13984650526994e-10
2.72874807910497,2.65548045367117e-10
2.73233853710379,2.72580931610893e-10
2.73592899510262,2.6379832546225e-10
2.73951945310144,2.57119013627832e-10
2.74310991110026,3.29267519557355e-10
2.74670036909908,2.95806664422628e-10
2.7502908270979,2.75672826565269e-10
2.75388128509673,2.82022220931809e-10
2.75747174309555,2.67204906597605e-10
2.76106220109437,2.32074006816838e-10
2.76465265909319,2.7137009047705e-10
2.76824311709202,2.76053728406382e-10
2.77183357509084,2.65739444296416e-10
2.77542403308966,2.78623576117717e-10
2.77901449108848,2.74536402735406e-10
2.78260494908731,3.32072641289803e-10
2.78619540708613,2.76337092545734e-10
2.78978586508495,2.64724280971356e-10
2.79337632308377,2.76552161426424e-10
2.7969667810826,2.78563523098568e-10
2.80055723908142,2.7611527682331e-10
2.80414769708024,3.29211030612882e-10
2.80773815507906,3.09449210470666e-10
2.81132861307788,3.36431704787118e-10
2.81491907107671,3.73655177274258e-10
2.81850952907553,4.89203588326459e-10
2.82209998707435,9.94405633720936e-10
2.82569044507317,4.87881857630982e-10
2.829280903072,1.03211763323312e-10
2.83287136107082,1.20052644657014e-10
2.83646181906964,1.43521154147368e-10
2.84005227706846,2.23194928806242e-10
2.84364273506729,1.13096682343355e-10
2.84723319306611,1.24655870829358e-10
2.85082365106493,1.53242524421969e-10
2.85441410906375,1.71564575589686e-10
2.85800456706257,1.52477516902321e-10
2.8615950250614,1.60638255601815e-10
2.86518548306022,4.00656704399103e-10
2.86877594105904,2.13113379513375e-10
2.87236639905786,2.04407531140675e-10
2.87595685705669,1.92401902773807e-10
2.87954731505551,1.86562308180341e-10
2.88313777305433,2.04068366382314e-10
2.88672823105315,1.89931074714712e-10
2.89031868905198,1.95179995481133e-10
2.8939091470508,1.86818874792853e-10
2.89749960504962,1.83630683692873e-10
2.90109006304844,1.92586525660162e-10
2.90468052104727,1.97399110372316e-10
2.90827097904609,1.91079036746194e-10
2.91186143704491,1.82530191908616e-10
2.91545189504373,1.80241173034297e-10
2.91904235304255,2.26192311080347e-10
2.92263281104138,1.99208773389353e-10
2.9262232690402,1.93243628968125e-10
2.92981372703902,1.85808594064333e-10
2.93340418503784,1.87816837532684e-10
2.93699464303667,2.07913454462136e-10
2.94058510103549,1.82359240897653e-10
2.94417555903431,1.93050310789287e-10
2.94776601703313,1.94306740416231e-10
2.95135647503196,2.01615658762921e-10
2.95494693303078,2.05056702296754e-10
2.9585373910296,3.00123758876085e-10
2.96212784902842,1.65737865620407e-10
2.96571830702724,1.8361159964915e-10
2.96930876502607,2.16328532807944e-10
2.97289922302489,2.35915229353907e-10
2.97648968102371,2.71070151277133e-10
2.98008013902253,3.72922445738209e-10
2.98367059702136,3.21682595956934e-10
2.98726105502018,4.41890362078955e-10
2.990851513019,6.41018899767738e-10
2.99444197101782,1.13171599016756e-09
2.99803242901665,3.34171454421565e-09
3.00162288701547,4.30364778671934e-09
3.00521334501429,1.42831744977904e-09
3.00880380301311,9.01070371030262e-10
3.01239426101194,6.80754345095232e-10
3.01598471901076,5.67002842710497e-10
3.01957517700958,5.30219586293519e-10
3.0231656350084,4.31357113760496e-10
3.02675609300722,4.0674896716462e-10
3.03034655100605,3.7356768513115e-10
3.03393700900487,3.44653500445968e-10
3.03752746700369,3.23373827747965e-10
3.04111792500251,9.94874570117422e-10
3.04470838300134,3.37255977262945e-10
3.04829884100016,3.21548620254538e-10
3.05188929899898,2.99663631011736e-10
3.0554797569978,2.94090907575906e-10
3.05907021499663,2.7473392558249e-10
3.06266067299545,2.78902486619466e-10
3.06625113099427,2.75760714998118e-10
3.06984158899309,2.72674555726759e-10
3.07343204699191,2.57648699889609e-10
3.07702250499074,2.77760358521535e-10
3.08061296298956,2.70107700000277e-10
3.08420342098838,2.53088545892588e-10
3.0877938789872,2.50257027585387e-10
3.09138433698603,2.48098891188353e-10
3.09497479498485,2.57825003247051e-10
3.09856525298367,2.47485506597063e-10
3.10215571098249,2.49789228482157e-10
3.10574616898132,2.46906035454527e-10
3.10933662698014,2.33492627778408e-10
3.11292708497896,2.34549942258975e-10
3.11651754297778,1.98463082224374e-10
3.1201080009766,2.381175455127e-10
3.12369845897543,2.2474858907882e-10
3.12728891697425,2.28915419659819e-10
3.13087937497307,2.30247675189119e-10
3.13446983297189,2.40804084043181e-10
3.13806029097072,2.02697946676562e-10
3.14165074896954,2.23446912720153e-10
3.14524120696836,2.2459297170658e-10
3.14883166496718,2.07889253108074e-10
3.15242212296601,2.0452231544907e-10
3.15601258096483,4.27297522934718e-10
3.15960303896365,3.90020845697249e-10
3.16319349696247,2.91496678626948e-10
3.1667839549613,2.91141430081445e-10
3.17037441296012,3.31561224357115e-10
3.17396487095894,5.01370901506822e-10
3.17755532895776,4.2178689497126e-10
3.18114578695658,1.52487054831977e-10
3.18473624495541,1.58865206130636e-10
3.18832670295423,1.52625315769893e-10
3.19191716095305,1.71861359146817e-10
3.19550761895187,1.32785669177596e-10
3.1990980769507,2.24167092760452e-10
3.20268853494952,1.7679725015003e-10
3.20627899294834,1.80315709192636e-10
3.20986945094716,1.76366571023153e-10
3.21345990894599,1.75593894867462e-10
3.21705036694481,1.02986701757366e-10
3.22064082494363,1.73304701974196e-10
3.22423128294245,1.7378268826989e-10
3.22782174094128,1.62551404181423e-10
3.2314121989401,1.76755757972341e-10
3.23500265693892,1.60470537000761e-10
3.23859311493774,1.66271068998321e-10
3.24218357293656,1.53088045238555e-10
3.24577403093539,1.51287496981349e-10
3.24936448893421,1.355036036719e-10
3.25295494693303,1.83761934329315e-10
3.25654540493185,1.53070162992125e-10
3.26013586293068,1.5507710484999e-10
3.2637263209295,1.52850794769335e-10
3.26731677892832,1.42714651447775e-10
3.27090723692714,1.55155425345772e-10
3.27449769492596,1.44128547932442e-10
3.27808815292479,1.50575334617918e-10
3.28167861092361,1.48739250663277e-10
3.28526906892243,1.57646136530548e-10
3.28885952692125,1.66356355580761e-10
3.29244998492008,2.96050084231827e-10
3.2960404429189,1.7515669242735e-10
3.29963090091772,2.15469880353472e-10
3.30322135891654,2.52504748400426e-10
3.30681181691537,2.90882052487076e-10
3.31040227491419,3.61902249332014e-10
3.31399273291301,4.70946044235131e-10
3.31758319091183,5.80955337492077e-10
3.32117364891066,8.23093950538234e-10
3.32476410690948,1.22779066159859e-09
3.3283545649083,2.28311077832946e-09
3.33194502290712,8.65188239040661e-09
3.33553548090594,5.75018695761208e-09
3.33912593890477,2.32699887398923e-09
3.34271639690359,1.50406659047664e-09
3.34630685490241,1.14248694641739e-09
3.34989731290123,9.44026018439257e-10
3.35348777090006,7.97754005841171e-10
3.35707822889888,7.1189482503654e-10
3.3606686868977,6.3532995807305e-10
3.36425914489652,5.65477511635258e-10
3.36784960289535,5.04833200906527e-10
3.37144006089417,3.74533520828606e-10
3.37503051889299,1.18541309236171e-09
3.37862097689181,6.31626753377774e-10
3.38221143489063,5.5709854847342e-10
3.38580189288946,5.14706095716962e-10
3.38939235088828,4.90257295155802e-10
3.3929828088871,4.78989971063492e-10
3.39657326688592,4.62086985869747e-10
3.40016372488475,4.49632872827831e-10
3.40375418288357,4.34541631351517e-10
3.40734464088239,4.17239975341235e-10
3.41093509888121,4.31294645709168e-10
3.41452555688004,4.17273152902546e-10
3.41811601487886,4.09379292247418e-10
3.42170647287768,3.98539894685352e-10
3.4252969308765,3.96433977184243e-10
3.42888738887533,3.96326294228617e-10
3.43247784687415,3.87390450309099e-10
3.43606830487297,3.83090033893225e-10
3.43965876287179,3.83491661721612e-10
3.44324922087061,3.74634007142338e-10
3.44683967886944,3.70055407315588e-10
3.45043013686826,3.9092495886204e-10
3.45402059486708,3.90219300645852e-10
3.4576110528659,3.66448195055245e-10
3.46120151086473,3.66497671434166e-10
3.46479196886355,3.54034368538369e-10
3.46838242686237,3.20146244915761e-10
3.47197288486119,3.93573510244472e-10
3.47556334286002,3.7722345744078e-10
3.47915380085884,3.70530671320811e-10
3.48274425885766,3.71513154810215e-10
3.48633471685648,3.84926741748304e-10
3.48992517485531,5.62728222920246e-10
3.49351563285413,3.14502280472835e-10
3.49710609085295,3.29892521297396e-10
3.50069654885177,3.24152865872763e-10
3.50428700685059,3.20161286606155e-10
3.50787746484942,2.0954207115105e-10
3.51146792284824,5.14025949683714e-10
3.51505838084706,4.17693881741932e-10
3.51864883884588,4.03722572792623e-10
3.52223929684471,3.95198208298276e-10
3.52582975484353,3.93976946421906e-10
3.52942021284235,3.99297233109604e-10
3.53301067084117,4.14934053067195e-10
3.53660112884,4.03199357781646e-10
3.54019158683882,4.09185003921512e-10
3.54378204483764,4.16662412376643e-10
3.54737250283646,4.35625682100956e-10
3.55096296083528,2.28447639534983e-10
3.55455341883411,3.79887978718055e-10
3.55814387683293,3.95123469441922e-10
3.56173433483175,3.97649398913329e-10
3.56532479283057,4.04847266543207e-10
3.5689152508294,4.13508789769665e-10
3.57250570882822,4.1726781782924e-10
3.57609616682704,4.23514500678121e-10
3.57968662482586,4.50128664002405e-10
3.58327708282469,4.58084967401325e-10
3.58686754082351,4.38869203339348e-10
3.59045799882233,4.63609837083203e-10
3.59404845682115,4.6332225226484e-10
3.59763891481997,4.85836219535946e-10
3.6012293728188,4.89418574080196e-10
3.60481983081762,5.23866788750965e-10
3.60841028881644,5.22758215174331e-10
3.61200074681526,5.25411954328632e-10
3.61559120481409,5.78861027396743e-10
3.61918166281291,6.01712639903766e-10
3.62277212081173,6.2710105027468e-10
3.62636257881055,6.83899544449612e-10
3.62995303680938,7.09700229304078e-10
3.6335434948082,7.54412716031393e-10
3.63713395280702,8.19567258196817e-10
3.64072441080584,8.91167124275926e-10
3.64431486880467,1.00101746062228e-09
3.64790532680349,1.13050434942708e-09
3.65149578480231,1.36976320186802e-09
3.65508624280113,1.7384053227198e-09
3.65867670079995,2.41212265118642e-09
3.66226715879878,4.21717469019527e-09
3.6658576167976,2.19936609314885e-08
3.66944807479642,6.11870128423638e-09
3.67303853279524,2.56027794725783e-09
3.67662899079407,1.57435241015064e-09
3.68021944879289,1.11001627529679e-09
3.68380990679171,8.90001670102756e-10
3.68740036479053,5.60702024401865e-10
3.69099082278936,5.04582282759102e-10
3.69458128078818,4.29752893796808e-10
3.698171738787,3.80520919027242e-10
3.70176219678582,3.52273465350724e-10
3.70535265478464,5.0396305533777e-10
3.70894311278347,3.79705823366872e-10
3.71253357078229,1.40031848458441e-10
3.71612402878111,1.19137931355688e-10
3.71971448677993,1.06292108098029e-10
3.72330494477876,8.4388359002751e-11
3.72689540277758,1.00626485386635e-10
3.7304858607764,7.12054480882409e-11
3.73407631877522,7.13293725561578e-11
3.73766677677405,6.96789545907024e-11
3.74125723477287,1.32536463267081e-10
3.74484769277169,3.72314155659437e-11
3.74843815077051,3.95575902576267e-11
3.75202860876934,5.90614015864472e-11
3.75561906676816,6.70710244764607e-11
3.75920952476698,6.84949202690085e-11
3.7627999827658,9.10817689754071e-11
3.76639044076462,8.27259191056775e-11
3.76998089876345,7.77866528052998e-11
3.77357135676227,9.52893572215603e-11
3.77716181476109,1.01099194830373e-10
3.78075227275991,1.17117993764559e-10
3.78434273075874,8.58653174659965e-11
3.78793318875756,9.7814126627417e-11
3.79152364675638,1.24438271268383e-10
3.7951141047552,1.22634807620804e-10
3.79870456275403,1.31371524521537e-10
3.80229502075285,1.72595079132061e-10
3.80588547875167,1.55147961349149e-10
3.80947593675049,1.49649687910193e-10
3.81306639474931,1.59626497091097e-10
3.81665685274814,1.68891087437336e-10
3.82024731074696,1.71843216418146e-10
3.82383776874578,1.15272209779717e-10
3.8274282267446,1.96207805391675e-10
3.83101868474343,2.16366256561364e-10
3.83460914274225,2.58406793899741e-10
3.83819960074107,3.77949302673478e-10
3.84179005873989,1.21812763973487e-09
3.84538051673872,3.81080253562398e-10
3.84897097473754,1.41666279581389e-10
3.85256143273636,1.14193689683961e-10
3.85615189073518,1.19043609149693e-10
3.85974234873401,1.33409714967466e-10
3.86333280673283,2.11048966963155e-10
3.86692326473165,1.06507614107191e-10
3.87051372273047,1.35426359101036e-10
3.87410418072929,1.33884282303429e-10
3.87769463872812,1.49328435505882e-10
3.88128509672694,1.7468688928846e-10
3.88487555472576,1.70102509975952e-10
3.88846601272458,1.57260123806749e-10
3.89205647072341,1.56530128639865e-10
3.89564692872223,1.71181485279941e-10
3.89923738672105,1.86172590455047e-10
3.90282784471987,1.78775707991851e-10
3.9064183027187,1.94223584902534e-10
3.91000876071752,2.00105946853866e-10
3.91359921871634,2.05332750828314e-10
3.91718967671516,2.35611832626302e-10
3.92078013471399,2.04172520825618e-10
3.92437059271281,2.05286025556932e-10
3.92796105071163,2.27210097366207e-10
3.93155150871045,2.33058519304429e-10
3.93514196670927,2.51024674846581e-10
3.9387324247081,2.27689129268215e-10
3.94232288270692,2.50615395796144e-10
3.94591334070574,2.63695682378765e-10
3.94950379870456,2.81663618399641e-10
3.95309425670339,2.8424393447385e-10
3.95668471470221,2.90791172337707e-10
3.96027517270103,4.19001990090026e-10
3.96386563069985,3.63705024895788e-10
3.96745608869867,4.06641363562682e-10
3.9710465466975,4.43960868529402e-10
3.97463700469632,4.92121315502424e-10
3.97822746269514,5.54840067962897e-10
3.98181792069396,6.84798039543671e-10
3.98540837869279,8.01160886172255e-10
3.98899883669161,1.01942553050711e-09
3.99258929469043,1.46158832502148e-09
3.99617975268925,2.77203059467487e-09
3.99977021068808,4.48911065017861e-08
4.0033606686869,2.96541636727882e-09
4.00695112668572,1.38584628544852e-09
4.01054158468454,8.82950820117803e-10
4.01413204268337,6.40541405482423e-10
4.01772250068219,4.86863063238713e-10
4.02131295868101,4.29650179220667e-10
4.02490341667983,3.22199856843691e-10
4.02849387467865,2.65695397483539e-10
4.03208433267748,2.16794635388435e-10
4.0356747906763,1.63902988509258e-10
4.03926524867512,3.41774267672371e-10
4.04285570667394,5.41181011484047e-10
4.04644616467277,2.90456728983852e-10
4.05003662267159,2.37039013883981e-10
4.05362708067041,2.00998375595181e-10
4.05721753866923,1.83977569025175e-10
4.06080799666806,1.88458741861408e-10
4.06439845466688,1.60963408972905e-10
4.0679889126657,1.5320100934074e-10
4.07157937066452,1.46762352917302e-10
4.07516982866334,1.6204042377906e-10
4.07876028666217,1.36115304819959e-10
4.08235074466099,1.36225813075063e-10
4.08594120265981,1.28806782017403e-10
4.08953166065863,1.13062883131603e-10
4.09312211865746,1.09327158401025e-10
4.09671257665628,1.26249237788766e-10
4.1003030346551,1.2281616261356e-10
4.10389349265392,9.28294980872426e-11
4.10748395065275,1.13725101417255e-10
4.11107440865157,1.11736646514007e-10
4.11466486665039,1.16301756986682e-10
4.11825532464921,1.15393290950177e-10
4.12184578264803,8.24557776137534e-11
4.12543624064686,1.2231893563396e-10
4.12902669864568,1.11314638609134e-10
4.1326171566445,1.08269584803835e-10
4.13620761464332,1.00259475526419e-10
4.13979807264215,1.23747701265917e-10
4.14338853064097,1.30310806959209e-10
4.14697898863979,1.24180219274173e-10
4.15056944663861,1.55149487000634e-10
4.15415990463744,2.6488547912338e-10
4.15775036263626,1.44207451809124e-09
4.16134082063508,2.73271500606658e-10
4.1649312786339,1.90557428633999e-10
4.16852173663272,1.56014312481288e-10
4.17211219463155,1.19668381653442e-10
4.17570265263037,2.05212183476307e-10
4.17929311062919,2.02699847348798e-10
4.18288356862801,1.69880423831703e-10
4.18647402662684,1.61005010162641e-10
4.19006448462566,1.78315750079818e-10
4.19365494262448,1.58655088266541e-10
4.1972454006233,3.40510978445402e-10
4.20083585862213,1.06168204480862e-10
4.20442631662095,1.28773292688801e-10
4.20801677461977,1.26001883730512e-10
4.21160723261859,1.05900007602895e-10
4.21519769061742,4.95938130853655e-11
4.21878814861624,2.5053832562448e-10
4.22237860661506,1.81564245140273e-10
4.22596906461388,1.64698981777831e-10
4.22955952261271,1.69149389132031e-10
4.23314998061153,1.12825566199064e-10
4.23674043861035,1.57920439261243e-10
4.24033089660917,1.41681392476236e-10
4.24392135460799,1.44062913137265e-10
4.24751181260682,1.38388184073773e-10
4.25110227060564,6.85014423323721e-11
4.25469272860446,1.63336151913202e-10
4.25828318660328,1.69209516053044e-10
4.26187364460211,1.59159904199006e-10
4.26546410260093,1.5478798101308e-10
4.26905456059975,1.52336439413415e-10
4.27264501859857,1.55991105994796e-10
4.2762354765974,1.51303143871326e-10
4.27982593459622,1.17067873948397e-10
4.28341639259504,1.39941243358182e-10
4.28700685059386,1.38566117003013e-10
4.29059730859268,1.19416544710856e-10
4.29418776659151,2.08018915884522e-10
4.29777822459033,1.7707204979549e-10
4.30136868258915,1.53199240228131e-10
4.30495914058797,1.57907398521772e-10
4.3085495985868,1.50989790818152e-10
4.31214005658562,1.52295428202742e-10
4.31573051458444,1.70074039881465e-10
4.31932097258326,1.46327421680996e-10
4.32291143058209,1.55880664343824e-10
4.32650188858091,1.64157461550324e-10
4.33009234657973,2.87364106447623e-10
4.33368280457855,3.21101280686799e-09
4.33727326257737,4.11261155313685e-10
4.3408637205762,2.83781735218941e-10
4.34445417857502,2.50685069632299e-10
4.34804463657384,2.40552675671165e-10
4.35163509457266,2.18333450268669e-10
4.35522555257149,2.27438209997005e-10
4.35881601057031,2.23401874857498e-10
4.36240646856913,2.24055431302716e-10
4.36599692656795,2.35762378391435e-10
4.36958738456678,2.4816145155814e-10
4.3731778425656,3.86374620323937e-10
4.37676830056442,1.54107219441869e-10
4.38035875856324,1.80346818892376e-10
4.38394921656207,1.86792817973938e-10
4.38753967456089,2.01391418287188e-10
4.39113013255971,1.93437964259404e-10
4.39472059055853,2.09517305899053e-10
4.39831104855736,2.06244556485054e-10
4.40190150655618,2.07818813322069e-10
4.405491964555,2.08151706722646e-10
4.40908242255382,2.08384575309501e-10
4.41267288055264,2.11675596467361e-10
4.41626333855147,2.17197550297531e-10
4.41985379655029,2.22774584405521e-10
4.42344425454911,2.29954796766561e-10
4.42703471254793,2.90339204613285e-10
4.43062517054676,2.12642764600422e-10
4.43421562854558,2.13142432056111e-10
4.4378060865444,2.42608912073288e-10
4.44139654454322,2.32028021304578e-10
4.44498700254205,2.36218224228846e-10
4.44857746054087,2.4135226007994e-10
4.45216791853969,2.31877480182617e-10
4.45575837653851,2.19927793231595e-10
4.45934883453733,2.38696962117078e-10
4.46293929253616,2.42312565241445e-10
4.46652975053498,2.40070157044022e-10
4.4701202085338,2.90570259953526e-10
4.47371066653262,2.78246522942805e-10
4.47730112453145,2.62853535577314e-10
4.48089158253027,2.72466499379766e-10
4.48448204052909,2.74001212577323e-10
4.48807249852791,3.17407072476152e-10
4.49166295652673,2.20183362275016e-10
4.49525341452556,2.5392908061846e-10
4.49884387252438,2.71144930098425e-10
4.5024343305232,2.78477445434195e-10
4.50602478852202,2.76338059878318e-10
4.50961524652085,8.89416773229673e-10
4.51320570451967,3.05574284948591e-10
4.51679616251849,3.07194473837062e-10
4.52038662051731,3.0718561848048e-10
4.52397707851614,3.220918656286e-10
4.52756753651496,3.1713013161674e-10
4.53115799451378,1.82348458957202e-10
4.5347484525126,3.49155453571565e-10
4.53833891051143,3.62408684756881e-10
4.54192936851025,3.62814188762032e-10
4.54551982650907,3.59952273055058e-10
4.54911028450789,3.84247010837707e-10
4.55270074250671,4.35932087510941e-10
4.55629120050554,4.11873704337403e-10
4.55988165850436,4.22424711374897e-10
4.56347211650318,4.2922697050875e-10
4.567062574502,4.59264977400923e-10
4.57065303250083,4.53828636941653e-10
4.57424349049965,4.87409808736267e-10
4.57783394849847,5.03557448982919e-10
4.58142440649729,5.14712113656656e-10
4.58501486449612,4.76284654954474e-10
4.58860532249494,5.61587692309088e-10
4.59219578049376,5.74699472502475e-10
4.59578623849258,6.09755050766401e-10
4.59937669649141,6.41439610612967e-10
4.60296715449023,6.84310154967884e-10
4.60655761248905,7.06594597029337e-10
4.61014807048787,7.5493390320107e-10
4.61373852848669,7.94753203952778e-10
4.61732898648552,8.57106364266762e-10
4.62091944448434,9.24563484453084e-10
4.62450990248316,1.01743629197286e-09
4.62810036048198,1.06284290660662e-09
4.63169081848081,1.1963099277302e-09
4.63528127647963,1.32021682954365e-09
4.63887173447845,1.48370219938122e-09
4.64246219247727,1.70877064879746e-09
4.6460526504761,1.99645145562202e-09
4.64964310847492,2.41622525430911e-09
4.65323356647374,3.05481295058156e-09
4.65682402447256,4.15800213200952e-09
4.66041448247138,6.52756510494638e-09
4.66400494047021,1.53172501179707e-08
4.66759539846903,4.36829314274744e-08
4.67118585646785,8.96645861905214e-09
4.67477631446667,4.99019578040061e-09
4.6783667724655,3.44952664579218e-09
4.68195723046432,2.63370743018268e-09
4.68554768846314,2.06961719681165e-09
4.68913814646196,1.76864876172257e-09
4.69272860446079,1.53395288311451e-09
4.69631906245961,1.34042931307182e-09
4.69990952045843,1.16928645559006e-09
4.70349997845725,1.03908482602836e-09
4.70709043645607,5.84789259386579e-10
4.7106808944549,1.00391065858654e-09
4.71427135245372,8.93651722141349e-10
4.71786181045254,8.08079367619118e-10
4.72145226845136,7.5133347417186e-10
4.72504272645019,6.96971045011906e-10
4.72863318444901,6.73703744307188e-10
4.73222364244783,6.32962809400426e-10
4.73581410044665,6.04080160661185e-10
4.73940455844548,5.92577336633265e-10
4.7429950164443,4.59952365138506e-10
4.74658547444312,4.93307092777238e-10
4.75017593244194,4.85616185678909e-10
4.75376639044077,4.75457112118987e-10
4.75735684843959,4.44994184645998e-10
4.76094730643841,4.60868266094301e-10
4.76453776443723,4.17705607782575e-10
4.76812822243606,4.04237980977311e-10
4.77171868043488,3.89731024352648e-10
4.7753091384337,3.76872251483619e-10
4.77889959643252,3.6440718096009e-10
4.78249005443134,3.62844972199796e-10
4.78608051243017,3.43823785303831e-10
4.78967097042899,3.65393286885329e-10
4.79326142842781,3.31245978899506e-10
4.79685188642663,3.27576252211258e-10
4.80044234442546,3.18342587816121e-10
4.80403280242428,3.08109698846142e-10
4.8076232604231,3.03712793407698e-10
4.81121371842192,2.97980953294876e-10
4.81480417642075,2.93993298816076e-10
4.81839463441957,2.95431210355865e-10
4.82198509241839,3.91974646170325e-10
4.82557555041721,4.33358546928661e-10
4.82916600841603,3.05935330480095e-10
4.83275646641486,2.98090197378945e-10
4.83634692441368,3.09853282222759e-10
4.8399373824125,3.86695839275852e-10
4.84352784041132,7.37264637641719e-10
4.84711829841015,2.06068692576198e-10
4.85070875640897,2.08205096662069e-10
4.85429921440779,2.07430359995902e-10
4.85788967240661,2.15404000733041e-10
4.86148013040544,2.01568534173527e-10
4.86507058840426,3.181353912711e-10
4.86866104640308,2.27912187477264e-10
4.8722515044019,2.1837075341381e-10
4.87584196240072,2.1585485741591e-10
4.87943242039955,2.15985579513481e-10
4.88302287839837,2.43494648006491e-10
4.88661333639719,1.99120457300262e-10
4.89020379439601,2.05613373368247e-10
4.89379425239484,2.07550546643941e-10
4.89738471039366,2.09676909127604e-10
4.90097516839248,1.88270399699018e-10
4.9045656263913,1.97382742169178e-10
4.90815608439013,2.0210319216805e-10
4.91174654238895,1.8897599901159e-10
4.91533700038777,1.86143158149123e-10
4.91892745838659,2.76076699977004e-10
4.92251791638541,2.1778234428451e-10
4.92610837438424,2.12935328812791e-10
4.92969883238306,2.00414096425829e-10
4.93328929038188,2.08065618605116e-10
4.9368797483807,1.97778816015666e-10
4.94047020637953,2.16846099051829e-10
4.94406066437835,2.34727307103971e-10
4.94765112237717,2.00987781731645e-10
4.95124158037599,2.13015672358784e-10
4.95483203837482,2.24610675337412e-10
4.95842249637364,2.60165171262182e-10
4.96201295437246,1.989849667661e-10
4.96560341237128,2.40559482672803e-10
4.96919387037011,2.57852171740915e-10
4.97278432836893,2.77174601441389e-10
4.97637478636775,3.06055107759669e-10
4.97996524436657,3.98564124782934e-10
4.98355570236539,3.12695083048525e-10
4.98714616036422,3.74168986222249e-10
4.99073661836304,4.94439367828682e-10
4.99432707636186,7.33867601120887e-10
4.99791753436068,1.81742778275234e-09
