freqs,specs
0,1.46518369362179e-07
0.00359045799882233,8.09094658105125e-09
0.00718091599764466,6.93881326294376e-09
0.010771373996467,1.33282718950745e-08
0.0143618319952893,1.01115485938696e-08
0.0179522899941117,1.33879582403253e-08
0.021542747992934,5.86467014703399e-09
0.0251332059917563,8.10642649430595e-09
0.0287236639905786,1.40621657820037e-08
0.032314121989401,4.01243964340633e-09
0.0359045799882233,6.53359909681956e-09
0.0394950379870456,7.72675960483148e-09
0.043085495985868,3.289228657276e-09
0.0466759539846903,1.02988404836917e-08
0.0502664119835126,5.61156250608087e-09
0.053856869982335,1.13869627924229e-08
0.0574473279811573,1.07054332883106e-08
0.0610377859799796,1.30872399724685e-08
0.0646282439788019,7.91035167111854e-09
0.0682187019776243,2.99798213496496e-09
0.0718091599764466,1.11301391335434e-08
0.0753996179752689,6.19084515516124e-09
0.0789900759740913,1.20298842329462e-08
0.0825805339729136,5.8334780049546e-09
0.0861709919717359,1.41341347181996e-08
0.0897614499705583,2.70961570487388e-09
0.0933519079693806,6.36397163796337e-09
0.0969423659682029,8.70018328651614e-09
0.100532823967025,7.45419220601053e-09
0.104123281965848,3.28891503530017e-09
0.10771373996467,8.75247655643627e-09
0.111304197963492,6.99330722982403e-09
0.114894655962315,7.25881744787429e-09
0.118485113961137,1.17390718183972e-08
0.122075571959959,1.27815989330104e-08
0.125666029958782,6.00457263348607e-09
0.129256487957604,2.73869109724339e-09
0.132846945956426,5.28935729658109e-09
0.136437403955249,7.47404483995547e-09
0.140027861954071,6.92231664071308e-09
0.143618319952893,9.56627882750563e-09
0.147208777951716,8.41510271901918e-09
0.150799235950538,7.67941944039567e-09
0.15438969394936,3.19027083549209e-09
0.157980151948183,5.64145479311019e-09
0.161570609947005,3.55582651437341e-09
0.165161067945827,5.25234630915473e-09
0.16875152594465,5.68227901165203e-09
0.172341983943472,9.31006663776137e-09
0.175932441942294,5.58631330935909e-09
0.179522899941117,2.85569714194292e-09
0.183113357939939,7.74465381188587e-09
0.186703815938761,6.80726945324844e-09
0.190294273937583,4.97491417225709e-10
0.193884731936406,4.21777572315762e-09
0.197475189935228,4.19166633918547e-09
0.20106564793405,6.756529601922e-09
0.204656105932873,6.648669604007e-09
0.208246563931695,5.98748631488528e-09
0.211837021930517,1.82283162287219e-09
0.21542747992934,5.91254918226774e-09
0.219017937928162,9.96732737160997e-09
0.222608395926984,8.19439149227842e-09
0.226198853925807,3.41052854015509e-09
0.229789311924629,1.52369240685835e-08
0.233379769923451,8.39717719880997e-09
0.236970227922274,5.74515249034103e-09
0.240560685921096,4.33105570842602e-09
0.244151143919918,5.48832994084165e-09
0.247741601918741,5.87677379753977e-09
0.251332059917563,8.52271376050635e-09
0.254922517916385,4.36577173665295e-09
0.258512975915208,6.98930611967889e-09
0.26210343391403,4.4306421053499e-09
0.265693891912852,1.25505203620427e-08
0.269284349911675,7.27848489933148e-09
0.272874807910497,6.25921268307825e-09
0.276465265909319,4.69328057992989e-09
0.280055723908142,6.97578402248657e-09
0.283646181906964,7.53956124296643e-09
0.287236639905786,3.3361918095812e-09
0.290827097904609,5.9309818881582e-09
0.294417555903431,6.36280497205601e-09
0.298008013902253,6.99432438863021e-09
0.301598471901076,4.48381236524402e-09
0.305188929899898,2.40361162870172e-09
0.30877938789872,4.70943905878519e-09
0.312369845897543,2.00122906242592e-09
0.315960303896365,7.15667855939372e-09
0.319550761895187,5.06107139922363e-09
0.32314121989401,4.96084019485353e-09
0.326731677892832,6.87976631747585e-09
0.330322135891654,7.46186506368396e-09
0.333912593890477,3.59585834947524e-09
0.337503051889299,3.41127918112699e-09
0.341093509888121,8.92338974449314e-09
0.344683967886944,5.95610181521235e-09
0.348274425885766,1.21386161542128e-09
0.351864883884588,8.00509447383402e-09
0.355455341883411,1.01345905329365e-08
0.359045799882233,5.31204623626064e-09
0.362636257881055,6.81145342331494e-09
0.366226715879878,9.44790524281118e-09
0.3698171738787,2.9085622478733e-09
0.373407631877522,6.9819133689663e-09
0.376998089876345,1.97021708723404e-09
0.380588547875167,4.56977485039578e-09
0.384179005873989,6.10262977590526e-09
0.387769463872812,6.871266774684e-09
0.391359921871634,1.80093051674043e-09
0.394950379870456,1.99466238365327e-09
0.398540837869279,6.09628727864039e-09
0.402131295868101,2.29871102735403e-09
0.405721753866923,7.39511395570805e-09
0.409312211865746,7.84270588814763e-09
0.412902669864568,2.65948863860489e-09
0.41649312786339,4.82558276691066e-09
0.420083585862213,8.55792418592111e-09
0.423674043861035,1.34061473061467e-08
0.427264501859857,9.52037572694297e-09
0.43085495985868,1.60780028835446e-09
0.434445417857502,6.86480459733355e-09
0.438035875856324,1.37800422028081e-08
0.441626333855147,7.12539235425609e-09
0.445216791853969,7.30257343062086e-09
0.448807249852791,6.62228942924391e-09
0.452397707851614,5.64116240937351e-09
0.455988165850436,3.39396475864579e-09
0.459578623849258,5.84511867733783e-09
0.463169081848081,3.46380541966503e-09
0.466759539846903,8.6794387353329e-09
0.470349997845725,5.31311105736499e-09
0.473940455844548,6.43640743252521e-09
0.47753091384337,9.20130423500731e-09
0.481121371842192,9.99822188276488e-09
0.484711829841015,9.93147286940459e-09
0.488302287839837,2.62905769915421e-09
0.491892745838659,9.85516040568494e-09
0.495483203837482,6.98976020991562e-09
0.499073661836304,8.10470096708289e-09
0.502664119835126,1.44431806443339e-08
0.506254577833949,2.50479330205009e-09
0.509845035832771,8.93545063621679e-09
0.513435493831593,1.20770860730631e-08
0.517025951830416,3.95288979486451e-09
0.520616409829238,1.68936760795196e-08
0.52420686782806,5.6512422710168e-09
0.527797325826883,9.0545047106785e-10
0.531387783825705,3.84315114507208e-09
0.534978241824527,1.08154733184612e-08
0.53856869982335,1.66238977750773e-09
0.542159157822172,3.48118152785771e-09
0.545749615820994,1.13671634872445e-08
0.549340073819817,1.06588383846294e-08
0.552930531818639,4.93309965717175e-09
0.556520989817461,7.62194716686183e-09
0.560111447816284,4.65455584573405e-09
0.563701905815106,8.3005000274016e-09
0.567292363813928,7.84283862959902e-09
0.57088282181275,4.52858948427829e-09
0.574473279811573,1.34805521011242e-08
0.578063737810395,1.17943196984678e-08
0.581654195809218,2.57352013216307e-09
0.58524465380804,8.06556752745487e-09
0.588835111806862,6.8835210344881e-09
0.592425569805685,1.2449542694549e-08
0.596016027804507,2.76787520750906e-09
0.599606485803329,6.86907476740856e-09
0.603196943802151,3.8082886764076e-09
0.606787401800974,4.3340573003171e-09
0.610377859799796,1.33102256399126e-08
0.613968317798618,5.01739589209536e-09
0.617558775797441,5.97465641822879e-09
0.621149233796263,7.30434913620367e-09
0.624739691795085,5.96744924500798e-09
0.628330149793908,5.09834177837334e-09
0.63192060779273,1.10585731969806e-08
0.635511065791552,9.60139524879283e-09
0.639101523790375,1.35281437553691e-08
0.642691981789197,7.37956627152966e-09
0.646282439788019,1.03954028839896e-08
0.649872897786842,1.34103165186556e-08
0.653463355785664,9.07879074796799e-09
0.657053813784486,6.86090733354822e-09
0.660644271783309,1.35401552907718e-08
0.664234729782131,8.79375330854157e-09
0.667825187780953,1.10709963212913e-08
0.671415645779776,8.25129555137963e-09
0.675006103778598,4.99607988653145e-09
0.67859656177742,1.00009391117728e-08
0.682187019776243,1.33993183121559e-08
0.685777477775065,6.94730134406141e-09
0.689367935773887,3.39819905500729e-09
0.69295839377271,3.04999627793915e-09
0.696548851771532,2.37814510920206e-09
0.700139309770354,5.96110592876747e-09
0.703729767769177,4.94989832020555e-09
0.707320225767999,6.48502108960799e-09
0.710910683766821,8.28298326678375e-09
0.714501141765644,9.49819030091464e-09
0.718091599764466,1.19261242200155e-08
0.721682057763288,4.66402057128511e-09
0.725272515762111,8.17498059906987e-09
0.728862973760933,8.62377225812077e-09
0.732453431759755,9.19712677670394e-09
0.736043889758578,1.27302508638006e-08
0.7396343477574,5.10483389118142e-09
0.743224805756222,5.42050301618965e-09
0.746815263755045,2.2142130451173e-09
0.750405721753867,5.36936891261912e-09
0.753996179752689,1.0351794008828e-08
0.757586637751512,4.72931325086761e-09
0.761177095750334,5.25939433740594e-09
0.764767553749156,1.10310500429375e-08
0.768358011747979,1.32033512496678e-08
0.771948469746801,4.87628312102122e-09
0.775538927745623,9.12367669280091e-09
0.779129385744446,1.36345853299675e-08
0.782719843743268,1.32714537645843e-08
0.78631030174209,1.12405678069407e-08
0.789900759740913,5.65932578433752e-09
0.793491217739735,1.25506727826161e-08
0.797081675738557,9.59919581638425e-09
0.80067213373738,1.20179192424749e-08
0.804262591736202,5.31886310224872e-09
0.807853049735024,4.71153193907142e-09
0.811443507733847,1.21375576910825e-08
0.815033965732669,1.41124710983632e-08
0.818624423731491,6.02363403122919e-09
0.822214881730314,1.3013375631243e-08
0.825805339729136,3.59729578615235e-09
0.829395797727958,8.37233499836659e-09
0.832986255726781,6.62978929909712e-09
0.836576713725603,4.66291679642616e-09
0.840167171724425,2.8704020652096e-09
0.843757629723248,1.61632672902649e-09
0.84734808772207,7.83021777787773e-09
0.850938545720892,1.93707957703797e-09
0.854529003719715,1.12794927389402e-08
0.858119461718537,1.12035399786088e-08
0.861709919717359,3.79117964870041e-09
0.865300377716182,9.24362698337122e-09
0.868890835715004,5.90861608735873e-09
0.872481293713826,5.83910122282296e-09
0.876071751712649,1.5910753869108e-08
0.879662209711471,1.28214699953108e-08
0.883252667710293,1.10565762264306e-08
0.886843125709115,1.60414753483241e-08
0.890433583707938,3.06379321985168e-09
0.89402404170676,8.19486139169358e-09
0.897614499705583,1.28776547660379e-08
0.901204957704405,3.34335249334442e-09
0.904795415703227,1.6948182022031e-08
0.90838587370205,1.07304540472736e-08
0.911976331700872,1.10637796425393e-08
0.915566789699694,1.18106755713842e-08
0.919157247698516,1.50361457743421e-08
0.922747705697339,1.4384968929446e-08
0.926338163696161,1.38646482433865e-08
0.929928621694984,3.4450100195352e-09
0.933519079693806,1.57904279457876e-08
0.937109537692628,1.61024987554143e-08
0.940699995691451,5.48352183115462e-09
0.944290453690273,1.0894257482374e-08
0.947880911689095,8.12354288675829e-09
0.951471369687917,8.74577478455679e-09
0.95506182768674,4.97495244942615e-09
0.958652285685562,6.98593132613613e-09
0.962242743684384,1.25599672619742e-08
0.965833201683207,1.21203643141082e-08
0.969423659682029,8.96122140383478e-09
0.973014117680852,2.09047293293849e-08
0.976604575679674,2.42495181267948e-08
0.980195033678496,2.39319453511165e-08
0.983785491677318,9.49256371718618e-09
0.987375949676141,3.50894670796748e-08
0.990966407674963,4.63760014981017e-08
0.994556865673785,6.89442145881112e-08
0.998147323672608,2.11928560501162e-07
1.00173778167143,2.26303971580926e-07
1.00532823967025,7.72929228019482e-08
1.00891869766907,3.85642170988375e-08
1.0125091556679,3.84393019778956e-08
1.01609961366672,1.92927710161694e-08
1.01969007166554,2.63095650576644e-08
1.02328052966436,2.71067774234069e-08
1.02687098766319,2.13533883923475e-08
1.03046144566201,1.44447303713122e-08
1.03405190366083,1.42050449522498e-08
1.03764236165965,1.0137527228514e-08
1.04123281965848,1.27809797041316e-08
1.0448232776573,3.16487337706723e-09
1.04841373565612,9.75864776887072e-09
1.05200419365494,1.03705602168496e-08
1.05559465165377,5.25632521040131e-09
1.05918510965259,1.09629125853537e-08
1.06277556765141,1.92043316678273e-08
1.06636602565023,1.83838918634576e-08
1.06995648364905,9.22101067269297e-09
1.07354694164788,1.00599079020784e-08
1.0771373996467,1.58056813236547e-08
1.08072785764552,1.09845239669708e-08
1.08431831564434,6.21344230024929e-09
1.08790877364317,1.14473225176686e-08
1.09149923164199,9.58541267367267e-09
1.09508968964081,1.26305763935596e-08
1.09868014763963,9.20341461851402e-09
1.10227060563846,9.47100450912334e-09
1.10586106363728,5.94971172415484e-09
1.1094515216361,3.11104412045446e-09
1.11304197963492,1.74771875098563e-08
1.11663243763374,1.29821047705529e-08
1.12022289563257,1.3557972185174e-08
1.12381335363139,1.49839248365555e-08
1.12740381163021,8.74324214603319e-09
1.13099426962903,4.74978604754382e-09
1.13458472762786,6.74398159657742e-09
1.13817518562668,3.37977110635876e-09
1.1417656436255,6.87434440088766e-09
1.14535610162432,1.48226888654702e-08
1.14894655962315,4.21309106493622e-09
1.15253701762197,2.02981378702e-09
1.15612747562079,4.52653581120915e-09
1.15971793361961,4.14395667452325e-09
1.16330839161844,1.05885651510292e-09
1.16689884961726,8.00534019265077e-09
1.17048930761608,3.08071572480839e-09
1.1740797656149,4.8781318213944e-09
1.17767022361372,1.44519229526858e-08
1.18126068161255,7.25815980941677e-09
1.18485113961137,9.50835656875204e-09
1.18844159761019,1.23735172198211e-08
1.19203205560901,1.58690431142797e-09
1.19562251360784,4.37515983130447e-09
1.19921297160666,1.16782273835143e-08
1.20280342960548,6.6688667836713e-09
1.2063938876043,1.42562382171309e-08
1.20998434560313,1.09233985281352e-08
1.21357480360195,8.33206805610615e-09
1.21716526160077,1.24925905579418e-08
1.22075571959959,1.28740098179349e-08
1.22434617759841,4.88640585238934e-09
1.22793663559724,8.46535191135552e-09
1.23152709359606,1.23299043993387e-08
1.23511755159488,5.12063960799512e-09
1.2387080095937,1.98055082406817e-09
1.24229846759253,5.12399110950457e-09
1.24588892559135,1.00687773356102e-08
1.24947938359017,1.0548198263132e-08
1.25306984158899,6.32352499155394e-09
1.25666029958782,3.85237280515724e-09
1.26025075758664,4.92133214807775e-09
1.26384121558546,7.2155755707707e-09
1.26743167358428,8.06856505769964e-09
1.2710221315831,7.76685998217686e-09
1.27461258958193,5.66085859143838e-09
1.27820304758075,6.62533103796571e-09
1.28179350557957,3.98706460415687e-10
1.28538396357839,1.48653192185798e-09
1.28897442157722,4.71240353182907e-09
1.29256487957604,2.23222281499726e-09
1.29615533757486,6.30120806367724e-09
1.29974579557368,3.954201735784e-09
1.30333625357251,3.70415522227648e-09
1.30692671157133,3.43616131526048e-09
1.31051716957015,5.06986326618521e-09
1.31410762756897,6.38296841139856e-09
1.3176980855678,1.17770136082367e-08
1.32128854356662,1.02833840941887e-08
1.32487900156544,1.5804523370775e-09
1.32846945956426,1.01454859630439e-08
1.33205991756308,9.6930866381187e-09
1.33565037556191,1.71904456748104e-09
1.33924083356073,4.43897993283634e-09
1.34283129155955,8.44598009348203e-09
1.34642174955837,7.46352060602085e-09
1.3500122075572,4.41818879350847e-09
1.35360266555602,6.62031411224226e-09
1.35719312355484,8.46742251505451e-09
1.36078358155366,4.96816986983308e-09
1.36437403955249,5.65685439009134e-09
1.36796449755131,4.91711000842164e-09
1.37155495555013,6.43649936609028e-09
1.37514541354895,1.59737760395131e-09
1.37873587154777,6.81978874369792e-09
1.3823263295466,2.43851238951053e-09
1.38591678754542,6.81805818254593e-09
1.38950724554424,8.38192019311393e-09
1.39309770354306,6.44025973988245e-09
1.39668816154189,4.09877565164487e-09
1.40027861954071,5.18939487411955e-09
1.40386907753953,4.15146965718401e-09
1.40745953553835,7.53292112606948e-09
1.41104999353718,6.36707458217532e-09
1.414640451536,2.09848746435285e-09
1.41823090953482,7.14354127989485e-09
1.42182136753364,1.02208768293565e-08
1.42541182553247,8.56215371806099e-09
1.42900228353129,6.07441301100795e-09
1.43259274153011,3.71603209665423e-09
1.43618319952893,9.67849437539659e-09
1.43977365752775,5.82528600222635e-09
1.44336411552658,4.1557780829557e-09
1.4469545735254,6.17459404366867e-09
1.45054503152422,9.39468265514891e-09
1.45413548952304,4.78381660724323e-09
1.45772594752187,1.92878409937046e-09
1.46131640552069,5.75516074544484e-09
1.46490686351951,8.08849706541277e-09
1.46849732151833,4.5287149346862e-09
1.47208777951716,3.04201879278429e-09
1.47567823751598,5.28584450464738e-09
1.4792686955148,1.25437319057326e-08
1.48285915351362,9.30359745766283e-09
1.48644961151244,6.28411474631515e-09
1.49004006951127,6.57971318043655e-09
1.49363052751009,5.10620445384119e-09
1.49722098550891,8.41027067523485e-09
1.50081144350773,8.25085879740639e-09
1.50440190150656,8.16532938986198e-09
1.50799235950538,4.30029478319877e-09
1.5115828175042,2.89163695480501e-09
1.51517327550302,9.42287219429164e-09
1.51876373350185,7.29359742285314e-09
1.52235419150067,1.01026325612387e-08
1.52594464949949,1.01007588170046e-08
1.52953510749831,2.74529072422614e-09
1.53312556549713,9.87753092645277e-09
1.53671602349596,8.48724478196757e-10
1.54030648149478,5.58194784846927e-09
1.5438969394936,5.94922986009565e-09
1.54748739749242,5.73356452947655e-09
1.55107785549125,1.57725846283014e-09
1.55466831349007,3.96653202762919e-09
1.55825877148889,3.50122046467131e-09
1.56184922948771,9.10704599795469e-09
1.56543968748654,1.44577099890797e-09
1.56903014548536,5.1872271376878e-09
1.57262060348418,7.19804750084873e-09
1.576211061483,1.20448813444348e-08
1.57980151948183,3.53244166210751e-09
1.58339197748065,1.01797588936459e-08
1.58698243547947,4.43724100465459e-09
1.59057289347829,3.06690421560022e-09
1.59416335147711,7.19057588700081e-09
1.59775380947594,2.96758439915734e-09
1.60134426747476,5.04272631159731e-09
1.60493472547358,2.53124387903033e-09
1.6085251834724,5.29082569134792e-09
1.61211564147123,6.98193823172207e-09
1.61570609947005,6.09812405151867e-09
1.61929655746887,2.92892823464593e-09
1.62288701546769,1.70748193236443e-09
1.62647747346652,4.83909306851433e-09
1.63006793146534,2.77328307910141e-09
1.63365838946416,6.82975034804301e-09
1.63724884746298,7.86606427625801e-09
1.6408393054618,4.637404351021e-09
1.64442976346063,5.00804952172452e-09
1.64802022145945,5.01925144186863e-09
1.65161067945827,9.75943710576562e-09
1.65520113745709,2.86324881724989e-09
1.65879159545592,6.99616380804008e-09
1.66238205345474,4.65450331537382e-09
1.66597251145356,6.87910014171154e-09
1.66956296945238,6.64928768225901e-09
1.67315342745121,2.43486492208216e-09
1.67674388545003,4.50563574328555e-09
1.68033434344885,4.84119380993554e-09
1.68392480144767,4.56151376777779e-09
1.6875152594465,3.53152564866185e-09
1.69110571744532,7.34237424628669e-09
1.69469617544414,5.37322499251142e-09
1.69828663344296,7.7112356720711e-10
1.70187709144178,5.62040388939829e-09
1.70546754944061,1.82298516685206e-09
1.70905800743943,4.48084554627638e-09
1.71264846543825,5.78431903852434e-09
1.71623892343707,1.41099250488046e-08
1.7198293814359,2.0126970133095e-09
1.72341983943472,2.52700903394289e-09
1.72701029743354,8.60509169852891e-09
1.73060075543236,2.74982099073423e-09
1.73419121343119,1.05251695783855e-08
1.73778167143001,4.3458564317798e-09
1.74137212942883,8.5038282882997e-10
1.74496258742765,4.86772040526954e-09
1.74855304542647,3.04509636939603e-09
1.7521435034253,2.4401972948697e-09
1.75573396142412,5.53392258321762e-09
1.75932441942294,5.3310320096027e-09
1.76291487742176,7.5466400734209e-09
1.76650533542059,8.65663232889586e-09
1.77009579341941,8.00292142723924e-09
1.77368625141823,7.63353495027844e-09
1.77727670941705,8.0153323992775e-09
1.78086716741588,5.56280628964347e-09
1.7844576254147,4.90512239166507e-09
1.78804808341352,5.68203736643423e-09
1.79163854141234,3.20914770771919e-09
1.79522899941117,6.58973258597942e-09
1.79881945740999,3.82134787462029e-09
1.80240991540881,4.78872929448103e-09
1.80600037340763,1.34311804900776e-09
1.80959083140645,1.09210000152025e-09
1.81318128940528,7.35585469243484e-09
1.8167717474041,4.57116641319841e-09
1.82036220540292,1.88949793685562e-09
1.82395266340174,1.68690352869583e-09
1.82754312140057,6.28959091806347e-09
1.83113357939939,2.55903732224597e-09
1.83472403739821,4.10004538250458e-09
1.83831449539703,4.36851573930501e-09
1.84190495339586,4.44470534092727e-09
1.84549541139468,2.22450095941552e-09
1.8490858693935,8.2962388672802e-09
1.85267632739232,5.7575628678452e-09
1.85626678539114,5.56008279059139e-09
1.85985724338997,6.22831697263681e-09
1.86344770138879,2.68384201141152e-09
1.86703815938761,2.18027798780762e-09
1.87062861738643,2.49581924618891e-09
1.87421907538526,8.4306037033757e-09
1.87780953338408,1.16107662846453e-08
1.8813999913829,4.84866079800349e-09
1.88499044938172,5.06224287906038e-09
1.88858090738055,7.38226018168269e-09
1.89217136537937,4.5289833454627e-09
1.89576182337819,5.60059533050601e-09
1.89935228137701,5.27028302788852e-09
1.90294273937583,9.67768704935426e-09
1.90653319737466,9.73023739290933e-09
1.91012365537348,8.0666803939389e-09
1.9137141133723,9.80903218740032e-10
1.91730457137112,5.71554869629777e-09
1.92089502936995,2.86185696768117e-09
1.92448548736877,2.40570084597783e-09
1.92807594536759,8.39762921020807e-09
1.93166640336641,5.40823868705247e-09
1.93525686136524,3.3456075332535e-09
1.93884731936406,9.35841696258744e-09
1.94243777736288,6.09872210597616e-09
1.9460282353617,1.05356937019514e-08
1.94961869336053,2.22777092839723e-09
1.95320915135935,3.87588222608627e-09
1.95679960935817,3.81787378061387e-09
1.96039006735699,1.13345836458049e-08
1.96398052535581,5.79228608613443e-09
1.96757098335464,5.74370097810824e-09
1.97116144135346,1.18580855545012e-08
1.97475189935228,1.41777489014214e-08
1.9783423573511,1.62137915450177e-09
1.98193281534993,1.03516895895361e-08
1.98552327334875,9.29619428282308e-09
1.98911373134757,1.33658389527443e-08
1.99270418934639,8.51702190777357e-09
1.99629464734522,7.3067838166267e-09
1.99988510534404,2.04483704673099e-07
2.00347556334286,1.00758702821787e-08
2.00706602134168,4.76661558024485e-09
2.01065647934051,5.19576467207377e-09
2.01424693733933,1.32703298784533e-08
2.01783739533815,9.70541772865058e-09
2.02142785333697,1.03009169746393e-08
2.02501831133579,2.85904213735689e-09
2.02860876933462,5.23609479712461e-09
2.03219922733344,1.60819835044212e-09
2.03578968533226,2.90966015648356e-09
2.03938014333108,5.72691379464812e-09
2.04297060132991,2.1509228551051e-09
2.04656105932873,6.76232900465983e-09
2.05015151732755,2.93026369499125e-09
2.05374197532637,1.16645485257071e-09
2.05733243332519,9.44443609946051e-09
2.06092289132402,3.82040877775131e-09
2.06451334932284,2.88884801019161e-09
2.06810380732166,3.11767189529233e-09
2.07169426532048,1.2451328080987e-08
2.07528472331931,6.20686454185243e-09
2.07887518131813,6.70400692605837e-09
2.08246563931695,6.77838260333513e-09
2.08605609731577,1.14999666718229e-08
2.0896465553146,5.89990970171335e-09
2.09323701331342,3.93075334926697e-09
2.09682747131224,7.74470305934921e-09
2.10041792931106,1.12598519339751e-08
2.10400838730989,5.77121980880204e-09
2.10759884530871,6.45164668670392e-09
2.11118930330753,1.05419691876234e-08
2.11477976130635,4.54077671927924e-09
2.11837021930517,9.49526079080082e-09
2.121960677304,7.63593588795318e-09
2.12555113530282,8.45594698089334e-09
2.12914159330164,5.31306655415002e-09
2.13273205130046,3.26520785234196e-09
2.13632250929929,6.22582227664428e-09
2.13991296729811,3.10767451799693e-09
2.14350342529693,3.71805666803718e-09
2.14709388329575,4.19195681469522e-09
2.15068434129458,5.83194176445092e-09
2.1542747992934,6.609728651596e-09
2.15786525729222,5.23624566501919e-09
2.16145571529104,3.09596137588235e-09
2.16504617328986,1.74342769963147e-09
2.16863663128869,2.93327816556811e-09
2.17222708928751,4.01051079198868e-09
2.17581754728633,5.54494515923333e-09
2.17940800528515,3.41602979656662e-09
2.18299846328398,6.4652506897913e-09
2.1865889212828,1.07253425502204e-08
2.19017937928162,2.65536185739682e-09
2.19376983728044,3.57851328021793e-09
2.19736029527927,3.36056077546929e-09
2.20095075327809,6.47181665866861e-09
2.20454121127691,1.45506762024638e-09
2.20813166927573,8.96808970766321e-09
2.21172212727456,6.53864354252739e-09
2.21531258527338,2.93367610557556e-09
2.2189030432722,4.26834894050554e-09
2.22249350127102,5.94465137871958e-09
2.22608395926984,2.45913869021742e-09
2.22967441726867,8.34704225268099e-09
2.23326487526749,3.00542146549779e-09
2.23685533326631,3.40441748077381e-09
2.24044579126513,3.69753298001784e-09
2.24403624926396,4.70429816536929e-09
2.24762670726278,6.36267933870816e-09
2.2512171652616,8.88926307720912e-09
2.25480762326042,4.88829869016656e-09
2.25839808125925,6.18821724219874e-09
2.26198853925807,3.69249252869027e-09
2.26557899725689,5.40679975790201e-09
2.26916945525571,7.0485742177796e-09
2.27275991325454,4.79170719972405e-09
2.27635037125336,5.03856357915052e-09
2.27994082925218,7.56656286834253e-09
2.283531287251,3.71204356321643e-09
2.28712174524982,5.24104207723158e-09
2.29071220324865,2.52346625734687e-09
2.29430266124747,7.49376301445944e-09
2.29789311924629,4.55408790851669e-09
2.30148357724511,2.40650906566302e-09
2.30507403524394,2.97124215635882e-09
2.30866449324276,2.47925562915546e-09
2.31225495124158,9.49214997347796e-10
2.3158454092404,5.69317159704476e-09
2.31943586723923,4.02569046420934e-09
2.32302632523805,2.7873869252805e-09
2.32661678323687,6.5213159532381e-09
2.33020724123569,5.25176533818775e-09
2.33379769923451,2.88667376060211e-09
2.33738815723334,6.3688417023903e-09
2.34097861523216,4.97170914204476e-09
2.34456907323098,8.85943234002908e-09
2.3481595312298,5.09755113529563e-09
2.35174998922863,3.64254677798812e-09
2.35534044722745,7.42762344327586e-09
2.35893090522627,6.25864456242272e-09
2.36252136322509,2.56561317997806e-09
2.36611182122392,3.48122078612089e-09
2.36970227922274,4.17209005346991e-09
2.37329273722156,5.85923639850083e-09
2.37688319522038,4.2028583308448e-09
2.38047365321921,2.70403332691899e-09
2.38406411121803,2.34382570129722e-09
2.38765456921685,3.36088593362399e-09
2.39124502721567,1.79469292137568e-09
2.39483548521449,3.0701791111663e-09
2.39842594321332,3.92004774328135e-09
2.40201640121214,8.10868062236848e-09
2.40560685921096,6.58994507488101e-09
2.40919731720978,2.6296139546548e-09
2.41278777520861,1.87563807200574e-10
2.41637823320743,2.51754660306021e-09
2.41996869120625,7.71976362574477e-09
2.42355914920507,4.5996111082916e-09
2.4271496072039,5.58447249080166e-09
2.43074006520272,5.17616690940612e-09
2.43433052320154,4.87304269879133e-09
2.43792098120036,5.97943760499608e-09
2.44151143919918,5.58988928263383e-09
2.44510189719801,5.22016421688179e-09
2.44869235519683,6.96063668031089e-09
2.45228281319565,2.01419739080747e-09
2.45587327119447,3.83806856724041e-09
2.4594637291933,3.99716473910315e-09
2.46305418719212,5.69235618800891e-09
2.46664464519094,1.29372069161111e-09
2.47023510318976,3.79007710838543e-09
2.47382556118859,4.64417224070792e-09
2.47741601918741,2.82451353323052e-09
2.48100647718623,3.71955322800377e-09
2.48459693518505,8.99787173237697e-09
2.48818739318387,2.84973348732445e-09
2.4917778511827,5.21086383841042e-09
2.49536830918152,6.76714087915238e-09
2.49895876718034,3.44001440926245e-09
2.50254922517916,8.53350887731758e-09
2.50613968317799,1.73024433437431e-09
2.50973014117681,2.74466617573405e-09
2.51332059917563,7.20512913872958e-09
2.51691105717445,1.43067656604766e-09
2.52050151517328,5.67934073194498e-09
2.5240919731721,5.81143051112684e-09
2.52768243117092,3.98777871408067e-09
2.53127288916974,1.00632996470432e-09
2.53486334716857,7.44721941333824e-09
2.53845380516739,2.54131417878726e-09
2.54204426316621,4.0980018599279e-09
2.54563472116503,9.47076909127606e-09
2.54922517916385,3.14357801201368e-09
2.55281563716268,2.21041127215595e-09
2.5564060951615,2.17140845545685e-09
2.55999655316032,1.25504606341876e-09
2.56358701115914,2.96775291224442e-09
2.56717746915797,7.04337088144634e-09
2.57076792715679,3.41777204617112e-09
2.57435838515561,7.47449995076507e-09
2.57794884315443,3.02345450000924e-09
2.58153930115326,1.08227226727723e-09
2.58512975915208,6.42359199005697e-09
2.5887202171509,5.32098640900982e-09
2.59231067514972,8.52164430472926e-09
2.59590113314854,5.43549988269847e-09
2.59949159114737,6.57385814029993e-09
2.60308204914619,4.24450755446085e-09
2.60667250714501,5.45089103024381e-09
2.61026296514383,9.05204237463821e-09
2.61385342314266,2.97902222187472e-09
2.61744388114148,3.00914527587462e-09
2.6210343391403,3.66238100227261e-09
2.62462479713912,5.56000567959568e-09
2.62821525513795,1.19137028559843e-09
2.63180571313677,5.70843690521271e-09
2.63539617113559,3.36553151306378e-09
2.63898662913441,6.68660345422915e-09
2.64257708713324,1.6266036954998e-09
2.64616754513206,4.36351795734435e-09
2.64975800313088,7.93456297740015e-09
2.6533484611297,8.66072043688088e-09
2.65693891912852,8.43530744373395e-09
2.66052937712735,3.59391458644328e-09
2.66411983512617,6.59259412847894e-09
2.66771029312499,7.68051567997697e-09
2.67130075112381,8.77042423500149e-10
2.67489120912264,6.72424863469298e-09
2.67848166712146,2.64719265034866e-09
2.68207212512028,8.91782047511424e-09
2.6856625831191,4.05831723699929e-09
2.68925304111792,3.0141833547621e-09
2.69284349911675,3.69660582452012e-09
2.69643395711557,4.55733942378943e-09
2.70002441511439,3.417528813742e-09
2.70361487311321,7.79902519863455e-09
2.70720533111204,1.88202849130058e-09
2.71079578911086,6.76088226006123e-09
2.71438624710968,8.75943895332837e-09
2.7179767051085,9.67578214496284e-09
2.72156716310733,1.69644147496593e-09
2.72515762110615,4.58838712222145e-09
2.72874807910497,4.2627171919645e-09
2.73233853710379,4.34064884607638e-09
2.73592899510262,6.9820280963526e-09
2.73951945310144,4.41630475192212e-09
2.74310991110026,3.35691124713204e-09
2.74670036909908,3.83560950976638e-09
2.7502908270979,5.74592383270932e-09
2.75388128509673,3.99478813796048e-09
2.75747174309555,2.70813026239523e-09
2.76106220109437,7.61167996161786e-09
2.76465265909319,7.71832012487413e-09
2.76824311709202,3.07884527436646e-09
2.77183357509084,1.81780625941761e-09
2.77542403308966,8.30770027591041e-09
2.77901449108848,2.01197778475285e-09
2.78260494908731,4.49402308323224e-09
2.78619540708613,6.54698161320716e-09
2.78978586508495,7.01696333960293e-09
2.79337632308377,4.94795949225212e-09
2.7969667810826,3.65484158084044e-09
2.80055723908142,4.40685590569815e-09
2.80414769708024,6.92939454099663e-09
2.80773815507906,1.48954414219607e-09
2.81132861307788,4.08655343888633e-10
2.81491907107671,8.82072570501811e-09
2.81850952907553,8.4985317931613e-10
2.82209998707435,3.23966626088434e-09
2.82569044507317,1.99220623656214e-09
2.829280903072,5.56289969730656e-09
2.83287136107082,5.47600045730554e-09
2.83646181906964,2.40412377137984e-09
2.84005227706846,6.15167895632834e-09
2.84364273506729,6.29389267621825e-09
2.84723319306611,5.51648534940743e-09
2.85082365106493,3.35641360154646e-09
2.85441410906375,3.59355522749058e-09
2.85800456706257,5.55434625761243e-09
2.8615950250614,8.08327436881844e-09
2.86518548306022,3.90964729907384e-09
2.86877594105904,3.30279212748111e-09
2.87236639905786,2.06667442890578e-09
2.87595685705669,6.91816169735739e-09
2.87954731505551,3.30042876980553e-09
2.88313777305433,5.17461997579559e-09
2.88672823105315,2.93107266095212e-09
2.89031868905198,4.0751400380062e-09
2.8939091470508,8.31801103075054e-09
2.89749960504962,6.11308103898908e-09
2.90109006304844,7.70043135069213e-09
2.90468052104727,9.41144477688817e-09
2.90827097904609,2.26270615357643e-09
2.91186143704491,4.59153187461642e-09
2.91545189504373,6.48940191758362e-09
2.91904235304255,3.53639554299695e-09
2.92263281104138,5.36540420291821e-09
2.9262232690402,5.44371447257179e-09
2.92981372703902,6.47703092077756e-09
2.93340418503784,3.88836477204737e-09
2.93699464303667,3.95248759917835e-09
2.94058510103549,6.25770416949559e-09
2.94417555903431,4.03558239649967e-09
2.94776601703313,7.39317208496299e-09
2.95135647503196,6.67168423456182e-09
2.95494693303078,5.9103038485369e-09
2.9585373910296,3.57801205692391e-09
2.96212784902842,6.61240909352789e-09
2.96571830702724,2.98631279486344e-09
2.96930876502607,7.17058033030229e-09
2.97289922302489,6.88020133805479e-09
2.97648968102371,1.13681094445674e-09
2.98008013902253,3.02194743144807e-09
2.98367059702136,8.98219211120336e-09
2.98726105502018,6.95995366947052e-09
2.990851513019,1.16311314393641e-08
2.99444197101782,4.36906545438177e-09
2.99803242901665,2.0122014812642e-09
3.00162288701547,3.44607812979924e-09
3.00521334501429,7.2025597749557e-09
3.00880380301311,3.80926208858236e-09
3.01239426101194,7.4778909345933e-09
3.01598471901076,7.94720854596636e-09
3.01957517700958,2.97719865477646e-09
3.0231656350084,3.95640784287693e-09
3.02675609300722,3.93202814262601e-09
3.03034655100605,1.55121782391904e-09
3.03393700900487,3.6379314253109e-09
3.03752746700369,1.1387180028861e-09
3.04111792500251,8.16903281533875e-09
3.04470838300134,1.59041072607007e-09
3.04829884100016,2.70160221204283e-09
3.05188929899898,2.03529834241267e-09
3.0554797569978,9.74768250748925e-09
3.05907021499663,7.17671303150927e-09
3.06266067299545,5.06450673445725e-09
3.06625113099427,3.67260595363805e-09
3.06984158899309,8.34637323739721e-09
3.07343204699191,5.98296573242965e-09
3.07702250499074,6.09483295043057e-09
3.08061296298956,2.08975874375516e-09
3.08420342098838,9.54133635488528e-09
3.0877938789872,5.66927684151649e-09
3.09138433698603,6.25215644936491e-09
3.09497479498485,8.9956815703016e-09
3.09856525298367,6.06280463092441e-09
3.10215571098249,4.2923895803527e-09
3.10574616898132,3.87329031649193e-09
3.10933662698014,1.41826640950141e-09
3.11292708497896,8.84689669174079e-09
3.11651754297778,2.13368820403219e-09
3.1201080009766,2.72372191672908e-09
3.12369845897543,1.03279621658697e-08
3.12728891697425,2.10849665254904e-09
3.13087937497307,2.70298113249053e-09
3.13446983297189,8.82794597766175e-10
3.13806029097072,2.61549920485445e-09
3.14165074896954,8.27355483089454e-10
3.14524120696836,5.36912617889527e-09
3.14883166496718,4.31163718391515e-09
3.15242212296601,6.002199391366e-09
3.15601258096483,5.13542012860167e-09
3.15960303896365,3.02248750144008e-09
3.16319349696247,2.85202584296105e-09
3.1667839549613,3.82386341474541e-09
3.17037441296012,1.88362116294442e-09
3.17396487095894,6.9772469317595e-10
3.17755532895776,3.66218425302187e-09
3.18114578695658,2.98806797704887e-09
3.18473624495541,5.22409707112914e-09
3.18832670295423,7.50654929607829e-09
3.19191716095305,5.65271538277717e-09
3.19550761895187,4.31739509333053e-09
3.1990980769507,8.8937841667594e-09
3.20268853494952,1.4344940719892e-09
3.20627899294834,6.52557983293027e-09
3.20986945094716,4.0673948379604e-09
3.21345990894599,2.67440054196947e-09
3.21705036694481,3.28389141106469e-09
3.22064082494363,2.58009849006743e-09
3.22423128294245,3.60079650524939e-09
3.22782174094128,5.97277796588536e-09
3.2314121989401,5.00440189395963e-09
3.23500265693892,4.56046284490699e-09
3.23859311493774,3.63408637359032e-09
3.24218357293656,8.32317270980844e-09
3.24577403093539,2.48528558021877e-09
3.24936448893421,5.03137012100393e-09
3.25295494693303,6.40667487234504e-09
3.25654540493185,2.51729541223136e-09
3.26013586293068,3.4381294945141e-09
3.2637263209295,3.34790031191238e-09
3.26731677892832,1.22945265760912e-09
3.27090723692714,3.69636824048747e-09
3.27449769492596,2.88703448098747e-09
3.27808815292479,3.39592169433739e-09
3.28167861092361,6.56373688802836e-09
3.28526906892243,6.82464148280492e-09
3.28885952692125,1.50964253974473e-09
3.29244998492008,1.15419313728231e-09
3.2960404429189,8.90798972808591e-09
3.29963090091772,6.881903026719e-09
3.30322135891654,3.11292921233687e-09
3.30681181691537,3.71688796309989e-09
3.31040227491419,3.13393467843675e-09
3.31399273291301,7.21395545945864e-09
3.31758319091183,4.13902136702172e-09
3.32117364891066,4.2195067366776e-09
3.32476410690948,5.48743918258293e-09
3.3283545649083,4.60705905145874e-09
3.33194502290712,4.93888715494103e-09
3.33553548090594,3.67209168319392e-09
3.33912593890477,6.32921172218188e-09
3.34271639690359,6.51421008013544e-09
3.34630685490241,3.87503385581828e-09
3.34989731290123,6.89058824845645e-09
3.35348777090006,5.2979076060802e-09
3.35707822889888,6.68791244439202e-09
3.3606686868977,4.57231696801453e-09
3.36425914489652,2.94608444225995e-09
3.36784960289535,2.2587863408697e-09
3.37144006089417,1.01464796959364e-09
3.37503051889299,3.98973509854935e-09
3.37862097689181,5.59685766070201e-09
3.38221143489063,1.59181856233836e-09
3.38580189288946,6.27845276113692e-09
3.38939235088828,2.65345157636803e-09
3.3929828088871,1.00002723053526e-08
3.39657326688592,3.88353394273507e-09
3.40016372488475,7.9680187771461e-09
3.40375418288357,4.95409771307094e-09
3.40734464088239,6.70431337438129e-09
3.41093509888121,7.03559787308773e-09
3.41452555688004,1.36121829720392e-09
3.41811601487886,8.4825593145706e-09
3.42170647287768,3.57042831681884e-09
3.4252969308765,4.50878179580008e-09
3.42888738887533,6.52781343318821e-09
3.43247784687415,3.13144493655905e-09
3.43606830487297,4.26523885748417e-09
3.43965876287179,1.75695003472927e-09
3.44324922087061,3.42432305133891e-09
3.44683967886944,4.45477569052465e-09
3.45043013686826,4.71506773767459e-09
3.45402059486708,6.19235885604089e-09
3.4576110528659,5.4067453275331e-09
3.46120151086473,4.82039751145223e-09
3.46479196886355,3.23636082230327e-09
3.46838242686237,8.67227565767664e-09
3.47197288486119,5.90262653495562e-09
3.47556334286002,9.00558044404406e-09
3.47915380085884,2.18456044168e-09
3.48274425885766,7.15917636118136e-09
3.48633471685648,4.16914419144635e-09
3.48992517485531,2.24309779525299e-09
3.49351563285413,4.47772978329386e-09
3.49710609085295,2.20985175632513e-09
3.50069654885177,5.99556783130505e-09
3.50428700685059,4.33211226039854e-09
3.50787746484942,1.13844832427337e-09
3.51146792284824,9.6632499244511e-10
3.51505838084706,4.61442975169933e-09
3.51864883884588,4.4376511914505e-09
3.52223929684471,1.36760715239966e-09
3.52582975484353,1.06337456201538e-08
3.52942021284235,1.71450807645e-09
3.53301067084117,3.72148556103456e-09
3.53660112884,6.43618459600397e-10
3.54019158683882,7.16872031823162e-09
3.54378204483764,4.46108722263596e-09
3.54737250283646,4.86543062514034e-09
3.55096296083528,7.01977535242286e-09
3.55455341883411,1.13426663358476e-09
3.55814387683293,1.55990214863687e-09
3.56173433483175,3.22226734948767e-09
3.56532479283057,7.91635842483306e-09
3.5689152508294,5.23125166148104e-09
3.57250570882822,8.25160787300726e-10
3.57609616682704,6.01954968692786e-09
3.57968662482586,3.98381585785366e-09
3.58327708282469,8.40942064816313e-09
3.58686754082351,3.49117338845467e-09
3.59045799882233,6.92100421313001e-10
3.59404845682115,9.27599204590163e-09
3.59763891481997,1.70685773820435e-09
3.6012293728188,5.9980569720856e-09
3.60481983081762,4.48542826669307e-09
3.60841028881644,5.31228547620935e-09
3.61200074681526,4.13141436256356e-09
3.61559120481409,4.18894936767858e-09
3.61918166281291,7.95504493581015e-10
3.62277212081173,3.27945879539322e-09
3.62636257881055,6.31430044640384e-09
3.62995303680938,3.90962222626666e-09
3.6335434948082,1.31094934850003e-09
3.63713395280702,4.87908635223233e-09
3.64072441080584,1.74273203676712e-09
3.64431486880467,2.68013112031457e-09
3.64790532680349,2.77015876466433e-09
3.65149578480231,6.47523660694093e-09
3.65508624280113,5.02429199076863e-09
3.65867670079995,3.1096301389199e-09
3.66226715879878,5.00749339232054e-09
3.6658576167976,2.91710841449127e-09
3.66944807479642,6.46869846635413e-09
3.67303853279524,3.51988643012524e-09
3.67662899079407,4.7329684976424e-09
3.68021944879289,5.98882534978359e-09
3.68380990679171,3.18401766574684e-09
3.68740036479053,3.72393195320925e-09
3.69099082278936,4.91005211303586e-09
3.69458128078818,5.32015674435895e-09
3.698171738787,3.32970403142614e-09
3.70176219678582,1.67426717497896e-09
3.70535265478464,1.7250279211994e-09
3.70894311278347,3.48191435395312e-09
3.71253357078229,2.8879341265128e-09
3.71612402878111,8.6036122848592e-09
3.71971448677993,4.23842796863975e-09
3.72330494477876,1.70213213365569e-09
3.72689540277758,5.19955444955808e-09
3.7304858607764,3.38354802087386e-09
3.73407631877522,3.21047538928937e-09
3.73766677677405,6.88970327004643e-10
3.74125723477287,4.90133934676819e-09
3.74484769277169,4.15380716226002e-09
3.74843815077051,5.76612717926917e-09
3.75202860876934,5.31733856360208e-09
3.75561906676816,4.128261533952e-09
3.75920952476698,3.38355115803076e-09
3.7627999827658,3.9875158672739e-09
3.76639044076462,1.81100372513744e-09
3.76998089876345,2.56013531871549e-09
3.77357135676227,5.87600672826239e-09
3.77716181476109,6.17861270716647e-09
3.78075227275991,4.2527554230894e-09
3.78434273075874,4.91843104651662e-09
3.78793318875756,3.87613351259798e-09
3.79152364675638,4.38685435540673e-09
3.7951141047552,6.0035132009418e-09
3.79870456275403,5.03739778272737e-09
3.80229502075285,8.79187215773342e-09
3.80588547875167,3.63967060495102e-09
3.80947593675049,6.02654381109836e-09
3.81306639474931,1.2044279216746e-09
3.81665685274814,1.98152983702266e-09
3.82024731074696,4.40590373332957e-10
3.82383776874578,4.27877759494143e-09
3.8274282267446,6.4679102768981e-09
3.83101868474343,3.99758267011708e-09
3.83460914274225,5.3488951934435e-09
3.83819960074107,5.15484570978006e-09
3.84179005873989,6.64098713600889e-09
3.84538051673872,1.02992211154832e-09
3.84897097473754,9.74843997721071e-10
3.85256143273636,6.602971878777e-09
3.85615189073518,3.17520460211695e-10
3.85974234873401,5.21691856160621e-09
3.86333280673283,6.32538051993989e-09
3.86692326473165,4.44987448267873e-09
3.87051372273047,1.81866304782508e-09
3.87410418072929,3.02090766566826e-09
3.87769463872812,5.76333613404426e-09
3.88128509672694,5.92589286126833e-09
3.88487555472576,1.41876368978413e-09
3.88846601272458,5.91463566875334e-09
3.89205647072341,5.38248889014429e-09
3.89564692872223,6.89280988346913e-09
3.89923738672105,2.96663264128176e-09
3.90282784471987,8.20570052945251e-09
3.9064183027187,1.19245020496881e-08
3.91000876071752,4.3076822474601e-09
3.91359921871634,4.44729349271283e-09
3.91718967671516,2.90848601455078e-10
3.92078013471399,8.21681104026339e-09
3.92437059271281,4.64760683169815e-09
3.92796105071163,7.32779172166301e-09
3.93155150871045,3.6077683545432e-09
3.93514196670927,1.59423451658903e-09
3.9387324247081,4.79261939987883e-09
3.94232288270692,1.2293405766723e-08
3.94591334070574,7.40105459704656e-09
3.94950379870456,3.29949466088016e-09
3.95309425670339,4.75944764438761e-09
3.95668471470221,9.28197292492282e-09
3.96027517270103,1.11003291494937e-08
3.96386563069985,2.60066662660483e-09
3.96745608869867,2.55106910494543e-09
3.9710465466975,5.96941600081165e-09
3.97463700469632,9.49628362299612e-09
3.97822746269514,5.0763142385298e-09
3.98181792069396,9.22389387808261e-09
3.98540837869279,5.7972033300589e-09
3.98899883669161,9.66908362189454e-09
3.99258929469043,5.94770148190569e-09
3.99617975268925,6.36482132365144e-09
3.99977021068808,3.77959852609013e-08
4.0033606686869,3.21063035846696e-09
4.00695112668572,5.26862508107022e-09
4.01054158468454,4.40653006717982e-09
4.01413204268337,4.22960349753471e-09
4.01772250068219,2.20225287390462e-09
4.02131295868101,8.43895013542375e-09
4.02490341667983,2.95676580614728e-09
4.02849387467865,6.23105001820096e-10
4.03208433267748,2.665812415497e-09
4.0356747906763,1.41159073458427e-09
4.03926524867512,5.84000102033162e-09
4.04285570667394,2.93132830210602e-09
4.04644616467277,4.71845862466133e-09
4.05003662267159,3.65937457781424e-09
4.05362708067041,9.34670009961797e-09
4.05721753866923,8.81409475949016e-09
4.06080799666806,5.18575143190371e-09
4.06439845466688,3.13588710586478e-09
4.0679889126657,1.85236134692401e-09
4.07157937066452,7.68218284292728e-09
4.07516982866334,6.79490001727818e-09
4.07876028666217,6.49733507517293e-09
4.08235074466099,5.18632780452663e-09
4.08594120265981,3.07486302483233e-09
4.08953166065863,2.02415507821263e-09
4.09312211865746,4.23755525841496e-09
4.09671257665628,8.39591108830179e-09
4.1003030346551,2.85812430364144e-09
4.10389349265392,1.87771344845352e-09
4.10748395065275,2.32258943836129e-09
4.11107440865157,4.09917411191587e-09
4.11466486665039,5.62469127749184e-09
4.11825532464921,9.22619962018756e-09
4.12184578264803,3.76714663947544e-09
4.12543624064686,6.03964882494207e-09
4.12902669864568,1.74216514793368e-09
4.1326171566445,1.02011865355912e-08
4.13620761464332,3.9107381901055e-09
4.13979807264215,3.53145458401345e-09
4.14338853064097,3.69766695138207e-09
4.14697898863979,2.50671393224233e-09
4.15056944663861,7.52490798637359e-09
4.15415990463744,4.79396597361919e-09
4.15775036263626,3.58825499564457e-09
4.16134082063508,2.58721913604214e-09
4.1649312786339,1.57109479305663e-09
4.16852173663272,3.28817557476773e-09
4.17211219463155,1.69852066641413e-09
4.17570265263037,6.95878576837271e-10
4.17929311062919,2.69607025307393e-09
4.18288356862801,1.58381775526161e-09
4.18647402662684,8.99368282486001e-09
4.19006448462566,3.95888219009796e-09
4.19365494262448,1.66858806790176e-09
4.1972454006233,1.97909677616744e-09
4.20083585862213,7.57024204888268e-10
4.20442631662095,6.14247863302105e-09
4.20801677461977,4.80112414968658e-09
4.21160723261859,3.93742171576373e-09
4.21519769061742,3.43323439638766e-09
4.21878814861624,1.51094257213333e-09
4.22237860661506,3.28102808518279e-09
4.22596906461388,2.76211569982955e-09
4.22955952261271,2.91601220060502e-09
4.23314998061153,7.70150271097844e-09
4.23674043861035,1.38839550342717e-09
4.24033089660917,2.35892979544551e-09
4.24392135460799,7.01139680995517e-09
4.24751181260682,4.04206657744923e-09
4.25110227060564,4.88474067958916e-09
4.25469272860446,2.45204639074936e-09
4.25828318660328,7.76494512284574e-10
4.26187364460211,3.61800879720267e-09
4.26546410260093,8.13122979401152e-09
4.26905456059975,5.58920496764593e-09
4.27264501859857,6.62729970870443e-09
4.2762354765974,3.7022030680678e-09
4.27982593459622,5.34309341750864e-09
4.28341639259504,2.50282035349004e-09
4.28700685059386,6.5014440064406e-09
4.29059730859268,2.41347573154895e-09
4.29418776659151,5.50959985930422e-09
4.29777822459033,1.55774353195393e-09
4.30136868258915,5.32940573679432e-09
4.30495914058797,1.67492381996853e-09
4.3085495985868,5.20875176320961e-09
4.31214005658562,4.03451926292628e-09
4.31573051458444,8.19783916019054e-10
4.31932097258326,2.11220281070037e-09
4.32291143058209,9.56761550180756e-10
4.32650188858091,3.36613805527296e-09
4.33009234657973,8.34189532768167e-10
4.33368280457855,2.73874233411895e-09
4.33727326257737,4.72877476171013e-09
4.3408637205762,5.14021179082632e-09
4.34445417857502,3.8406322812165e-09
4.34804463657384,3.83963786187867e-09
4.35163509457266,1.220722433507e-09
4.35522555257149,2.3662750822804e-09
4.35881601057031,5.05331813446963e-09
4.36240646856913,2.15656821960126e-09
4.36599692656795,4.19422214310987e-09
4.36958738456678,4.08009739453493e-09
4.3731778425656,3.17219466660099e-09
4.37676830056442,6.49250505074828e-09
4.38035875856324,7.31004346956065e-09
4.38394921656207,2.89987056304175e-09
4.38753967456089,4.39528003307046e-09
4.39113013255971,3.17477533728163e-09
4.39472059055853,5.45962901647102e-09
4.39831104855736,5.41916478328041e-10
4.40190150655618,7.47586920924533e-09
4.405491964555,2.57100611229001e-09
4.40908242255382,5.0710483929465e-09
4.41267288055264,3.5474692307517e-09
4.41626333855147,5.62062042296164e-09
4.41985379655029,2.72971301651799e-09
4.42344425454911,1.74752745183965e-09
4.42703471254793,3.47665180329352e-09
4.43062517054676,5.3302415079867e-09
4.43421562854558,3.36275677800422e-09
4.4378060865444,6.95169951431492e-10
4.44139654454322,1.35359794525418e-09
4.44498700254205,6.60055928417751e-10
4.44857746054087,4.98040040382965e-09
4.45216791853969,3.43245346359558e-09
4.45575837653851,6.43374681523713e-09
4.45934883453733,1.75865702781908e-09
4.46293929253616,5.03040735640907e-09
4.46652975053498,5.15549487822753e-09
4.4701202085338,4.27655920675077e-09
4.47371066653262,3.05382935525932e-09
4.47730112453145,2.85590752850655e-09
4.48089158253027,5.33549277987732e-09
4.48448204052909,3.27392270264539e-09
4.48807249852791,3.19861075648464e-09
4.49166295652673,3.70190924659905e-09
4.49525341452556,6.67492206041845e-09
4.49884387252438,8.09435702668671e-09
4.5024343305232,3.62511046315034e-10
4.50602478852202,8.38936629658791e-09
4.50961524652085,1.88358221893402e-09
4.51320570451967,4.7534250054942e-09
4.51679616251849,5.86955306285444e-09
4.52038662051731,4.89536562630449e-10
4.52397707851614,4.00580479533815e-09
4.52756753651496,5.37533244440828e-09
4.53115799451378,1.3334406312719e-09
4.5347484525126,2.36729867696391e-09
4.53833891051143,4.62876866484898e-09
4.54192936851025,3.29595900620532e-09
4.54551982650907,4.82420584923254e-09
4.54911028450789,2.10250476161755e-09
4.55270074250671,2.16007729293715e-09
4.55629120050554,2.86411711574427e-09
4.55988165850436,8.0432323088608e-09
4.56347211650318,1.96334542545592e-09
4.567062574502,1.85188530585941e-09
4.57065303250083,1.95303851740121e-09
4.57424349049965,4.26670663418922e-09
4.57783394849847,2.22365025677658e-09
4.58142440649729,2.49543354308907e-09
4.58501486449612,1.11402933952549e-09
4.58860532249494,6.94890619273511e-09
4.59219578049376,2.45327770894143e-09
4.59578623849258,1.84149724985393e-09
4.59937669649141,2.49028365874766e-09
4.60296715449023,2.06994583622982e-09
4.60655761248905,4.34946222971314e-09
4.61014807048787,6.43496394691471e-09
4.61373852848669,3.26826235898136e-09
4.61732898648552,4.45285078468706e-09
4.62091944448434,5.07584886960082e-09
4.62450990248316,4.48281108283955e-09
4.62810036048198,3.73683089936946e-09
4.63169081848081,5.35827174100932e-09
4.63528127647963,5.88153160152276e-09
4.63887173447845,1.57736192757695e-09
4.64246219247727,6.4896360868979e-09
4.6460526504761,3.52621460427694e-09
4.64964310847492,5.85327705596967e-09
4.65323356647374,2.52959591370541e-09
4.65682402447256,6.28738364597121e-09
4.66041448247138,3.70994861881689e-09
4.66400494047021,3.39869958999848e-09
4.66759539846903,7.91308837659546e-09
4.67118585646785,4.64622199885722e-09
4.67477631446667,6.00078760469977e-09
4.6783667724655,9.06105965288798e-09
4.68195723046432,2.27135422214807e-09
4.68554768846314,2.39082734682836e-09
4.68913814646196,2.01023556999741e-09
4.69272860446079,3.80222155347188e-09
4.69631906245961,1.04486038072381e-09
4.69990952045843,7.26224777599156e-09
4.70349997845725,2.64536722553698e-09
4.70709043645607,4.19453782317268e-09
4.7106808944549,6.21613493448663e-09
4.71427135245372,5.25625903040423e-09
4.71786181045254,2.4807683673715e-09
4.72145226845136,2.33952243156662e-09
4.72504272645019,2.03389794263425e-09
4.72863318444901,4.09693636272458e-09
4.73222364244783,6.1592396471947e-09
4.73581410044665,1.60999451069272e-09
4.73940455844548,2.73216038904408e-09
4.7429950164443,1.13052209920463e-09
4.74658547444312,3.04602612197436e-09
4.75017593244194,1.73667185142394e-09
4.75376639044077,3.93357737619569e-09
4.75735684843959,4.62532463127732e-09
4.76094730643841,5.53482612267456e-09
4.76453776443723,5.82402400078505e-09
4.76812822243606,3.77403486264934e-09
4.77171868043488,1.77424261178241e-09
4.7753091384337,6.13968446787429e-09
4.77889959643252,5.19907801241113e-09
4.78249005443134,6.7122328062252e-09
4.78608051243017,3.67829586237654e-09
4.78967097042899,7.36017990709819e-09
4.79326142842781,4.60639524468439e-09
4.79685188642663,3.83480587934532e-09
4.80044234442546,3.81958532813423e-09
4.80403280242428,7.53409397080418e-09
4.8076232604231,3.26607315477364e-09
4.81121371842192,4.89723991993491e-09
4.81480417642075,4.69963743389864e-09
4.81839463441957,2.2408494076937e-09
4.82198509241839,6.01111955073882e-10
4.82557555041721,2.1030403620719e-09
4.82916600841603,6.1317143192069e-09
4.83275646641486,4.74289820878141e-09
4.83634692441368,1.13098596600457e-09
4.8399373824125,7.36112214909727e-09
4.84352784041132,5.24146405399264e-09
4.84711829841015,4.80623229844556e-09
4.85070875640897,7.11032922863702e-09
4.85429921440779,2.75959450009949e-09
4.85788967240661,1.55389391020449e-09
4.86148013040544,5.19720034501943e-09
4.86507058840426,1.26218523182821e-09
4.86866104640308,6.56052422425874e-09
4.8722515044019,3.6584271477073e-09
4.87584196240072,1.16365994879932e-09
4.87943242039955,8.2847738126575e-09
4.88302287839837,1.82633939841503e-09
4.88661333639719,2.39895427305999e-09
4.89020379439601,8.7099052221308e-09
4.89379425239484,6.57533420550502e-09
4.89738471039366,3.53719430095439e-09
4.90097516839248,3.30285266268194e-09
4.9045656263913,9.45164737864493e-09
4.90815608439013,8.4086878604229e-09
4.91174654238895,5.18746270897209e-09
4.91533700038777,1.14292086948211e-09
4.91892745838659,5.15852855513203e-09
4.92251791638541,6.57721641041431e-09
4.92610837438424,4.31108121559286e-09
4.92969883238306,5.40094423559268e-09
4.93328929038188,8.232026169263e-09
4.9368797483807,2.26501057798801e-09
4.94047020637953,8.0491202472407e-09
4.94406066437835,1.04849232570712e-08
4.94765112237717,4.66288271687218e-09
4.95124158037599,2.78550293765931e-09
4.95483203837482,4.0081339560587e-09
4.95842249637364,9.22580173248027e-09
4.96201295437246,6.17143165994124e-09
4.96560341237128,2.9948704124873e-09
4.96919387037011,4.79331669202492e-09
4.97278432836893,5.03621787866409e-09
4.97637478636775,6.26904495333121e-09
4.97996524436657,2.52453112869914e-09
4.98355570236539,6.55866529715146e-09
4.98714616036422,6.83969023476256e-09
4.99073661836304,5.36880274462293e-09
4.99432707636186,2.8930505031195e-09
4.99791753436068,2.90764544521326e-09
