freqs,specs
0,1.12575480999001e-07
0.00359045799882233,7.91540216464543e-10
0.00718091599764466,7.91610827789758e-10
0.010771373996467,7.86715329902522e-10
0.0143618319952893,7.85023337720194e-10
0.0179522899941117,7.84530710106446e-10
0.021542747992934,7.75327426281487e-10
0.0251332059917563,7.74015846605662e-10
0.0287236639905786,7.49652383449133e-10
0.032314121989401,7.4542197274924e-10
0.0359045799882233,7.10997773890459e-10
0.0394950379870456,5.68303776847071e-10
0.043085495985868,1.09800986771089e-09
0.0466759539846903,9.19841404791714e-10
0.0502664119835126,8.74282154342568e-10
0.053856869982335,8.65941915546819e-10
0.0574473279811573,8.41927181786638e-10
0.0610377859799796,8.57138613602851e-10
0.0646282439788019,8.47812857347961e-10
0.0682187019776243,8.46908300786221e-10
0.0718091599764466,8.55101571902935e-10
0.0753996179752689,8.50888300474126e-10
0.0789900759740913,8.49967918286283e-10
0.0825805339729136,8.15832536437932e-10
0.0861709919717359,8.38489303735614e-10
0.0897614499705583,8.93654446984802e-10
0.0933519079693806,8.45088786791276e-10
0.0969423659682029,8.38397183933456e-10
0.100532823967025,8.52738959722746e-10
0.104123281965848,8.56132351998625e-10
0.10771373996467,8.57327373082043e-10
0.111304197963492,8.65491017180967e-10
0.114894655962315,8.71906122885414e-10
0.118485113961137,8.75124235326329e-10
0.122075571959959,8.72757417462061e-10
0.125666029958782,9.18824549339443e-10
0.129256487957604,1.10992290456869e-09
0.132846945956426,6.41839991962588e-10
0.136437403955249,7.67052999042696e-10
0.140027861954071,8.00338883084384e-10
0.143618319952893,8.21365966280264e-10
0.147208777951716,8.32933842160889e-10
0.150799235950538,8.36564831244052e-10
0.15438969394936,8.36661850761348e-10
0.157980151948183,8.49136193304072e-10
0.161570609947005,8.24472166436032e-10
0.165161067945827,8.53136802961535e-10
0.16875152594465,8.790930928653e-10
0.172341983943472,7.81128802622619e-10
0.175932441942294,8.39870764898765e-10
0.179522899941117,8.44463717457923e-10
0.183113357939939,8.75437250342088e-10
0.186703815938761,8.88990242264027e-10
0.190294273937583,9.09282884590739e-10
0.193884731936406,9.44332641713727e-10
0.197475189935228,1.03274916042281e-09
0.20106564793405,1.55707978259878e-09
0.204656105932873,4.88766510800481e-10
0.208246563931695,6.8265999602497e-10
0.211837021930517,7.50503139364794e-10
0.21542747992934,7.71549529485382e-10
0.219017937928162,7.94432741435637e-10
0.222608395926984,7.90061497479012e-10
0.226198853925807,8.06404475773601e-10
0.229789311924629,8.04863348423844e-10
0.233379769923451,8.17401897507634e-10
0.236970227922274,8.26771150679605e-10
0.240560685921096,8.34023683178678e-10
0.244151143919918,7.99381828972066e-10
0.247741601918741,8.26091567779341e-10
0.251332059917563,7.96301723820053e-10
0.254922517916385,8.45860432088634e-10
0.258512975915208,8.42589326896196e-10
0.26210343391403,8.63426381029985e-10
0.265693891912852,8.50134790071413e-10
0.269284349911675,8.53605921752182e-10
0.272874807910497,8.41380823852777e-10
0.276465265909319,8.61068700397434e-10
0.280055723908142,8.46752342532672e-10
0.283646181906964,8.19884958957365e-10
0.287236639905786,8.33775436170132e-10
0.290827097904609,7.2799243548256e-10
0.294417555903431,1.10888342148815e-09
0.298008013902253,9.69781181263146e-10
0.301598471901076,9.35716306389457e-10
0.305188929899898,9.64651801634148e-10
0.30877938789872,9.61892185146681e-10
0.312369845897543,9.70956553035158e-10
0.315960303896365,9.8569144338637e-10
0.319550761895187,1.01253365341075e-09
0.32314121989401,1.06411405476163e-09
0.326731677892832,1.2088983698407e-09
0.330322135891654,1.74861080673217e-09
0.333912593890477,6.39711243925973e-09
0.337503051889299,1.10270559525372e-09
0.341093509888121,9.19673379819989e-10
0.344683967886944,8.84093018674338e-10
0.348274425885766,8.87386966792392e-10
0.351864883884588,8.90803673225334e-10
0.355455341883411,9.00207809761877e-10
0.359045799882233,9.09834311989858e-10
0.362636257881055,9.41594106752106e-10
0.366226715879878,9.19886467368424e-10
0.3698171738787,9.44053873936915e-10
0.373407631877522,1.17050590760983e-09
0.376998089876345,8.32446569302185e-10
0.380588547875167,8.67417300606634e-10
0.384179005873989,9.18921578200875e-10
0.387769463872812,9.11498524469117e-10
0.391359921871634,9.13919871319854e-10
0.394950379870456,9.24839076297965e-10
0.398540837869279,9.31570296109849e-10
0.402131295868101,9.29679844179487e-10
0.405721753866923,9.44693045904799e-10
0.409312211865746,9.44949567108809e-10
0.412902669864568,9.57023847927332e-10
0.41649312786339,9.41769406610307e-10
0.420083585862213,9.47325596501476e-10
0.423674043861035,9.74023397049244e-10
0.427264501859857,9.575435404244e-10
0.43085495985868,9.67926616646493e-10
0.434445417857502,9.59407372909606e-10
0.438035875856324,9.57126273618638e-10
0.441626333855147,9.63700238200054e-10
0.445216791853969,9.44105578155384e-10
0.448807249852791,9.72112882791617e-10
0.452397707851614,9.81731292898275e-10
0.455988165850436,9.30858904150229e-10
0.459578623849258,9.07042803917132e-10
0.463169081848081,9.27116383705301e-10
0.466759539846903,1.23292306717131e-09
0.470349997845725,1.10622717019334e-09
0.473940455844548,1.07180308926404e-09
0.47753091384337,1.06108429409104e-09
0.481121371842192,1.05916447543824e-09
0.484711829841015,1.05435167439166e-09
0.488302287839837,1.06480708212294e-09
0.491892745838659,1.06144826906484e-09
0.495483203837482,1.0253080747597e-09
0.499073661836304,1.04733871381856e-09
0.502664119835126,1.02830286340485e-09
0.506254577833949,1.11968329370487e-09
0.509845035832771,1.08221593942466e-09
0.513435493831593,1.06227651415898e-09
0.517025951830416,1.07096256045696e-09
0.520616409829238,1.06898221804757e-09
0.52420686782806,1.06376432439854e-09
0.527797325826883,1.04675012325504e-09
0.531387783825705,9.84472968386798e-10
0.534978241824527,1.21843632062443e-09
0.53856869982335,1.47962687767624e-09
0.542159157822172,1.28405003945839e-09
0.545749615820994,1.25085171684023e-09
0.549340073819817,1.21191161591552e-09
0.552930531818639,1.20600296426359e-09
0.556520989817461,1.22023855741432e-09
0.560111447816284,1.21442529636744e-09
0.563701905815106,1.21642210539732e-09
0.567292363813928,1.21595897257628e-09
0.57088282181275,1.20411994552576e-09
0.574473279811573,1.18381298478662e-09
0.578063737810395,1.33978435310892e-09
0.581654195809218,1.27440780799157e-09
0.58524465380804,1.29199460902845e-09
0.588835111806862,1.26176842451183e-09
0.592425569805685,1.26886700802427e-09
0.596016027804507,1.2938517066831e-09
0.599606485803329,1.29496007659352e-09
0.603196943802151,1.29939552933309e-09
0.606787401800974,1.30666267767713e-09
0.610377859799796,1.32363089939427e-09
0.613968317798618,1.34111525416615e-09
0.617558775797441,1.34481047583435e-09
0.621149233796263,1.41057085964539e-09
0.624739691795085,1.70067888525298e-09
0.628330149793908,1.19919829047879e-09
0.63192060779273,1.31365924992401e-09
0.635511065791552,1.37730522212711e-09
0.639101523790375,1.38727959382384e-09
0.642691981789197,1.45117273215002e-09
0.646282439788019,1.52825345892566e-09
0.649872897786842,1.6649573741374e-09
0.653463355785664,1.89428588932795e-09
0.657053813784486,2.39912211432833e-09
0.660644271783309,3.63723484977893e-09
0.664234729782131,9.11082905220328e-09
0.667825187780953,2.04437366480723e-08
0.671415645779776,5.55116761351129e-09
0.675006103778598,3.57959788559902e-09
0.67859656177742,2.86117935410759e-09
0.682187019776243,2.50230656376509e-09
0.685777477775065,2.30394638274642e-09
0.689367935773887,2.17672896413459e-09
0.69295839377271,2.09398445376697e-09
0.696548851771532,2.02267225453557e-09
0.700139309770354,1.99311514819536e-09
0.703729767769177,1.95297503806508e-09
0.707320225767999,1.386998752222e-09
0.710910683766821,2.00042558291034e-09
0.714501141765644,1.9459278954631e-09
0.718091599764466,2.00146274344017e-09
0.721682057763288,1.99715457993743e-09
0.725272515762111,1.96413536490792e-09
0.728862973760933,2.01396928218599e-09
0.732453431759755,2.01634461511622e-09
0.736043889758578,2.02873036061334e-09
0.7396343477574,2.04494960193792e-09
0.743224805756222,2.06072098652327e-09
0.746815263755045,2.06355786620959e-09
0.750405721753867,2.11288867074728e-09
0.753996179752689,2.11910452397976e-09
0.757586637751512,2.17499351607519e-09
0.761177095750334,2.17601689197456e-09
0.764767553749156,2.19060899781087e-09
0.768358011747979,2.22708441104916e-09
0.771948469746801,2.25597196080774e-09
0.775538927745623,2.28579378916645e-09
0.779129385744446,2.3387299347102e-09
0.782719843743268,2.36426661645396e-09
0.78631030174209,2.40847153854715e-09
0.789900759740913,2.46159835941443e-09
0.793491217739735,2.55910936669747e-09
0.797081675738557,3.77262345701408e-09
0.80067213373738,2.33641135429278e-09
0.804262591736202,2.46103190884867e-09
0.807853049735024,2.52915918615562e-09
0.811443507733847,2.58052464908593e-09
0.815033965732669,2.63488330975524e-09
0.818624423731491,2.67865179836174e-09
0.822214881730314,2.74206255512308e-09
0.825805339729136,2.7867112765944e-09
0.829395797727958,2.92285938797819e-09
0.832986255726781,2.93759827088253e-09
0.836576713725603,3.02805089058632e-09
0.840167171724425,2.99028232730742e-09
0.843757629723248,3.07944749050474e-09
0.84734808772207,3.15841881810978e-09
0.850938545720892,3.2292299008556e-09
0.854529003719715,3.30640208492197e-09
0.858119461718537,3.38010786630749e-09
0.861709919717359,3.46702681319371e-09
0.865300377716182,3.57577197183615e-09
0.868890835715004,4.02917805330063e-09
0.872481293713826,3.70137063206072e-09
0.876071751712649,3.82103693469482e-09
0.879662209711471,3.94380636821247e-09
0.883252667710293,4.06157609546681e-09
0.886843125709115,4.18803181908251e-09
0.890433583707938,4.30522785769259e-09
0.89402404170676,4.44865703345851e-09
0.897614499705583,4.59370407876137e-09
0.901204957704405,4.75344900710855e-09
0.904795415703227,4.93123836656529e-09
0.90838587370205,5.10345411697429e-09
0.911976331700872,5.32117433608658e-09
0.915566789699694,5.53076341039049e-09
0.919157247698516,5.80966647910903e-09
0.922747705697339,6.05791324455184e-09
0.926338163696161,6.34966288145275e-09
0.929928621694984,6.6158201706328e-09
0.933519079693806,6.98475325970243e-09
0.937109537692628,7.3765833569889e-09
0.940699995691451,7.79046166920932e-09
0.944290453690273,8.31819973392642e-09
0.947880911689095,8.86797202403843e-09
0.951471369687917,9.51192311061264e-09
0.95506182768674,1.02504402678303e-08
0.958652285685562,1.09694550556902e-08
0.962242743684384,1.22305136193367e-08
0.965833201683207,1.34742727654175e-08
0.969423659682029,1.50073864050927e-08
0.973014117680852,1.70220966708062e-08
0.976604575679674,1.95998242751561e-08
0.980195033678496,2.31352245348665e-08
0.983785491677318,2.82238963045224e-08
0.987375949676141,3.62094992684954e-08
0.990966407674963,5.05535853688485e-08
0.994556865673785,8.38065411860387e-08
0.998147323672608,2.45968026464781e-07
1.00173778167143,2.61970621902508e-07
1.00532823967025,8.53569923844634e-08
1.00891869766907,5.0951661614371e-08
1.0125091556679,3.62904177186176e-08
1.01609961366672,2.81736143351157e-08
1.01969007166554,2.30196049629339e-08
1.02328052966436,1.94503630666132e-08
1.02687098766319,1.68482549177003e-08
1.03046144566201,1.48286114494054e-08
1.03405190366083,1.32941842940943e-08
1.03764236165965,1.20576453379593e-08
1.04123281965848,1.03394527306228e-08
1.0448232776573,9.99178913275978e-09
1.04841373565612,9.2821143498357e-09
1.05200419365494,8.61119543348906e-09
1.05559465165377,8.06396014136575e-09
1.05918510965259,7.56704426020241e-09
1.06277556765141,7.13343451815835e-09
1.06636602565023,6.74059569051342e-09
1.06995648364905,6.39343134400657e-09
1.07354694164788,6.07760671186176e-09
1.0771373996467,5.79645752211818e-09
1.08072785764552,5.54473675121241e-09
1.08431831564434,5.28202493027635e-09
1.08790877364317,5.07034079234214e-09
1.09149923164199,4.87091652005661e-09
1.09508968964081,4.68444286703691e-09
1.09868014763963,4.50089359839329e-09
1.10227060563846,4.34765708345514e-09
1.10586106363728,4.20569328634479e-09
1.1094515216361,4.0635811694451e-09
1.11304197963492,3.93709922863075e-09
1.11663243763374,3.81853926867884e-09
1.12022289563257,3.69722480527366e-09
1.12381335363139,3.57332950248889e-09
1.12740381163021,3.46430467664991e-09
1.13099426962903,3.85427935831942e-09
1.13458472762786,3.3235650684912e-09
1.13817518562668,3.22611693173506e-09
1.1417656436255,3.13361971667961e-09
1.14535610162432,3.06401999434492e-09
1.14894655962315,2.99147269891738e-09
1.15253701762197,2.92609416798923e-09
1.15612747562079,2.85392771766816e-09
1.15971793361961,2.80552506384941e-09
1.16330839161844,2.71907022552521e-09
1.16689884961726,2.6692884574226e-09
1.17048930761608,2.67068851213731e-09
1.1740797656149,2.54563200512775e-09
1.17767022361372,2.50354377992587e-09
1.18126068161255,2.44397115735342e-09
1.18485113961137,2.40647238538807e-09
1.18844159761019,2.35719351651884e-09
1.19203205560901,2.32209205086693e-09
1.19562251360784,2.27057746935383e-09
1.19921297160666,2.22798010268989e-09
1.20280342960548,2.4765787480753e-09
1.2063938876043,2.19185315178742e-09
1.20998434560313,2.14953965082904e-09
1.21357480360195,2.12422572234136e-09
1.21716526160077,2.08485432958033e-09
1.22075571959959,2.05197943012043e-09
1.22434617759841,2.02189219644265e-09
1.22793663559724,2.0011616077869e-09
1.23152709359606,1.96872269395411e-09
1.23511755159488,1.95532386532642e-09
1.2387080095937,1.94499161360484e-09
1.24229846759253,2.00943412463858e-09
1.24588892559135,1.82799399475515e-09
1.24947938359017,1.86200386310653e-09
1.25306984158899,1.75514008197601e-09
1.25666029958782,1.78508995232249e-09
1.26025075758664,1.7574475261195e-09
1.26384121558546,1.79418809365789e-09
1.26743167358428,1.77074911719931e-09
1.2710221315831,1.76578056954916e-09
1.27461258958193,1.74742952611791e-09
1.27820304758075,1.75221190750078e-09
1.28179350557957,1.75329681366629e-09
1.28538396357839,1.7384064206351e-09
1.28897442157722,1.76017403003549e-09
1.29256487957604,1.4332941364844e-09
1.29615533757486,1.7676598382955e-09
1.29974579557368,1.79372260192743e-09
1.30333625357251,1.83637327275542e-09
1.30692671157133,1.90220027977377e-09
1.31051716957015,1.98259343305967e-09
1.31410762756897,2.1049534269465e-09
1.3176980855678,2.28761250465612e-09
1.32128854356662,2.61366304326082e-09
1.32487900156544,3.22550242774018e-09
1.32846945956426,4.86928379802988e-09
1.33205991756308,1.60058934607325e-08
1.33565037556191,7.63983090018771e-09
1.33924083356073,2.68423011702314e-09
1.34283129155955,1.59585734449081e-09
1.34642174955837,1.17802831290139e-09
1.3500122075572,1.00851777791775e-09
1.35360266555602,9.21735645239876e-10
1.35719312355484,8.80811439926407e-10
1.36078358155366,8.53623894166393e-10
1.36437403955249,8.50402924081506e-10
1.36796449755131,8.05390350984786e-10
1.37155495555013,6.69448284596068e-10
1.37514541354895,1.59557373161904e-09
1.37873587154777,1.04711739035699e-09
1.3823263295466,9.84706590795155e-10
1.38591678754542,9.61838263425794e-10
1.38950724554424,9.44926415262631e-10
1.39309770354306,9.14318244442259e-10
1.39668816154189,9.19296237763272e-10
1.40027861954071,9.16579723692323e-10
1.40386907753953,8.97839096761372e-10
1.40745953553835,9.11005936186858e-10
1.41104999353718,8.99056758351524e-10
1.414640451536,9.03946389955776e-10
1.41823090953482,8.90642831115321e-10
1.42182136753364,8.80479527693029e-10
1.42541182553247,8.88647654373915e-10
1.42900228353129,8.73922733533752e-10
1.43259274153011,8.86724287414072e-10
1.43618319952893,8.69786187135312e-10
1.43977365752775,8.60736263896955e-10
1.44336411552658,8.61248117418784e-10
1.4469545735254,8.33348392484856e-10
1.45054503152422,8.32035180242899e-10
1.45413548952304,8.47820104852878e-10
1.45772594752187,8.21807363299254e-10
1.46131640552069,8.05022367601363e-10
1.46490686351951,1.4049784676265e-09
1.46849732151833,8.87756884732366e-10
1.47208777951716,8.5582035346288e-10
1.47567823751598,8.40512703617596e-10
1.4792686955148,8.28524427928497e-10
1.48285915351362,8.22639016158764e-10
1.48644961151244,8.15063033146009e-10
1.49004006951127,8.11876995921454e-10
1.49363052751009,7.93582082835347e-10
1.49722098550891,8.07602553882909e-10
1.50081144350773,7.94826867975249e-10
1.50440190150656,7.11932469638699e-10
1.50799235950538,8.38946644559894e-10
1.5115828175042,8.34508443169421e-10
1.51517327550302,7.9876100905931e-10
1.51876373350185,8.07633916622584e-10
1.52235419150067,8.17186756914367e-10
1.52594464949949,8.26064625419983e-10
1.52953510749831,8.70173199787402e-10
1.53312556549713,9.95579677583193e-10
1.53671602349596,7.43328563196226e-10
1.54030648149478,6.57955565438828e-10
1.5438969394936,6.98335705969795e-10
1.54748739749242,7.31213848268976e-10
1.55107785549125,7.2743709071472e-10
1.55466831349007,7.2260358539569e-10
1.55825877148889,7.35191355972182e-10
1.56184922948771,7.32188585250428e-10
1.56543968748654,7.41244723286424e-10
1.56903014548536,7.39787415070316e-10
1.57262060348418,7.24447809799744e-10
1.576211061483,5.91582501708659e-10
1.57980151948183,7.90440287845667e-10
1.58339197748065,7.80831623532099e-10
1.58698243547947,8.05002787354431e-10
1.59057289347829,7.88772192362048e-10
1.59416335147711,8.01443974715388e-10
1.59775380947594,7.95297283215872e-10
1.60134426747476,8.05154371691375e-10
1.60493472547358,8.1646617245371e-10
1.6085251834724,8.12328378983484e-10
1.61211564147123,8.30907867680217e-10
1.61570609947005,8.52797326174752e-10
1.61929655746887,8.46964026995743e-10
1.62288701546769,8.4824116580724e-10
1.62647747346652,1.13987899697843e-09
1.63006793146534,9.9171404689048e-10
1.63365838946416,1.01773266898905e-09
1.63724884746298,1.10461209386257e-09
1.6408393054618,1.154294613342e-09
1.64442976346063,1.25449259509599e-09
1.64802022145945,1.38655814343776e-09
1.65161067945827,1.59069504506518e-09
1.65520113745709,1.92351424611322e-09
1.65879159545592,2.58532860109989e-09
1.66238205345474,4.31307032527848e-09
1.66597251145356,2.41827163641241e-08
1.66956296945238,5.21775528920749e-09
1.67315342745121,2.08534337348526e-09
1.67674388545003,1.19416828604445e-09
1.68033434344885,7.78548690746437e-10
1.68392480144767,5.37870768447887e-10
1.6875152594465,3.97212438736088e-10
1.69110571744532,3.10094648832475e-10
1.69469617544414,2.63751982489488e-10
1.69828663344296,2.27455001972978e-10
1.70187709144178,2.72767448853431e-10
1.70546754944061,4.58264935704968e-10
1.70905800743943,1.79861114756092e-10
1.71264846543825,8.12397896595884e-11
1.71623892343707,9.49748758228022e-11
1.7198293814359,1.44636970968265e-10
1.72341983943472,1.82160968748298e-10
1.72701029743354,1.60200966965215e-10
1.73060075543236,1.90495775580069e-10
1.73419121343119,2.01214140147653e-10
1.73778167143001,2.10207253216847e-10
1.74137212942883,2.15301426223912e-10
1.74496258742765,2.22452976095271e-10
1.74855304542647,2.14173969797697e-10
1.7521435034253,2.3420194093295e-10
1.75573396142412,2.56775680016248e-10
1.75932441942294,2.33608518284016e-10
1.76291487742176,2.36926198492756e-10
1.76650533542059,2.19928475452409e-10
1.77009579341941,2.27988802861481e-10
1.77368625141823,2.25158862795321e-10
1.77727670941705,2.13047541336008e-10
1.78086716741588,2.35422705894661e-10
1.7844576254147,2.14675828205035e-10
1.78804808341352,2.51366240146304e-10
1.79163854141234,1.87019802527394e-10
1.79522899941117,3.27082474596531e-10
1.79881945740999,1.0044875074914e-09
1.80240991540881,4.49641572799461e-10
1.80600037340763,3.70918120373504e-10
1.80959083140645,3.38264674736114e-10
1.81318128940528,3.19590464365926e-10
1.8167717474041,3.06962792237805e-10
1.82036220540292,2.97560617550204e-10
1.82395266340174,2.89491238475279e-10
1.82754312140057,3.14924852526496e-10
1.83113357939939,2.79641697719915e-10
1.83472403739821,2.71403341342322e-10
1.83831449539703,3.97485090859345e-10
1.84190495339586,2.72018844913347e-10
1.84549541139468,2.63300960104147e-10
1.8490858693935,2.56874565492434e-10
1.85267632739232,2.50017019477475e-10
1.85626678539114,2.35833340303366e-10
1.85985724338997,2.1397935883156e-10
1.86344770138879,1.51478825555732e-10
1.86703815938761,8.12379018289158e-11
1.87062861738643,7.64095375751534e-10
1.87421907538526,4.1491619075213e-10
1.87780953338408,3.53533295396469e-10
1.8813999913829,3.30514474810156e-10
1.88499044938172,3.22706109196189e-10
1.88858090738055,3.05992551315331e-10
1.89217136537937,2.9815507945381e-10
1.89576182337819,2.8952056334611e-10
1.89935228137701,2.82631171278583e-10
1.90294273937583,2.88445889540193e-10
1.90653319737466,2.83618529515961e-10
1.91012365537348,4.68717692341511e-10
1.9137141133723,2.79577600633299e-10
1.91730457137112,2.83717551261223e-10
1.92089502936995,2.67199595308438e-10
1.92448548736877,2.80170666692544e-10
1.92807594536759,3.00485593447278e-10
1.93166640336641,2.79161950441995e-10
1.93525686136524,2.88126665246854e-10
1.93884731936406,3.03393765608266e-10
1.94243777736288,2.77574630311898e-10
1.9460282353617,2.99321807656934e-10
1.94961869336053,3.09037131177464e-10
1.95320915135935,3.40380036202654e-10
1.95679960935817,3.92194993782154e-10
1.96039006735699,3.36576326688894e-10
1.96398052535581,3.80441959821052e-10
1.96757098335464,4.52498056074013e-10
1.97116144135346,4.98970602336675e-10
1.97475189935228,5.70109283243204e-10
1.9783423573511,6.7473428969997e-10
1.98193281534993,8.23298107927297e-10
1.98552327334875,1.04320468595778e-09
1.98911373134757,1.42032400337843e-09
1.99270418934639,2.18667840161884e-09
1.99629464734522,4.42896047465962e-09
1.99988510534404,1.47423906550877e-07
2.00347556334286,5.00622906343406e-09
2.00706602134168,2.53450060074857e-09
2.01065647934051,1.71963214173751e-09
2.01424693733933,1.32077586975606e-09
2.01783739533815,1.077873152114e-09
2.02142785333697,9.08093706040184e-10
2.02501831133579,7.82648555848635e-10
2.02860876933462,6.60138773412968e-10
2.03219922733344,5.62113773826386e-10
2.03578968533226,3.82418128622845e-10
2.03938014333108,5.35359999184867e-10
2.04297060132991,1.36517531610628e-09
2.04656105932873,8.63130988372087e-10
2.05015151732755,7.133216314511e-10
2.05374197532637,6.62495252235029e-10
2.05733243332519,6.09858587512329e-10
2.06092289132402,5.8812000665859e-10
2.06451334932284,5.52541438414507e-10
2.06810380732166,5.37673012479978e-10
2.07169426532048,5.13032623049363e-10
2.07528472331931,5.03729343637165e-10
2.07887518131813,4.87261342172436e-10
2.08246563931695,4.6671187748027e-10
2.08605609731577,4.64445077211301e-10
2.0896465553146,4.5741283852352e-10
2.09323701331342,4.4667545699233e-10
2.09682747131224,4.30638474555325e-10
2.10041792931106,4.43520031571274e-10
2.10400838730989,4.34428377004757e-10
2.10759884530871,4.28267173414686e-10
2.11118930330753,4.24059374603006e-10
2.11477976130635,4.45065698412696e-10
2.11837021930517,4.34728397106865e-10
2.121960677304,4.42239883812308e-10
2.12555113530282,4.8280719496793e-10
2.12914159330164,7.00100223371089e-10
2.13273205130046,1.20136443601115e-10
2.13632250929929,2.68334880536953e-10
2.13991296729811,3.01133755060727e-10
2.14350342529693,3.16915806999596e-10
2.14709388329575,3.25954534274133e-10
2.15068434129458,3.25711810029192e-10
2.1542747992934,3.25987432402484e-10
2.15786525729222,3.28855382678534e-10
2.16145571529104,3.27996117246528e-10
2.16504617328986,3.27116463011614e-10
2.16863663128869,3.40452029011221e-10
2.17222708928751,3.47568467068683e-10
2.17581754728633,3.03021568807177e-10
2.17940800528515,3.09995607378253e-10
2.18299846328398,3.02270792808496e-10
2.1865889212828,3.03896872187187e-10
2.19017937928162,3.00249290088379e-10
2.19376983728044,2.91822488173595e-10
2.19736029527927,2.90599964835816e-10
2.20095075327809,2.51257932577627e-10
2.20454121127691,3.53612136276828e-10
2.20813166927573,3.20337380739067e-10
2.21172212727456,3.15731121127263e-10
2.21531258527338,3.01930349839272e-10
2.2189030432722,3.01506336038427e-10
2.22249350127102,2.91257577212092e-10
2.22608395926984,2.97434916848333e-10
2.22967441726867,2.85734510820878e-10
2.23326487526749,2.94829262318801e-10
2.23685533326631,2.93614341880045e-10
2.24044579126513,2.90301007886533e-10
2.24403624926396,2.52847085401962e-10
2.24762670726278,2.70001567943976e-10
2.2512171652616,2.21763167752149e-10
2.25480762326042,3.08440551479592e-10
2.25839808125925,2.90746383038276e-10
2.26198853925807,3.12176619207057e-10
2.26557899725689,2.88830325421557e-10
2.26916945525571,2.88632316265793e-10
2.27275991325454,2.89479712869144e-10
2.27635037125336,2.77337595016968e-10
2.27994082925218,2.75461307664197e-10
2.283531287251,2.64470246390608e-10
2.28712174524982,2.67624241746422e-10
2.29071220324865,2.21644818350109e-10
2.29430266124747,3.53121961186724e-10
2.29789311924629,3.1268885777166e-10
2.30148357724511,3.04633083968423e-10
2.30507403524394,3.25525055004167e-10
2.30866449324276,3.24859924714592e-10
2.31225495124158,3.35735028009508e-10
2.3158454092404,3.55225844890364e-10
2.31943586723923,3.89555890171261e-10
2.32302632523805,4.48668432772025e-10
2.32661678323687,6.13289672332912e-10
2.33020724123569,1.13167980630232e-09
2.33379769923451,6.96141553222446e-09
2.33738815723334,7.83470693767739e-10
2.34097861523216,4.45407268380163e-10
2.34456907323098,3.38419950985986e-10
2.3481595312298,2.97809599718931e-10
2.35174998922863,2.71446932755961e-10
2.35534044722745,2.62911739665652e-10
2.35893090522627,2.60147068243886e-10
2.36252136322509,2.70965951224079e-10
2.36611182122392,2.58420751624477e-10
2.36970227922274,2.78206944788524e-10
2.37329273722156,5.10465372025894e-10
2.37688319522038,1.56176621463044e-10
2.38047365321921,2.02417006724265e-10
2.38406411121803,2.04530481995978e-10
2.38765456921685,2.01511036341314e-10
2.39124502721567,2.08560487213147e-10
2.39483548521449,2.06811756026392e-10
2.39842594321332,2.08487548719078e-10
2.40201640121214,2.05319396436461e-10
2.40560685921096,2.26728810985625e-10
2.40919731720978,2.10699865771198e-10
2.41278777520861,2.15620778308895e-10
2.41637823320743,2.06222155788516e-10
2.41996869120625,2.07665006033423e-10
2.42355914920507,2.17439969801909e-10
2.4271496072039,2.10077932831896e-10
2.43074006520272,2.14879249952942e-10
2.43433052320154,1.9430045717772e-10
2.43792098120036,1.97636442855034e-10
2.44151143919918,1.98760466890786e-10
2.44510189719801,1.79066601703004e-10
2.44869235519683,2.11422218170341e-10
2.45228281319565,2.21554444681777e-10
2.45587327119447,2.0008509522833e-10
2.4594637291933,2.01569479061733e-10
2.46305418719212,2.65003804087431e-10
2.46664464519094,1.62527456116071e-10
2.47023510318976,1.74893797564014e-10
2.47382556118859,1.74129605839613e-10
2.47741601918741,1.77200588043415e-10
2.48100647718623,1.76612115152972e-10
2.48459693518505,1.73381984232406e-10
2.48818739318387,1.75478803019796e-10
2.4917778511827,1.66952418398662e-10
2.49536830918152,1.83128492056318e-10
2.49895876718034,1.57928675364048e-10
2.50254922517916,1.42304365341884e-10
2.50613968317799,3.00907803414568e-10
2.50973014117681,1.87961603233949e-10
2.51332059917563,1.43959033999836e-10
2.51691105717445,1.5660512801452e-10
2.52050151517328,1.49183051775637e-10
2.5240919731721,1.32718273393988e-10
2.52768243117092,1.11876676418257e-10
2.53127288916974,8.33310606799688e-11
2.53486334716857,7.87665566385156e-10
2.53845380516739,5.42582030497898e-10
2.54204426316621,3.35226454445319e-10
2.54563472116503,2.9412090109615e-10
2.54922517916385,2.44053846989988e-10
2.55281563716268,2.36883646231322e-10
2.5564060951615,2.23187759961548e-10
2.55999655316032,2.1329672205368e-10
2.56358701115914,2.04120729140212e-10
2.56717746915797,1.84831528080642e-10
2.57076792715679,1.62273273583732e-10
2.57435838515561,8.51783080024606e-11
2.57794884315443,4.90426412595437e-10
2.58153930115326,2.87508568078072e-10
2.58512975915208,2.47199736662961e-10
2.5887202171509,2.24285369672467e-10
2.59231067514972,2.25353149656516e-10
2.59590113314854,2.39853438633985e-10
2.59949159114737,2.25835493719668e-10
2.60308204914619,2.25219231927352e-10
2.60667250714501,2.32337091239181e-10
2.61026296514383,2.20839867788843e-10
2.61385342314266,2.24643200856665e-10
2.61744388114148,2.26619419976638e-10
2.6210343391403,2.40334084645354e-10
2.62462479713912,3.32376112904451e-10
2.62821525513795,1.96166187620971e-10
2.63180571313677,2.20465970425093e-10
2.63539617113559,2.59774263677475e-10
2.63898662913441,2.63760824886231e-10
2.64257708713324,2.98576324677535e-10
2.64616754513206,3.3161936100107e-10
2.64975800313088,3.91848998260522e-10
2.6533484611297,4.75275787991904e-10
2.65693891912852,6.37730563128293e-10
2.66052937712735,1.01029868014023e-09
2.66411983512617,2.46137001655611e-09
2.66771029312499,6.13509630652422e-09
2.67130075112381,1.42121208961743e-09
2.67489120912264,8.19683815698537e-10
2.67848166712146,5.98997851268348e-10
2.68207212512028,4.77436280564159e-10
2.6856625831191,4.03863879561393e-10
2.68925304111792,3.51218011071807e-10
2.69284349911675,3.14237813034331e-10
2.69643395711557,2.69221689016293e-10
2.70002441511439,2.48909032130489e-10
2.70361487311321,1.87672309992121e-10
2.70720533111204,8.86228149589447e-10
2.71079578911086,3.50391073655595e-10
2.71438624710968,2.62596123767384e-10
2.7179767051085,2.90591662399349e-10
2.72156716310733,2.7188240220329e-10
2.72515762110615,2.33371098637816e-10
2.72874807910497,2.53440031942864e-10
2.73233853710379,2.42659888469654e-10
2.73592899510262,2.3310354767199e-10
2.73951945310144,2.47100392408508e-10
2.74310991110026,2.35750774325443e-10
2.74670036909908,2.26347070703016e-10
2.7502908270979,2.39556928947595e-10
2.75388128509673,2.31551864821898e-10
2.75747174309555,2.27124113614146e-10
2.76106220109437,2.19978071482472e-10
2.76465265909319,2.08251591905523e-10
2.76824311709202,2.24041007742223e-10
2.77183357509084,2.24433465558721e-10
2.77542403308966,2.2359957974568e-10
2.77901449108848,2.53480190791737e-10
2.78260494908731,2.42713162683638e-10
2.78619540708613,2.62504229436185e-10
2.78978586508495,2.41192758768855e-10
2.79337632308377,3.04263531840693e-10
2.7969667810826,1.067050660818e-09
2.80055723908142,8.67079445983683e-11
2.80414769708024,1.38622310912392e-10
2.80773815507906,1.58911392554882e-10
2.81132861307788,1.66315421554898e-10
2.81491907107671,1.75234056023367e-10
2.81850952907553,1.83039229906532e-10
2.82209998707435,1.87416926127093e-10
2.82569044507317,2.03188353280114e-10
2.829280903072,1.83624590630166e-10
2.83287136107082,2.1337262065875e-10
2.83646181906964,3.00732959771333e-10
2.84005227706846,9.55355123833742e-11
2.84364273506729,1.38127584132533e-10
2.84723319306611,1.53645599881501e-10
2.85082365106493,1.64991810030502e-10
2.85441410906375,1.71066043104834e-10
2.85800456706257,1.72011607940577e-10
2.8615950250614,1.69603621085223e-10
2.86518548306022,2.04630475018313e-10
2.86877594105904,6.27929887291632e-10
2.87236639905786,1.31552530532028e-10
2.87595685705669,1.50305282036997e-10
2.87954731505551,1.63399045523796e-10
2.88313777305433,1.68266903148673e-10
2.88672823105315,1.65261341631467e-10
2.89031868905198,1.70986024201276e-10
2.8939091470508,1.73041545188297e-10
2.89749960504962,1.76037369641408e-10
2.90109006304844,1.82678100412009e-10
2.90468052104727,1.85667476587364e-10
2.90827097904609,1.80773779649303e-10
2.91186143704491,1.65345671497379e-10
2.91545189504373,1.82655781160659e-10
2.91904235304255,1.29719365535203e-10
2.92263281104138,2.05222624124362e-10
2.9262232690402,2.17228079921742e-10
2.92981372703902,1.71136335805816e-10
2.93340418503784,1.96623840926781e-10
2.93699464303667,2.0460677135511e-10
2.94058510103549,1.96058089515828e-10
2.94417555903431,2.24523304890909e-10
2.94776601703313,2.25487537796226e-10
2.95135647503196,2.39178125697465e-10
2.95494693303078,2.39546128412474e-10
2.9585373910296,1.58650881990758e-10
2.96212784902842,3.16193039247971e-10
2.96571830702724,3.18776946718369e-10
2.96930876502607,3.26615809813912e-10
2.97289922302489,3.79502341048713e-10
2.97648968102371,4.16047082462023e-10
2.98008013902253,4.79376219438655e-10
2.98367059702136,5.65716220270429e-10
2.98726105502018,7.01877337666625e-10
2.990851513019,9.63761816059919e-10
2.99444197101782,1.55199014496704e-09
2.99803242901665,4.24084423799803e-09
3.00162288701547,4.99600298071384e-09
3.00521334501429,1.51608414154411e-09
3.00880380301311,8.8337192244616e-10
3.01239426101194,6.08781341575109e-10
3.01598471901076,4.66787688025138e-10
3.01957517700958,3.73347695892005e-10
3.0231656350084,3.11649892518566e-10
3.02675609300722,2.70520539465253e-10
3.03034655100605,2.310757694033e-10
3.03393700900487,2.11673970956351e-10
3.03752746700369,2.1096568605002e-10
3.04111792500251,8.61831774345004e-10
3.04470838300134,1.66556190168611e-10
3.04829884100016,1.87806236692213e-10
3.05188929899898,1.20263062307463e-10
3.0554797569978,1.1363503268467e-10
3.05907021499663,1.25430297223301e-10
3.06266067299545,1.12380922468516e-10
3.06625113099427,1.10456895504501e-10
3.06984158899309,1.19201303692759e-10
3.07343204699191,8.44850751947947e-11
3.07702250499074,9.57822626122776e-11
3.08061296298956,1.06374996240721e-10
3.08420342098838,8.87377178797682e-11
3.0877938789872,1.06778903303072e-10
3.09138433698603,6.92098753891689e-11
3.09497479498485,8.00206151346266e-11
3.09856525298367,6.99048223511744e-11
3.10215571098249,8.82673315843962e-11
3.10574616898132,8.52940684327678e-11
3.10933662698014,9.44595447318083e-11
3.11292708497896,5.33919947228584e-11
3.11651754297778,8.43976016179429e-11
3.1201080009766,8.12324511091106e-11
3.12369845897543,7.25381325845651e-11
3.12728891697425,7.8531718618615e-11
3.13087937497307,5.63293844660836e-10
3.13446983297189,9.95196203597673e-11
3.13806029097072,1.00166976354568e-10
3.14165074896954,1.01540262588075e-10
3.14524120696836,1.05322929543712e-10
3.14883166496718,1.06382476776469e-10
3.15242212296601,1.11243893722827e-10
3.15601258096483,1.17258117926627e-10
3.15960303896365,1.41894388673087e-10
3.16319349696247,8.63182272683907e-11
3.1667839549613,1.17256516308085e-10
3.17037441296012,1.96153735108703e-10
3.17396487095894,8.89043663160335e-11
3.17755532895776,9.87598710136478e-11
3.18114578695658,1.4467671843015e-10
3.18473624495541,1.29785117693958e-10
3.18832670295423,1.34872240100993e-10
3.19191716095305,1.40681343352039e-10
3.19550761895187,1.49511129071807e-10
3.1990980769507,1.65698316794166e-10
3.20268853494952,3.07934021263805e-10
3.20627899294834,1.50864369784428e-10
3.20986945094716,1.68608941145536e-10
3.21345990894599,1.79618299569179e-10
3.21705036694481,1.87661538610961e-10
3.22064082494363,1.95984911116825e-10
3.22423128294245,2.04695971281328e-10
3.22782174094128,2.21781843158473e-10
3.2314121989401,2.32796722503207e-10
3.23500265693892,2.63771872193288e-10
3.23859311493774,3.02609766302336e-10
3.24218357293656,5.07454310396347e-10
3.24577403093539,1.33198052210338e-10
3.24936448893421,2.40717092981911e-10
3.25295494693303,2.01570675228151e-10
3.25654540493185,2.74897519504428e-10
3.26013586293068,2.92291448607042e-10
3.2637263209295,3.37280303305166e-10
3.26731677892832,3.60340358973831e-10
3.27090723692714,3.87740625939028e-10
3.27449769492596,4.25813585105958e-10
3.27808815292479,4.56311819723287e-10
3.28167861092361,4.97860203400705e-10
3.28526906892243,5.24688047489932e-10
3.28885952692125,5.86310699390924e-10
3.29244998492008,5.14648045331345e-10
3.2960404429189,7.19609965407682e-10
3.29963090091772,8.00838130266791e-10
3.30322135891654,9.08548645674202e-10
3.30681181691537,1.0525492103742e-09
3.31040227491419,1.23015222776368e-09
3.31399273291301,1.4749443309844e-09
3.31758319091183,1.8264827733028e-09
3.32117364891066,2.39990139592939e-09
3.32476410690948,3.42146667231516e-09
3.3283545649083,6.00163789470942e-09
3.33194502290712,2.17562002627856e-08
3.33553548090594,1.38399875210546e-08
3.33912593890477,5.3190446407316e-09
3.34271639690359,3.31590546285005e-09
3.34630685490241,2.42707238293486e-09
3.34989731290123,1.92544926121189e-09
3.35348777090006,1.59804663335262e-09
3.35707822889888,1.37488559375837e-09
3.3606686868977,1.2100620761276e-09
3.36425914489652,1.09538909604072e-09
3.36784960289535,9.97299322561443e-10
3.37144006089417,9.88687851614361e-10
3.37503051889299,7.38441202506149e-10
3.37862097689181,6.88496611252645e-10
3.38221143489063,6.59329126136151e-10
3.38580189288946,6.23139727195848e-10
3.38939235088828,5.96882644952366e-10
3.3929828088871,5.69398898734153e-10
3.39657326688592,5.40545925187934e-10
3.40016372488475,5.16811328823744e-10
3.40375418288357,5.10131227815564e-10
3.40734464088239,4.59313877615624e-10
3.41093509888121,4.50720732071052e-10
3.41452555688004,4.28923436220115e-10
3.41811601487886,4.18062075780177e-10
3.42170647287768,4.24279519125691e-10
3.4252969308765,3.64693541070692e-10
3.42888738887533,3.68062420523633e-10
3.43247784687415,3.34705516607065e-10
3.43606830487297,3.50427872499644e-10
3.43965876287179,3.35153109791376e-10
3.44324922087061,3.27832802663255e-10
3.44683967886944,3.32291360455052e-10
3.45043013686826,3.25691188384445e-10
3.45402059486708,3.40754918954807e-10
3.4576110528659,3.00461330811858e-10
3.46120151086473,3.42142105959961e-10
3.46479196886355,3.14775134154773e-10
3.46838242686237,2.27338708594111e-10
3.47197288486119,2.36577660224579e-10
3.47556334286002,2.4211122879886e-10
3.47915380085884,2.35149833472558e-10
3.48274425885766,2.33958140241582e-10
3.48633471685648,2.31978572024814e-10
3.48992517485531,2.22790126290061e-10
3.49351563285413,2.25022840778189e-10
3.49710609085295,2.2216847030167e-10
3.50069654885177,2.28474600470845e-10
3.50428700685059,4.39835845446493e-10
3.50787746484942,1.32638861559519e-10
3.51146792284824,1.37325177500206e-10
3.51505838084706,1.90356429013687e-10
3.51864883884588,1.70190179951213e-10
3.52223929684471,1.65811174251463e-10
3.52582975484353,1.60697988880358e-10
3.52942021284235,1.50826557500379e-10
3.53301067084117,1.54353132385582e-10
3.53660112884,2.03857103322644e-10
3.54019158683882,1.3921156730514e-10
3.54378204483764,1.33985314192093e-10
3.54737250283646,1.12075854632547e-10
3.55096296083528,1.19310920835797e-10
3.55455341883411,1.17494093981503e-10
3.55814387683293,1.09837962537209e-10
3.56173433483175,1.08536687320635e-10
3.56532479283057,9.64632015247569e-11
3.5689152508294,1.03558788530459e-10
3.57250570882822,1.12429681963687e-10
3.57609616682704,2.32261574751316e-10
3.57968662482586,6.09822169612258e-11
3.58327708282469,8.40554706699471e-11
3.58686754082351,3.91563148197271e-11
3.59045799882233,4.85973762044535e-11
3.59404845682115,6.32933662879718e-11
3.59763891481997,7.19106141446243e-11
3.6012293728188,8.37346651552845e-11
3.60481983081762,9.61739415986443e-11
3.60841028881644,1.08776442895774e-10
3.61200074681526,1.34650762810982e-10
3.61559120481409,1.58094384453005e-10
3.61918166281291,1.75177870286772e-10
3.62277212081173,2.06196294683383e-10
3.62636257881055,2.10478187221465e-10
3.62995303680938,2.83499161755258e-10
3.6335434948082,3.30242654498663e-10
3.63713395280702,4.04578607224936e-10
3.64072441080584,4.84706883737276e-10
3.64431486880467,6.03620895851885e-10
3.64790532680349,7.56270711970743e-10
3.65149578480231,9.84315354473522e-10
3.65508624280113,1.35250328880058e-09
3.65867670079995,2.04735784256063e-09
3.66226715879878,3.84410954887815e-09
3.6658576167976,2.17774871399132e-08
3.66944807479642,6.56796579441548e-09
3.67303853279524,2.97436304981343e-09
3.67662899079407,1.97028688271379e-09
3.68021944879289,1.49365280972016e-09
3.68380990679171,1.21539281244997e-09
3.68740036479053,1.03225669420465e-09
3.69099082278936,9.00868504056687e-10
3.69458128078818,8.01775551372526e-10
3.698171738787,7.16735064065297e-10
3.70176219678582,6.43790812056638e-10
3.70535265478464,5.80412924119862e-10
3.70894311278347,9.07127589958556e-10
3.71253357078229,6.46047277356396e-10
3.71612402878111,5.408185824293e-10
3.71971448677993,5.35377937407001e-10
3.72330494477876,5.04175625347921e-10
3.72689540277758,5.08547329614057e-10
3.7304858607764,4.7978208857726e-10
3.73407631877522,4.55732070902676e-10
3.73766677677405,4.42215928201144e-10
3.74125723477287,4.26160376883107e-10
3.74484769277169,4.15767688769637e-10
3.74843815077051,4.10402545346491e-10
3.75202860876934,3.84243688231935e-10
3.75561906676816,3.66945087079539e-10
3.75920952476698,3.62339855033373e-10
3.7627999827658,3.56877397711939e-10
3.76639044076462,3.62007379859837e-10
3.76998089876345,3.48137841278616e-10
3.77357135676227,3.39376840662628e-10
3.77716181476109,3.28567733232329e-10
3.78075227275991,3.49444364745144e-10
3.78434273075874,3.32643719930858e-10
3.78793318875756,2.41711843376353e-10
3.79152364675638,3.33533766907308e-10
3.7951141047552,3.46785812431276e-10
3.79870456275403,2.47202194391949e-10
3.80229502075285,2.79049684510095e-10
3.80588547875167,2.78928880535153e-10
3.80947593675049,2.77488204039066e-10
3.81306639474931,2.72953404368623e-10
3.81665685274814,2.73999024475196e-10
3.82024731074696,2.71541600698713e-10
3.82383776874578,2.67430031553396e-10
3.8274282267446,2.21495179794075e-10
3.83101868474343,2.82477391166082e-10
3.83460914274225,2.77718762977269e-10
3.83819960074107,1.52612468630366e-10
3.84179005873989,2.71036400504296e-10
3.84538051673872,2.71498779996633e-10
3.84897097473754,2.74477043410578e-10
3.85256143273636,2.84004207508057e-10
3.85615189073518,2.92027546242445e-10
3.85974234873401,3.32029766549896e-10
3.86333280673283,4.03275779184523e-10
3.86692326473165,7.0900572396741e-10
3.87051372273047,6.82076721882947e-10
3.87410418072929,8.37100410267829e-11
3.87769463872812,7.8737706288183e-11
3.88128509672694,1.00875443464217e-10
3.88487555472576,1.04357733155197e-10
3.88846601272458,1.27485233193566e-10
3.89205647072341,1.2142938884638e-10
3.89564692872223,1.28702471882441e-10
3.89923738672105,1.25087986615977e-10
3.90282784471987,1.16315037354301e-10
3.9064183027187,1.0845601500788e-10
3.91000876071752,4.85248079329473e-11
3.91359921871634,1.09283049239202e-10
3.91718967671516,8.10435310100371e-11
3.92078013471399,1.55635792337298e-10
3.92437059271281,1.09573370098465e-10
3.92796105071163,5.77576350232161e-11
3.93155150871045,9.80119970334235e-11
3.93514196670927,8.18379592136368e-11
3.9387324247081,6.8552492009906e-11
3.94232288270692,8.34340342696607e-11
3.94591334070574,6.43435483778817e-11
3.94950379870456,5.98755083391325e-11
3.95309425670339,4.99050019095178e-11
3.95668471470221,5.90141742577319e-11
3.96027517270103,4.57234857712463e-11
3.96386563069985,7.15592949740347e-11
3.96745608869867,9.42452207325209e-11
3.9710465466975,1.25146841880835e-10
3.97463700469632,1.90138463492701e-10
3.97822746269514,2.54584237348444e-10
3.98181792069396,3.53060589528693e-10
3.98540837869279,4.88436993500468e-10
3.98899883669161,7.1369404127928e-10
3.99258929469043,1.1535042617102e-09
3.99617975268925,2.50503044272156e-09
3.99977021068808,4.54322629314847e-08
4.0033606686869,3.33288943266979e-09
4.00695112668572,1.72528428526015e-09
4.01054158468454,1.2224078339843e-09
4.01413204268337,9.66158717010293e-10
4.01772250068219,8.22097813860408e-10
4.02131295868101,7.22550073963393e-10
4.02490341667983,6.56077280591346e-10
4.02849387467865,6.17040851384532e-10
4.03208433267748,5.90837888151018e-10
4.0356747906763,5.98289636944566e-10
4.03926524867512,9.12281062179579e-10
4.04285570667394,4.71674686126223e-10
4.04644616467277,3.59303144790057e-10
4.05003662267159,4.55524134389846e-10
4.05362708067041,3.85929273156978e-10
4.05721753866923,3.76420773988999e-10
4.06080799666806,3.46696930055759e-10
4.06439845466688,3.46762675061934e-10
4.0679889126657,3.34547099632418e-10
4.07157937066452,3.17456190940439e-10
4.07516982866334,3.17876440627433e-10
4.07876028666217,3.11404801501583e-10
4.08235074466099,3.20842288029284e-10
4.08594120265981,3.04244134354828e-10
4.08953166065863,3.37218501937866e-10
4.09312211865746,2.84868920288101e-10
4.09671257665628,2.8849298376365e-10
4.1003030346551,2.51908281566759e-10
4.10389349265392,2.59329258493243e-10
4.10748395065275,2.45001124008439e-10
4.11107440865157,2.43910055683972e-10
4.11466486665039,2.02300259299991e-10
4.11825532464921,1.90941433551045e-10
4.12184578264803,1.82108539099459e-10
4.12543624064686,8.68681124336427e-11
4.12902669864568,4.74765338266712e-10
4.1326171566445,1.00852784577312e-09
4.13620761464332,5.16477828580916e-10
4.13979807264215,4.17816245132072e-10
4.14338853064097,3.74254186778778e-10
4.14697898863979,3.50829150986183e-10
4.15056944663861,3.33750063527923e-10
4.15415990463744,3.19151482944816e-10
4.15775036263626,3.07961207829663e-10
4.16134082063508,3.22923971704826e-10
4.1649312786339,2.91961402394969e-10
4.16852173663272,2.80671084725412e-10
4.17211219463155,4.25132179568298e-10
4.17570265263037,2.98954291927487e-10
4.17929311062919,2.58950935614338e-10
4.18288356862801,3.03317173348584e-10
4.18647402662684,2.91738704654398e-10
4.19006448462566,2.92654373528786e-10
4.19365494262448,2.95491225472682e-10
4.1972454006233,2.93358106986446e-10
4.20083585862213,3.51273596330375e-10
4.20442631662095,1.96215656294462e-10
4.20801677461977,2.36331102096323e-10
4.21160723261859,2.45783443292502e-10
4.21519769061742,2.50102111094388e-10
4.21878814861624,2.53497519081209e-10
4.22237860661506,2.50394648794021e-10
4.22596906461388,2.44740947894186e-10
4.22955952261271,2.43454219502504e-10
4.23314998061153,2.40353239752916e-10
4.23674043861035,2.31655388659493e-10
4.24033089660917,2.31013172553999e-10
4.24392135460799,4.35175729167804e-10
4.24751181260682,2.75106344028773e-10
4.25110227060564,3.24767833455175e-10
4.25469272860446,1.96586582381782e-10
4.25828318660328,2.27485515052024e-10
4.26187364460211,2.29103174271143e-10
4.26546410260093,2.2987832783292e-10
4.26905456059975,2.30619456748314e-10
4.27264501859857,2.35224733396966e-10
4.2762354765974,2.2512496332484e-10
4.27982593459622,2.3213212311906e-10
4.28341639259504,2.41236180053722e-10
4.28700685059386,2.35378470276924e-10
4.29059730859268,2.76881752257679e-10
4.29418776659151,1.46845143286121e-10
4.29777822459033,1.88742123813738e-10
4.30136868258915,1.87485589554956e-10
4.30495914058797,1.93567766342478e-10
4.3085495985868,1.90363955369316e-10
4.31214005658562,1.86631052801028e-10
4.31573051458444,1.73106512367484e-10
4.31932097258326,1.5867424007793e-10
4.32291143058209,1.26392383593684e-10
4.32650188858091,7.78738355646076e-11
4.33009234657973,8.31695081517887e-11
4.33368280457855,2.91735005829274e-09
4.33727326257737,4.65631442755716e-10
4.3408637205762,3.52396844857881e-10
4.34445417857502,3.11927412486687e-10
4.34804463657384,2.89353374281982e-10
4.35163509457266,2.72226344874052e-10
4.35522555257149,2.61816512405801e-10
4.35881601057031,2.53870163841664e-10
4.36240646856913,2.46361514823711e-10
4.36599692656795,2.28742117001937e-10
4.36958738456678,2.10712286755114e-10
4.3731778425656,2.56667498439908e-10
4.37676830056442,3.38561514401096e-10
4.38035875856324,2.78516373923099e-10
4.38394921656207,2.70739685880956e-10
4.38753967456089,2.67783945868449e-10
4.39113013255971,2.59662045850999e-10
4.39472059055853,2.56212814308951e-10
4.39831104855736,2.57694279111081e-10
4.40190150655618,2.57496100893975e-10
4.405491964555,2.18974770847193e-10
4.40908242255382,2.45555133141872e-10
4.41267288055264,2.43060664250341e-10
4.41626333855147,2.45300414128761e-10
4.41985379655029,2.48452079974356e-10
4.42344425454911,2.25488061411684e-10
4.42703471254793,2.43879426220066e-10
4.43062517054676,2.35200008549461e-10
4.43421562854558,2.57307464043294e-10
4.4378060865444,2.44998363544234e-10
4.44139654454322,2.5070269607255e-10
4.44498700254205,2.617684505522e-10
4.44857746054087,2.4485871754447e-10
4.45216791853969,2.52816418160662e-10
4.45575837653851,2.39981779365783e-10
4.45934883453733,2.32663141741087e-10
4.46293929253616,2.01430616009308e-10
4.46652975053498,2.87597210973526e-10
4.4701202085338,2.66278603059412e-10
4.47371066653262,2.64457164385197e-10
4.47730112453145,2.63054646611233e-10
4.48089158253027,2.63850032590526e-10
4.48448204052909,2.64573569341275e-10
4.48807249852791,2.61450050526615e-10
4.49166295652673,2.66261709245743e-10
4.49525341452556,2.69684376459802e-10
4.49884387252438,2.85044114911595e-10
4.5024343305232,3.18824087469068e-10
4.50602478852202,1.34826976293506e-10
4.50961524652085,2.3829362817007e-10
4.51320570451967,2.78759910051799e-10
4.51679616251849,2.55324360552151e-10
4.52038662051731,2.62536039069958e-10
4.52397707851614,2.65316410651614e-10
4.52756753651496,2.70510422057143e-10
4.53115799451378,2.86044361892247e-10
4.5347484525126,4.46411144468798e-10
4.53833891051143,3.40371508747541e-10
4.54192936851025,3.00077824775014e-10
4.54551982650907,3.04417085983328e-10
4.54911028450789,3.1421220429672e-10
4.55270074250671,3.18015318334298e-10
4.55629120050554,3.23251647244878e-10
4.55988165850436,3.28334602253944e-10
4.56347211650318,3.40697630646543e-10
4.567062574502,3.61433655415064e-10
4.57065303250083,3.67993030457965e-10
4.57424349049965,4.05317164229524e-10
4.57783394849847,2.77173881642801e-10
4.58142440649729,3.49971896971063e-10
4.58501486449612,2.29131114597826e-10
4.58860532249494,4.10597438998971e-10
4.59219578049376,4.1969709110821e-10
4.59578623849258,4.56293764744468e-10
4.59937669649141,4.71790888133004e-10
4.60296715449023,4.96334715702112e-10
4.60655761248905,5.25934193657025e-10
4.61014807048787,5.53020757496999e-10
4.61373852848669,5.82973407539342e-10
4.61732898648552,6.19051512522941e-10
4.62091944448434,6.6950515957326e-10
4.62450990248316,6.84772572225621e-10
4.62810036048198,8.37117461015342e-10
4.63169081848081,8.94864954837975e-10
4.63528127647963,1.01398748803786e-09
4.63887173447845,1.14585287278943e-09
4.64246219247727,1.31596509380654e-09
4.6460526504761,1.5452318572357e-09
4.64964310847492,1.87805780984669e-09
4.65323356647374,2.38040875997763e-09
4.65682402447256,3.25540237710766e-09
4.66041448247138,5.18431226734028e-09
4.66400494047021,1.22264944750009e-08
4.66759539846903,3.51474984773164e-08
4.67118585646785,7.28076729121579e-09
4.67477631446667,4.07944283521155e-09
4.6783667724655,2.85225487784569e-09
4.68195723046432,2.1986411621179e-09
4.68554768846314,1.79119874935e-09
4.68913814646196,1.51356313512288e-09
4.69272860446079,1.31452183513234e-09
4.69631906245961,1.15314810642446e-09
4.69990952045843,1.03525356514427e-09
4.70349997845725,9.17010393468334e-10
4.70709043645607,7.57235415900642e-10
4.7106808944549,8.80193059206013e-10
4.71427135245372,7.35178206580639e-10
4.71786181045254,7.91399629634303e-10
4.72145226845136,7.28227662040717e-10
4.72504272645019,6.95355559456971e-10
4.72863318444901,6.43074032162846e-10
4.73222364244783,6.1043704880213e-10
4.73581410044665,5.90714904845483e-10
4.73940455844548,5.38019156994302e-10
4.7429950164443,5.37541670273336e-10
4.74658547444312,5.16564259189448e-10
4.75017593244194,4.96864120158258e-10
4.75376639044077,4.81619095509007e-10
4.75735684843959,4.63339203760778e-10
4.76094730643841,4.60932630711502e-10
4.76453776443723,4.42956144548656e-10
4.76812822243606,4.31339261725784e-10
4.77171868043488,4.20767264739013e-10
4.7753091384337,4.04976073776711e-10
4.77889959643252,4.27576132645422e-10
4.78249005443134,3.74065732880302e-10
4.78608051243017,3.34341942777201e-10
4.78967097042899,4.30570339158062e-10
4.79326142842781,3.34178442917722e-10
4.79685188642663,6.14140561468186e-11
4.80044234442546,4.83724861238508e-10
4.80403280242428,4.18968967395735e-10
4.8076232604231,3.98853572905542e-10
4.81121371842192,3.77646968808767e-10
4.81480417642075,3.78447187057187e-10
4.81839463441957,3.67040982554345e-10
4.82198509241839,3.55143518166092e-10
4.82557555041721,3.40084375602507e-10
4.82916600841603,3.74674176026313e-10
4.83275646641486,3.40701593298271e-10
4.83634692441368,3.12312406261015e-10
4.8399373824125,3.66566613165891e-10
4.84352784041132,3.39196141347838e-10
4.84711829841015,3.28853052376722e-10
4.85070875640897,3.21581579934671e-10
4.85429921440779,3.09251977553691e-10
4.85788967240661,3.05547874125536e-10
4.86148013040544,2.6568915530924e-10
4.86507058840426,2.21307721178382e-10
4.86866104640308,6.1941428006777e-10
4.8722515044019,4.68066813850931e-10
4.87584196240072,3.89235698318508e-10
4.87943242039955,3.50865377385205e-10
4.88302287839837,3.43648313010357e-10
4.88661333639719,3.42217306769861e-10
4.89020379439601,3.267489845008e-10
4.89379425239484,3.26162963271159e-10
4.89738471039366,3.13569543739847e-10
4.90097516839248,3.11433730145459e-10
4.9045656263913,2.9660852390973e-10
4.90815608439013,2.68100031758205e-10
4.91174654238895,3.6606606203568e-10
4.91533700038777,3.22709477586294e-10
4.91892745838659,3.45599069005949e-10
4.92251791638541,2.93753108065632e-10
4.92610837438424,2.87905365710943e-10
4.92969883238306,3.22626200831912e-10
4.93328929038188,3.04728690781921e-10
4.9368797483807,3.03772765073889e-10
4.94047020637953,3.25706760599419e-10
4.94406066437835,2.92351914201505e-10
4.94765112237717,2.92798070771108e-10
4.95124158037599,2.81037871463318e-10
4.95483203837482,2.81503342273968e-10
4.95842249637364,2.73163415733312e-10
4.96201295437246,2.7940967184372e-10
4.96560341237128,2.7449874375324e-10
4.96919387037011,2.5920776532641e-10
4.97278432836893,2.97017839779029e-10
4.97637478636775,3.07807739232927e-10
4.97996524436657,3.35445165308356e-10
4.98355570236539,3.75450715712279e-10
4.98714616036422,4.54246268583209e-10
4.99073661836304,6.5450126388393e-10
4.99432707636186,1.10779932426981e-09
4.99791753436068,3.1953604580659e-09
