freqs,specs
0,0.0207110768364187
0.00359045799882233,0.0143320980387004
0.00718091599764466,0.0135108581297822
0.010771373996467,0.0168738353141633
0.0143618319952893,0.0113073902664798
0.0179522899941117,0.00631890408645726
0.021542747992934,0.0019376793875835
0.0251332059917563,0.00138644788163408
0.0287236639905786,0.00204736766952868
0.032314121989401,0.00141858057399626
0.0359045799882233,0.0017639745684266
0.0394950379870456,0.000424313279577189
0.043085495985868,0.00216044265438417
0.0466759539846903,0.000597029275418216
0.0502664119835126,0.000679842277730731
0.053856869982335,0.000702807195409805
0.0574473279811573,0.000483232314810262
0.0610377859799796,0.000765334899272306
0.0646282439788019,0.000613662775478563
0.0682187019776243,0.000178039358191471
0.0718091599764466,0.000747771810680913
0.0753996179752689,0.000134043764095252
0.0789900759740913,0.000281664430379649
0.0825805339729136,0.000144636122102421
0.0861709919717359,0.000248019644853837
0.0897614499705583,0.000168221154935076
0.0933519079693806,8.21110205007835e-05
0.0969423659682029,6.88083841220582e-05
0.100532823967025,9.27920685445182e-05
0.104123281965848,0.000158379157444547
0.10771373996467,0.000123265684722522
0.111304197963492,2.46029329155631e-05
0.114894655962315,0.000245010742431573
0.118485113961137,0.000123308736285932
0.122075571959959,0.000143182920249671
0.125666029958782,0.000136979829630694
0.129256487957604,0.000135971428301677
0.132846945956426,0.000239208312500629
0.136437403955249,0.000211375412381329
0.140027861954071,9.56549902643381e-05
0.143618319952893,0.000177455554379343
0.147208777951716,0.000105560252228005
0.150799235950538,0.000211456344231676
0.15438969394936,0.000140716204906164
0.157980151948183,0.00014494492027029
0.161570609947005,0.000195014698289581
0.165161067945827,0.000207255038143266
0.16875152594465,0.000151624355682255
0.172341983943472,0.000165371948354158
0.175932441942294,0.000228980103207376
0.179522899941117,0.000183977923923754
0.183113357939939,0.00017001459235028
0.186703815938761,0.000147159082397861
0.190294273937583,0.000165034116607406
0.193884731936406,0.000176707986255972
0.197475189935228,0.000123016923238874
0.20106564793405,0.000157835881038412
0.204656105932873,0.000188877212361661
0.208246563931695,0.000147217313396716
0.211837021930517,0.000167863825851646
0.21542747992934,0.000186886337814257
0.219017937928162,0.000170802624285189
0.222608395926984,0.000182796515929851
0.226198853925807,0.000164924396002485
0.229789311924629,0.000175327056488725
0.233379769923451,0.000165484773436919
0.236970227922274,0.000166144636659946
0.240560685921096,0.00016071480570474
0.244151143919918,0.000155897403052804
0.247741601918741,0.000146933634005681
0.251332059917563,0.000157331499390006
0.254922517916385,0.000154192237184289
0.258512975915208,0.000174275705349132
0.26210343391403,0.000151280228220068
0.265693891912852,0.00016783447643879
0.269284349911675,0.000169409015972256
0.272874807910497,0.000160058772240263
0.276465265909319,0.000172962311598166
0.280055723908142,0.000167830245418318
0.283646181906964,0.000176427121646795
0.287236639905786,0.00018311546241101
0.290827097904609,0.000170082082598691
0.294417555903431,0.000169184566233763
0.298008013902253,0.000163736055589218
0.301598471901076,0.000165833614047388
0.305188929899898,0.000175282430495343
0.30877938789872,0.000153440039763004
0.312369845897543,0.000167230788094591
0.315960303896365,0.000160124118828048
0.319550761895187,0.000163873581631413
0.32314121989401,0.000173259414365709
0.326731677892832,0.000164395538784374
0.330322135891654,0.00017168292659281
0.333912593890477,0.000182199006546993
0.337503051889299,0.00017691468394727
0.341093509888121,0.000177018106144381
0.344683967886944,0.00018421787498128
0.348274425885766,0.000179410983209353
0.351864883884588,0.000179523371161406
0.355455341883411,0.000163994759749033
0.359045799882233,0.000176745606591406
0.362636257881055,0.000175081068710433
0.366226715879878,0.000171133608538974
0.3698171738787,0.000178241158874958
0.373407631877522,0.00018316818717865
0.376998089876345,0.000189344460119139
0.380588547875167,0.000192440565506343
0.384179005873989,0.000192696745633262
0.387769463872812,0.000189771992543575
0.391359921871634,0.000196096189736084
0.394950379870456,0.000187124768059795
0.398540837869279,0.000188305754927582
0.402131295868101,0.000193659628941732
0.405721753866923,0.000189798332597143
0.409312211865746,0.000197494948650555
0.412902669864568,0.000192030819721177
0.41649312786339,0.000195026295136097
0.420083585862213,0.000189187542741833
0.423674043861035,0.000198593053307678
0.427264501859857,0.000193204717895696
0.43085495985868,0.00020223459779748
0.434445417857502,0.000185647862566669
0.438035875856324,0.000208599718117171
0.441626333855147,0.00020069536046907
0.445216791853969,0.000198166956800778
0.448807249852791,0.000206118697632324
0.452397707851614,0.000212296575969535
0.455988165850436,0.000212527063048112
0.459578623849258,0.000213973153196664
0.463169081848081,0.000208179085027082
0.466759539846903,0.000216464034271368
0.470349997845725,0.000226588217212154
0.473940455844548,0.000224845754222163
0.47753091384337,0.000211373423704281
0.481121371842192,0.000223857664806681
0.484711829841015,0.000230004360326071
0.488302287839837,0.00022861672591624
0.491892745838659,0.000216983642009654
0.495483203837482,0.000213234488364192
0.499073661836304,0.000218767935141739
0.502664119835126,0.000229472196132808
0.506254577833949,0.000230773602051829
0.509845035832771,0.00022071994610215
0.513435493831593,0.000224367610501499
0.517025951830416,0.000233248304318913
0.520616409829238,0.000237869188039638
0.52420686782806,0.000241705546735275
0.527797325826883,0.000230035876013715
0.531387783825705,0.00023511872437864
0.534978241824527,0.000245178827444375
0.53856869982335,0.000248833287948715
0.542159157822172,0.000250910559693249
0.545749615820994,0.00025086996621262
0.549340073819817,0.000250285272383379
0.552930531818639,0.0002591887360603
0.556520989817461,0.000254521918458824
0.560111447816284,0.000258515580055469
0.563701905815106,0.000258815742430528
0.567292363813928,0.000256445899131455
0.57088282181275,0.000262766461879762
0.574473279811573,0.000260608774410618
0.578063737810395,0.000263479876645138
0.581654195809218,0.000271165729856467
0.58524465380804,0.000265032320388942
0.588835111806862,0.000270296230478462
0.592425569805685,0.00027483714175612
0.596016027804507,0.000279564053231282
0.599606485803329,0.000274341475083283
0.603196943802151,0.000278053867568286
0.606787401800974,0.000285853182780372
0.610377859799796,0.000286771614070581
0.613968317798618,0.000290289884165068
0.617558775797441,0.000288633630957483
0.621149233796263,0.00029377312998685
0.624739691795085,0.000296178296662801
0.628330149793908,0.00030066767041864
0.63192060779273,0.000299737165356966
0.635511065791552,0.000307715750949661
0.639101523790375,0.00030870666507248
0.642691981789197,0.00031076923171543
0.646282439788019,0.000316739597710471
0.649872897786842,0.000319950189382323
0.653463355785664,0.000319906560876058
0.657053813784486,0.000328539072183706
0.660644271783309,0.000327697337513269
0.664234729782131,0.000328755632913536
0.667825187780953,0.000339564637470108
0.671415645779776,0.000339074915065983
0.675006103778598,0.00034543609367931
0.67859656177742,0.000347017572961327
0.682187019776243,0.000348559397490714
0.685777477775065,0.000355776080273022
0.689367935773887,0.000357822965576677
0.69295839377271,0.000360601017581144
0.696548851771532,0.000365026780053777
0.700139309770354,0.000368314453310657
0.703729767769177,0.000376129184317784
0.707320225767999,0.000379272641508399
0.710910683766821,0.000386662052515361
0.714501141765644,0.000392135768168609
0.718091599764466,0.000396391666314058
0.721682057763288,0.000405944172382082
0.725272515762111,0.000407321752727562
0.728862973760933,0.000414320057309464
0.732453431759755,0.000423281729570042
0.736043889758578,0.000421640492818575
0.7396343477574,0.000431317154551192
0.743224805756222,0.000434747655797259
0.746815263755045,0.000439806405468788
0.750405721753867,0.000447645401792033
0.753996179752689,0.000450371133230774
0.757586637751512,0.000457905404460186
0.761177095750334,0.000465215875671298
0.764767553749156,0.000474483167819291
0.768358011747979,0.000484207359178355
0.771948469746801,0.0004899431881368
0.775538927745623,0.00050162532545481
0.779129385744446,0.000509054488411003
0.782719843743268,0.000519886323730227
0.78631030174209,0.000526244638397707
0.789900759740913,0.000533606784263355
0.793491217739735,0.000546689315513893
0.797081675738557,0.000552849351104656
0.80067213373738,0.000564935779245097
0.804262591736202,0.000573223707193054
0.807853049735024,0.00058576513756867
0.811443507733847,0.000597567682746811
0.815033965732669,0.000604187848660618
0.818624423731491,0.000621100623721414
0.822214881730314,0.000630544276863654
0.825805339729136,0.000644435135060564
0.829395797727958,0.000664154158524414
0.832986255726781,0.000672284717999505
0.836576713725603,0.000692127216605504
0.840167171724425,0.000706070519849528
0.843757629723248,0.000719164636924765
0.84734808772207,0.000740901560818013
0.850938545720892,0.000752659331719247
0.854529003719715,0.000773518411967261
0.858119461718537,0.000794358788559742
0.861709919717359,0.000813543311055993
0.865300377716182,0.000838616708409809
0.868890835715004,0.000857072928063644
0.872481293713826,0.000888752446567136
0.876071751712649,0.000911763927589034
0.879662209711471,0.000935300998865486
0.883252667710293,0.000968969409567629
0.886843125709115,0.00099887912554949
0.890433583707938,0.00103256737405081
0.89402404170676,0.00107170446031839
0.897614499705583,0.00110189904636974
0.901204957704405,0.00114768874876657
0.904795415703227,0.00118742147461384
0.90838587370205,0.00123292556319298
0.911976331700872,0.00128511780853684
0.915566789699694,0.00133876917349816
0.919157247698516,0.00139986840756879
0.922747705697339,0.00146688454832943
0.926338163696161,0.00154261574523457
0.929928621694984,0.00161934397791241
0.933519079693806,0.00170870066019142
0.937109537692628,0.0018093408031316
0.940699995691451,0.001912410429921
0.944290453690273,0.00204361805153097
0.947880911689095,0.00218299928059999
0.951471369687917,0.00234411837696417
0.95506182768674,0.00253508546168639
0.958652285685562,0.002751350575476
0.962242743684384,0.00301439497033097
0.965833201683207,0.00333360611077049
0.969423659682029,0.00371978268171867
0.973014117680852,0.00421821010735617
0.976604575679674,0.0048682188231597
0.980195033678496,0.00575792355798526
0.983785491677318,0.00703151099684871
0.987375949676141,0.00903509864749875
0.990966407674963,0.0126313575834516
0.994556865673785,0.0209714418573054
0.998147323672608,0.0616458135138101
1.00173778167143,0.0657287836272954
1.00532823967025,0.0214516675393632
1.00891869766907,0.0128175157501204
1.0125091556679,0.00914610846295497
1.01609961366672,0.00710631326878617
1.01969007166554,0.00581474960885072
1.02328052966436,0.00492531364981231
1.02687098766319,0.00426241673725663
1.03046144566201,0.00376374046033541
1.03405190366083,0.00336717724362132
1.03764236165965,0.00304617761705548
1.04123281965848,0.00278429544823966
1.0448232776573,0.00255764299457614
1.04841373565612,0.0023700610294485
1.05200419365494,0.00220550746514203
1.05559465165377,0.00206335810271516
1.05918510965259,0.00194063640824211
1.06277556765141,0.00182851977321371
1.06636602565023,0.00173436398482424
1.06995648364905,0.00164539557760501
1.07354694164788,0.00156612788203776
1.0771373996467,0.00149426496089798
1.08072785764552,0.00142813266297767
1.08431831564434,0.00136788502515333
1.08790877364317,0.00131130036968854
1.09149923164199,0.00126173982546091
1.09508968964081,0.00121619147759991
1.09868014763963,0.0011692253916448
1.10227060563846,0.00112937255642137
1.10586106363728,0.00108939769722282
1.1094515216361,0.00105596612378453
1.11304197963492,0.00102364232991073
1.11663243763374,0.000990523763914604
1.12022289563257,0.000962819377482196
1.12381335363139,0.000935931868705695
1.12740381163021,0.000908902885835647
1.13099426962903,0.000885921099894863
1.13458472762786,0.000860991049069977
1.13817518562668,0.000840009614103133
1.1417656436255,0.000816648087402645
1.14535610162432,0.000799833808269038
1.14894655962315,0.000780019162012692
1.15253701762197,0.00076157898678931
1.15612747562079,0.000746647025539885
1.15971793361961,0.000727186304305651
1.16330839161844,0.000712425892967343
1.16689884961726,0.000698087470581289
1.17048930761608,0.000680981762736695
1.1740797656149,0.00067061810574206
1.17767022361372,0.000655894345523969
1.18126068161255,0.000641101856964847
1.18485113961137,0.00063250709497165
1.18844159761019,0.000617802533729091
1.19203205560901,0.000607772956278522
1.19562251360784,0.000597496330075988
1.19921297160666,0.000584755866783763
1.20280342960548,0.000575416296593802
1.2063938876043,0.000565445483842297
1.20998434560313,0.000556702836040744
1.21357480360195,0.000546833122148006
1.21716526160077,0.000537630992808464
1.22075571959959,0.000531114850749485
1.22434617759841,0.000521550792269826
1.22793663559724,0.000514594127632587
1.23152709359606,0.000506240894829728
1.23511755159488,0.000499529570178169
1.2387080095937,0.000493095038970076
1.24229846759253,0.000484734612899647
1.24588892559135,0.000477540295147106
1.24947938359017,0.000472152693597833
1.25306984158899,0.000464490273544826
1.25666029958782,0.000458015993762147
1.26025075758664,0.000451769770016895
1.26384121558546,0.000446338020194763
1.26743167358428,0.000439487933541508
1.2710221315831,0.000434977804209407
1.27461258958193,0.00042901394123463
1.27820304758075,0.00042336589852032
1.28179350557957,0.000419482134543097
1.28538396357839,0.000412922346825953
1.28897442157722,0.000408317700075144
1.29256487957604,0.000405141438491917
1.29615533757486,0.000399081821981777
1.29974579557368,0.00039519866758129
1.30333625357251,0.00039061040731106
1.30692671157133,0.000386337864338655
1.31051716957015,0.000382246732182677
1.31410762756897,0.000378115365729539
1.3176980855678,0.000373939835505742
1.32128854356662,0.000369866567582535
1.32487900156544,0.000365318318045934
1.32846945956426,0.000361550803689095
1.33205991756308,0.000357722411607175
1.33565037556191,0.000354694826572358
1.33924083356073,0.000350090120246152
1.34283129155955,0.000346174930680303
1.34642174955837,0.000344674564169648
1.3500122075572,0.000339539163915929
1.35360266555602,0.000337422051505607
1.35719312355484,0.000333753105692538
1.36078358155366,0.000329606209538839
1.36437403955249,0.000326843376011308
1.36796449755131,0.000323549405303627
1.37155495555013,0.000320669497880166
1.37514541354895,0.000318579348544256
1.37873587154777,0.000315486014185106
1.3823263295466,0.000312641809975567
1.38591678754542,0.000309459333448489
1.38950724554424,0.000307461344747311
1.39309770354306,0.000305148611854348
1.39668816154189,0.000301505000139769
1.40027861954071,0.000299621937322093
1.40386907753953,0.000296083406078718
1.40745953553835,0.000293487305835739
1.41104999353718,0.000293174411915767
1.414640451536,0.000290306226696898
1.41823090953482,0.000287031175371179
1.42182136753364,0.000285277394054576
1.42541182553247,0.000283120297730188
1.42900228353129,0.000279782277849141
1.43259274153011,0.000278007048346748
1.43618319952893,0.000274602332342013
1.43977365752775,0.000272871668981883
1.44336411552658,0.000270604583488533
1.4469545735254,0.000268363422899952
1.45054503152422,0.000266576714074091
1.45413548952304,0.000264764356304665
1.45772594752187,0.000263003284342771
1.46131640552069,0.000260814917111027
1.46490686351951,0.000259075806367665
1.46849732151833,0.000257973601606755
1.47208777951716,0.000254951427684756
1.47567823751598,0.000254170305389895
1.4792686955148,0.00025123364179541
1.48285915351362,0.000251127278818017
1.48644961151244,0.000250100606784029
1.49004006951127,0.000247076125033669
1.49363052751009,0.000244258077014472
1.49722098550891,0.000243408798147688
1.50081144350773,0.000242098486210712
1.50440190150656,0.0002401920788113
1.50799235950538,0.000238239530063333
1.5115828175042,0.000235859052445929
1.51517327550302,0.000234760866368569
1.51876373350185,0.000233283785613227
1.52235419150067,0.000233233635668408
1.52594464949949,0.000230404918133721
1.52953510749831,0.000228872429158742
1.53312556549713,0.000228931775171149
1.53671602349596,0.000227701467708878
1.54030648149478,0.000224220561373456
1.5438969394936,0.000224088834395186
1.54748739749242,0.000222060601387283
1.55107785549125,0.000221201880018295
1.55466831349007,0.000219415792554226
1.55825877148889,0.000218094735941074
1.56184922948771,0.0002164365289768
1.56543968748654,0.000216118817285227
1.56903014548536,0.00021400160592069
1.57262060348418,0.000212872016836966
1.576211061483,0.00021161761188176
1.57980151948183,0.000210474188951345
1.58339197748065,0.000209871319960834
1.58698243547947,0.000207821430567521
1.59057289347829,0.000206882519905759
1.59416335147711,0.000206372952165295
1.59775380947594,0.000205186281035344
1.60134426747476,0.000203643185406207
1.60493472547358,0.000203069821204574
1.6085251834724,0.000201664987859275
1.61211564147123,0.000200486722367614
1.61570609947005,0.000199327700144235
1.61929655746887,0.000197983209300116
1.62288701546769,0.000196699877552704
1.62647747346652,0.000195798387893083
1.63006793146534,0.000195455621026687
1.63365838946416,0.000193863087644162
1.63724884746298,0.000193122982606422
1.6408393054618,0.000192411479629011
1.64442976346063,0.000191404396991496
1.64802022145945,0.000190860223602116
1.65161067945827,0.000188304848417489
1.65520113745709,0.000188132928835756
1.65879159545592,0.000186838912274298
1.66238205345474,0.00018589362654415
1.66597251145356,0.000184944628054023
1.66956296945238,0.000184152705995698
1.67315342745121,0.000183294403607989
1.67674388545003,0.000182373629995766
1.68033434344885,0.000181939846167086
1.68392480144767,0.000180932052067351
1.6875152594465,0.000180630038150155
1.69110571744532,0.000178747212785191
1.69469617544414,0.00017813123849625
1.69828663344296,0.000177580936158517
1.70187709144178,0.000176891988643843
1.70546754944061,0.00017587108650006
1.70905800743943,0.000175424376478857
1.71264846543825,0.000173784626296914
1.71623892343707,0.000173540503536319
1.7198293814359,0.000172455544791061
1.72341983943472,0.000171575852176051
1.72701029743354,0.00017104344891317
1.73060075543236,0.000169752261134887
1.73419121343119,0.000169050016990025
1.73778167143001,0.000168664533096267
1.74137212942883,0.000167571898822532
1.74496258742765,0.000167537273441143
1.74855304542647,0.00016675874598162
1.7521435034253,0.000166144023696106
1.75573396142412,0.000164771678731363
1.75932441942294,0.000164375458925236
1.76291487742176,0.000163404334425645
1.76650533542059,0.00016285922556598
1.77009579341941,0.000161543255148913
1.77368625141823,0.000161210113199393
1.77727670941705,0.000160059323268534
1.78086716741588,0.000160054804056263
1.7844576254147,0.000159244656837407
1.78804808341352,0.000159320427899042
1.79163854141234,0.000158411380242347
1.79522899941117,0.000157464035152804
1.79881945740999,0.000156646698595878
1.80240991540881,0.0001568572927183
1.80600037340763,0.000155594967697223
1.80959083140645,0.000155282219020701
1.81318128940528,0.000155038627860635
1.8167717474041,0.000153754950065963
1.82036220540292,0.000152762516351082
1.82395266340174,0.000152826280958298
1.82754312140057,0.000151646141409053
1.83113357939939,0.000151022648367386
1.83472403739821,0.000150574839836176
1.83831449539703,0.000150111590632428
1.84190495339586,0.000148733779842016
1.84549541139468,0.000148664502409853
1.8490858693935,0.000148406020210595
1.85267632739232,0.000147299777741742
1.85626678539114,0.00014713662325585
1.85985724338997,0.000145933327728901
1.86344770138879,0.000145938961849362
1.86703815938761,0.000144839556134178
1.87062861738643,0.000145323637439375
1.87421907538526,0.000144714823012572
1.87780953338408,0.000143412415926972
1.8813999913829,0.000142840096235274
1.88499044938172,0.000143474058285943
1.88858090738055,0.000142664974440397
1.89217136537937,0.000142106181445268
1.89576182337819,0.000140900554838619
1.89935228137701,0.000140721669049777
1.90294273937583,0.000140070090230255
1.90653319737466,0.000140009605618562
1.91012365537348,0.000139191715355335
1.9137141133723,0.000139271627672485
1.91730457137112,0.000138002193629288
1.92089502936995,0.000136937769927141
1.92448548736877,0.00013722480274286
1.92807594536759,0.000137177406313975
1.93166640336641,0.000136470461577926
1.93525686136524,0.000135983841007261
1.93884731936406,0.000135832218079565
1.94243777736288,0.000134273023104972
1.9460282353617,0.000134514475036666
1.94961869336053,0.000134128844596944
1.95320915135935,0.000132976801507692
1.95679960935817,0.000133194624900846
1.96039006735699,0.000132664920541688
1.96398052535581,0.000132213325158225
1.96757098335464,0.000131232935791147
1.97116144135346,0.000130277258676579
1.97475189935228,0.000130457880334927
1.9783423573511,0.000130790750771382
1.98193281534993,0.000129967972812621
1.98552327334875,0.000128933678385984
1.98911373134757,0.000128920716250642
1.99270418934639,0.000128066038940223
1.99629464734522,0.000128685699283299
1.99988510534404,0.000128788726123854
2.00347556334286,0.00012603696462214
2.00706602134168,0.000127085948947765
2.01065647934051,0.000126826399967937
2.01424693733933,0.000125093137049892
2.01783739533815,0.00012645505702353
2.02142785333697,0.000125562504575982
2.02501831133579,0.000124942414680713
2.02860876933462,0.000125818709739549
2.03219922733344,0.000124863782710334
2.03578968533226,0.000124459828418824
2.03938014333108,0.000124231886034392
2.04297060132991,0.000122868471665802
2.04656105932873,0.000122554408070758
2.05015151732755,0.000122713821782325
2.05374197532637,0.000121425888134043
2.05733243332519,0.000121027817513333
2.06092289132402,0.000121702457306697
2.06451334932284,0.000120818863705529
2.06810380732166,0.00012057303668303
2.07169426532048,0.000119968279458362
2.07528472331931,0.000119048944272455
2.07887518131813,0.000119950252209327
2.08246563931695,0.000118927317571129
2.08605609731577,0.000118392973465181
2.0896465553146,0.000118594810968207
2.09323701331342,0.00011757853558975
2.09682747131224,0.00011761104776835
2.10041792931106,0.000116980963900831
2.10400838730989,0.000117403139742074
2.10759884530871,0.000116624508050406
2.11118930330753,0.000116125670745927
2.11477976130635,0.000115619993626362
2.11837021930517,0.000115455536561859
2.121960677304,0.000115579915960163
2.12555113530282,0.000115123381271986
2.12914159330164,0.000114708967700336
2.13273205130046,0.000114705370484979
2.13632250929929,0.000113337497653591
2.13991296729811,0.000114085733533068
2.14350342529693,0.000113679668805913
2.14709388329575,0.000113032147457156
2.15068434129458,0.000112786012548152
2.1542747992934,0.000112232781851084
2.15786525729222,0.000112145214687484
2.16145571529104,0.000111673653409664
2.16504617328986,0.000111079400462267
2.16863663128869,0.000111192396851441
2.17222708928751,0.000110800351975604
2.17581754728633,0.000110229151300862
2.17940800528515,0.000110135481696806
2.18299846328398,0.000109867835702779
2.1865889212828,0.000109958447381743
2.19017937928162,0.000109352928156964
2.19376983728044,0.000108937064442586
2.19736029527927,0.000109491208661539
2.20095075327809,0.000108522290807201
2.20454121127691,0.00010790536403196
2.20813166927573,0.000108096150871941
2.21172212727456,0.000107260823668321
2.21531258527338,0.000107634093466004
2.2189030432722,0.000106906537634904
2.22249350127102,0.000106701404576939
2.22608395926984,0.00010683424621277
2.22967441726867,0.000106251224132622
2.23326487526749,0.000105815490558691
2.23685533326631,0.0001055657653426
2.24044579126513,0.000105446682328946
2.24403624926396,0.000105160461428849
2.24762670726278,0.000104998573893545
2.2512171652616,0.000104438859856018
2.25480762326042,0.00010407762106218
2.25839808125925,0.000104070245015782
2.26198853925807,0.000103786217423648
2.26557899725689,0.000103234099913636
2.26916945525571,0.000103644219081768
2.27275991325454,0.00010292408445851
2.27635037125336,0.000103128896971047
2.27994082925218,0.000102420486657619
2.283531287251,0.000102249087042877
2.28712174524982,0.000101992255414017
2.29071220324865,0.00010163155989759
2.29430266124747,0.00010154253381597
2.29789311924629,0.000101261333365702
2.30148357724511,0.0001009121774777
2.30507403524394,0.000100609267188781
2.30866449324276,0.000100535001075317
2.31225495124158,0.000100037371010433
2.3158454092404,0.000100029262406077
2.31943586723923,9.99311390898911e-05
2.32302632523805,9.94351874049631e-05
2.32661678323687,9.94223343617896e-05
2.33020724123569,9.90459268676346e-05
2.33379769923451,9.85316895960539e-05
2.33738815723334,9.88886072363734e-05
2.34097861523216,9.82450963047158e-05
2.34456907323098,9.80256011639094e-05
2.3481595312298,9.80417881736459e-05
2.35174998922863,9.71461466797184e-05
2.35534044722745,9.76438305555826e-05
2.35893090522627,9.71850945767077e-05
2.36252136322509,9.68125494732755e-05
2.36611182122392,9.68527287148378e-05
2.36970227922274,9.64386715667413e-05
2.37329273722156,9.63219746444674e-05
2.37688319522038,9.62403023484487e-05
2.38047365321921,9.56953016739632e-05
2.38406411121803,9.58472376962576e-05
2.38765456921685,9.52700425222003e-05
2.39124502721567,9.48764147562695e-05
2.39483548521449,9.47797620490242e-05
2.39842594321332,9.49082526344539e-05
2.40201640121214,9.46758480832082e-05
2.40560685921096,9.41562539146288e-05
2.40919731720978,9.43001863406133e-05
2.41278777520861,9.364451689024e-05
2.41637823320743,9.34224106853567e-05
2.41996869120625,9.33928414531793e-05
2.42355914920507,9.3261779391763e-05
2.4271496072039,9.30223463140766e-05
2.43074006520272,9.29565959819638e-05
2.43433052320154,9.26180612480865e-05
2.43792098120036,9.27368506899444e-05
2.44151143919918,9.21045970300587e-05
2.44510189719801,9.20019445942775e-05
2.44869235519683,9.19003245932831e-05
2.45228281319565,9.17320967798743e-05
2.45587327119447,9.13977685367251e-05
2.4594637291933,9.12519647829628e-05
2.46305418719212,9.08256331809233e-05
2.46664464519094,9.08004416909055e-05
2.47023510318976,9.05270714050833e-05
2.47382556118859,9.08072573703547e-05
2.47741601918741,9.02654706634647e-05
2.48100647718623,8.99608669022921e-05
2.48459693518505,8.97073443633368e-05
2.48818739318387,8.98941343709809e-05
2.4917778511827,8.92776581705878e-05
2.49536830918152,8.92415625507213e-05
2.49895876718034,8.91677369428889e-05
2.50254922517916,8.88672177771381e-05
2.50613968317799,8.89265386632656e-05
2.50973014117681,8.8408186448331e-05
2.51332059917563,8.80189915389162e-05
2.51691105717445,8.80380804955275e-05
2.52050151517328,8.85024245818658e-05
2.5240919731721,8.78681392603517e-05
2.52768243117092,8.74881988880955e-05
2.53127288916974,8.73643902279865e-05
2.53486334716857,8.74906355283745e-05
2.53845380516739,8.72123138918205e-05
2.54204426316621,8.72598253093845e-05
2.54563472116503,8.67369857348817e-05
2.54922517916385,8.65595546048707e-05
2.55281563716268,8.62761315757779e-05
2.5564060951615,8.61763740489559e-05
2.55999655316032,8.57758584774219e-05
2.56358701115914,8.55082212419939e-05
2.56717746915797,8.57569188926139e-05
2.57076792715679,8.54190133986829e-05
2.57435838515561,8.54524851843782e-05
2.57794884315443,8.51041328912614e-05
2.58153930115326,8.485823676845e-05
2.58512975915208,8.48275362077747e-05
2.5887202171509,8.4502600812706e-05
2.59231067514972,8.44192646718947e-05
2.59590113314854,8.44573988564365e-05
2.59949159114737,8.41771042495298e-05
2.60308204914619,8.39129561746275e-05
2.60667250714501,8.39483670282232e-05
2.61026296514383,8.37321159201405e-05
2.61385342314266,8.34290624373992e-05
2.61744388114148,8.32880835201497e-05
2.6210343391403,8.29519857948079e-05
2.62462479713912,8.30085678548394e-05
2.62821525513795,8.27102098228741e-05
2.63180571313677,8.27106797978609e-05
2.63539617113559,8.24841622275697e-05
2.63898662913441,8.24789686608962e-05
2.64257708713324,8.22432435820573e-05
2.64616754513206,8.19093280691879e-05
2.64975800313088,8.17152032004702e-05
2.6533484611297,8.15913773301288e-05
2.65693891912852,8.16237122064315e-05
2.66052937712735,8.13208222157592e-05
2.66411983512617,8.11477197792755e-05
2.66771029312499,8.10374369773209e-05
2.67130075112381,8.09967867432264e-05
2.67489120912264,8.06810889896974e-05
2.67848166712146,8.06085768188308e-05
2.68207212512028,8.04742017190489e-05
2.6856625831191,8.0338778930265e-05
2.68925304111792,8.01723003281744e-05
2.69284349911675,8.00772993439352e-05
2.69643395711557,7.98978759228481e-05
2.70002441511439,7.96799831764912e-05
2.70361487311321,7.95749621840962e-05
2.70720533111204,7.94280893953537e-05
2.71079578911086,7.91246463419829e-05
2.71438624710968,7.89982133268492e-05
2.7179767051085,7.90521190541071e-05
2.72156716310733,7.87225341124365e-05
2.72515762110615,7.85518912474168e-05
2.72874807910497,7.87132910259614e-05
2.73233853710379,7.84633949589392e-05
2.73592899510262,7.82717800228822e-05
2.73951945310144,7.80878359012152e-05
2.74310991110026,7.79798519906983e-05
2.74670036909908,7.7809662364038e-05
2.7502908270979,7.74692164259432e-05
2.75388128509673,7.76732414070289e-05
2.75747174309555,7.73543635329247e-05
2.76106220109437,7.72131315036213e-05
2.76465265909319,7.68522672966472e-05
2.76824311709202,7.71239233135416e-05
2.77183357509084,7.69116445510408e-05
2.77542403308966,7.67904056381299e-05
2.77901449108848,7.66823134274259e-05
2.78260494908731,7.64702157926765e-05
2.78619540708613,7.62640469987594e-05
2.78978586508495,7.63681470215559e-05
2.79337632308377,7.60574713740615e-05
2.7969667810826,7.61246508907663e-05
2.80055723908142,7.60133736560169e-05
2.80414769708024,7.56378884347256e-05
2.80773815507906,7.55189234086195e-05
2.81132861307788,7.51601577130862e-05
2.81491907107671,7.53717036140592e-05
2.81850952907553,7.50946862399748e-05
2.82209998707435,7.48711971107831e-05
2.82569044507317,7.47327274700329e-05
2.829280903072,7.48552217022738e-05
2.83287136107082,7.45648807897934e-05
2.83646181906964,7.45400285821242e-05
2.84005227706846,7.44233005809127e-05
2.84364273506729,7.45064253430425e-05
2.84723319306611,7.42040494230019e-05
2.85082365106493,7.42175023183021e-05
2.85441410906375,7.39816528726982e-05
2.85800456706257,7.36448020089879e-05
2.8615950250614,7.36250905379379e-05
2.86518548306022,7.35662686989648e-05
2.86877594105904,7.30710417297922e-05
2.87236639905786,7.33401600896919e-05
2.87595685705669,7.29723096030942e-05
2.87954731505551,7.2911217209588e-05
2.88313777305433,7.30335055455334e-05
2.88672823105315,7.27494080218816e-05
2.89031868905198,7.26938699595808e-05
2.8939091470508,7.2560058060084e-05
2.89749960504962,7.23049188774482e-05
2.90109006304844,7.24427531935499e-05
2.90468052104727,7.21024360799579e-05
2.90827097904609,7.20512265771504e-05
2.91186143704491,7.18375721479612e-05
2.91545189504373,7.20704227807371e-05
2.91904235304255,7.17259348466829e-05
2.92263281104138,7.15233590632551e-05
2.9262232690402,7.13364277737402e-05
2.92981372703902,7.13002102062349e-05
2.93340418503784,7.12452159097692e-05
2.93699464303667,7.11113717171106e-05
2.94058510103549,7.10570925725217e-05
2.94417555903431,7.10141754814238e-05
2.94776601703313,7.07175553900411e-05
2.95135647503196,7.07685774072671e-05
2.95494693303078,7.06353615458206e-05
2.9585373910296,7.04164260542828e-05
2.96212784902842,7.07385215026373e-05
2.96571830702724,6.98600014393261e-05
2.96930876502607,7.03759728059239e-05
2.97289922302489,7.01488775033756e-05
2.97648968102371,6.9905758678033e-05
2.98008013902253,6.98597546018455e-05
2.98367059702136,6.96573192565441e-05
2.98726105502018,6.96626716484125e-05
2.990851513019,6.96670256302541e-05
2.99444197101782,6.9658271362633e-05
2.99803242901665,6.95232419692811e-05
3.00162288701547,6.85628973068395e-05
3.00521334501429,6.86293652279184e-05
3.00880380301311,6.86200783625393e-05
3.01239426101194,6.85915455415351e-05
3.01598471901076,6.81861884657864e-05
3.01957517700958,6.82585037117762e-05
3.0231656350084,6.8434207853192e-05
3.02675609300722,6.81097377317373e-05
3.03034655100605,6.78371782318894e-05
3.03393700900487,6.82401701209159e-05
3.03752746700369,6.78913778442149e-05
3.04111792500251,6.76849284249886e-05
3.04470838300134,6.78886884385089e-05
3.04829884100016,6.79725123676565e-05
3.05188929899898,6.73524267467251e-05
3.0554797569978,6.72878069084826e-05
3.05907021499663,6.72740505863429e-05
3.06266067299545,6.7188340303359e-05
3.06625113099427,6.73931610086179e-05
3.06984158899309,6.68987784627865e-05
3.07343204699191,6.64503415310141e-05
3.07702250499074,6.72899981875139e-05
3.08061296298956,6.66573629630868e-05
3.08420342098838,6.6661068233333e-05
3.0877938789872,6.66442251206886e-05
3.09138433698603,6.63175606700282e-05
3.09497479498485,6.63170897112725e-05
3.09856525298367,6.61986214280332e-05
3.10215571098249,6.57208526790299e-05
3.10574616898132,6.63231136335124e-05
3.10933662698014,6.58814987978091e-05
3.11292708497896,6.60455853460561e-05
3.11651754297778,6.5947802028673e-05
3.1201080009766,6.53884102464128e-05
3.12369845897543,6.55879502696495e-05
3.12728891697425,6.53994660344207e-05
3.13087937497307,6.50808934319839e-05
3.13446983297189,6.51582990277751e-05
3.13806029097072,6.50044115308815e-05
3.14165074896954,6.49611062025478e-05
3.14524120696836,6.46454823548238e-05
3.14883166496718,6.48454474244285e-05
3.15242212296601,6.47532250668595e-05
3.15601258096483,6.48805023432171e-05
3.15960303896365,6.46178581323331e-05
3.16319349696247,6.45406961496759e-05
3.1667839549613,6.43870062672359e-05
3.17037441296012,6.4548174365371e-05
3.17396487095894,6.43112230494996e-05
3.17755532895776,6.39798671111753e-05
3.18114578695658,6.40584454297425e-05
3.18473624495541,6.42079344510362e-05
3.18832670295423,6.37016845979738e-05
3.19191716095305,6.37108402791488e-05
3.19550761895187,6.35392739966872e-05
3.1990980769507,6.35623815033219e-05
3.20268853494952,6.33919109909829e-05
3.20627899294834,6.32559937699047e-05
3.20986945094716,6.31903426969096e-05
3.21345990894599,6.30008246974164e-05
3.21705036694481,6.32439616842131e-05
3.22064082494363,6.29852289146924e-05
3.22423128294245,6.29640129716202e-05
3.22782174094128,6.31142869522988e-05
3.2314121989401,6.31031569317922e-05
3.23500265693892,6.27828874075016e-05
3.23859311493774,6.26749340604367e-05
3.24218357293656,6.2682318554715e-05
3.24577403093539,6.25564021901691e-05
3.24936448893421,6.23113982049151e-05
3.25295494693303,6.20945198496149e-05
3.25654540493185,6.23222664790725e-05
3.26013586293068,6.19981353826657e-05
3.2637263209295,6.17876237752431e-05
3.26731677892832,6.20194000321349e-05
3.27090723692714,6.17384060592662e-05
3.27449769492596,6.17316209619261e-05
3.27808815292479,6.17611426559815e-05
3.28167861092361,6.15093854932149e-05
3.28526906892243,6.1617162573798e-05
3.28885952692125,6.13807877166902e-05
3.29244998492008,6.134805932121e-05
3.2960404429189,6.1174215069441e-05
3.29963090091772,6.08857869064613e-05
3.30322135891654,6.10766867305417e-05
3.30681181691537,6.07808027202544e-05
3.31040227491419,6.0825212447391e-05
3.31399273291301,6.07988092103344e-05
3.31758319091183,6.06855455861413e-05
3.32117364891066,6.07805863677809e-05
3.32476410690948,6.05357340179661e-05
3.3283545649083,6.05845204058144e-05
3.33194502290712,6.04847573955918e-05
3.33553548090594,6.02821853147533e-05
3.33912593890477,6.01988861680576e-05
3.34271639690359,6.02481972581289e-05
3.34630685490241,6.01629344217038e-05
3.34989731290123,5.99611159509899e-05
3.35348777090006,6.00353443151554e-05
3.35707822889888,5.99387427115619e-05
3.3606686868977,5.97232408992661e-05
3.36425914489652,5.96349569574207e-05
3.36784960289535,5.95689295044472e-05
3.37144006089417,5.93528590588299e-05
3.37503051889299,5.95175816759586e-05
3.37862097689181,5.93004900139576e-05
3.38221143489063,5.94646636790952e-05
3.38580189288946,5.91766026857806e-05
3.38939235088828,5.91392699500216e-05
3.3929828088871,5.91441483425473e-05
3.39657326688592,5.90883095381136e-05
3.40016372488475,5.89410970923934e-05
3.40375418288357,5.87505403171281e-05
3.40734464088239,5.87737465568204e-05
3.41093509888121,5.87253746661989e-05
3.41452555688004,5.87168041087079e-05
3.41811601487886,5.83852028746524e-05
3.42170647287768,5.84553530510312e-05
3.4252969308765,5.83833820695454e-05
3.42888738887533,5.83163541393347e-05
3.43247784687415,5.81430395151461e-05
3.43606830487297,5.81431840266241e-05
3.43965876287179,5.81388196192871e-05
3.44324922087061,5.79985879095136e-05
3.44683967886944,5.78712221203351e-05
3.45043013686826,5.7943336247771e-05
3.45402059486708,5.78091688239135e-05
3.4576110528659,5.77360190535883e-05
3.46120151086473,5.72930097380381e-05
3.46479196886355,5.74709863040617e-05
3.46838242686237,5.72957517680217e-05
3.47197288486119,5.7474933453679e-05
3.47556334286002,5.73914734343764e-05
3.47915380085884,5.70025910093684e-05
3.48274425885766,5.71163352163567e-05
3.48633471685648,5.72791679851652e-05
3.48992517485531,5.71988948068346e-05
3.49351563285413,5.70190666989965e-05
3.49710609085295,5.68035096878419e-05
3.50069654885177,5.67817908203911e-05
3.50428700685059,5.69327986447655e-05
3.50787746484942,5.68866752000877e-05
3.51146792284824,5.65502384582561e-05
3.51505838084706,5.6438448437077e-05
3.51864883884588,5.63689811001446e-05
3.52223929684471,5.63461189773072e-05
3.52582975484353,5.63243057492653e-05
3.52942021284235,5.61330573635868e-05
3.53301067084117,5.63300550528289e-05
3.53660112884,5.61337462499702e-05
3.54019158683882,5.61551580484585e-05
3.54378204483764,5.60848983098776e-05
3.54737250283646,5.57367871383438e-05
3.55096296083528,5.56974913567043e-05
3.55455341883411,5.58449364933377e-05
3.55814387683293,5.60266760077613e-05
3.56173433483175,5.55974845763015e-05
3.56532479283057,5.55696478354057e-05
3.5689152508294,5.55941567647964e-05
3.57250570882822,5.52943457808528e-05
3.57609616682704,5.51957368504708e-05
3.57968662482586,5.53171640560542e-05
3.58327708282469,5.52783095441102e-05
3.58686754082351,5.53771314125866e-05
3.59045799882233,5.50337046264675e-05
3.59404845682115,5.50995097014237e-05
3.59763891481997,5.48605708944064e-05
3.6012293728188,5.49028348436316e-05
3.60481983081762,5.47975833188535e-05
3.60841028881644,5.47844069902531e-05
3.61200074681526,5.47929413158416e-05
3.61559120481409,5.45914102138847e-05
3.61918166281291,5.4667564483176e-05
3.62277212081173,5.4333789638788e-05
3.62636257881055,5.42031923805238e-05
3.62995303680938,5.4448455901492e-05
3.6335434948082,5.42037937718421e-05
3.63713395280702,5.41240414350048e-05
3.64072441080584,5.42754624436007e-05
3.64431486880467,5.40489093441804e-05
3.64790532680349,5.41309056052108e-05
3.65149578480231,5.39993937434114e-05
3.65508624280113,5.38382616374194e-05
3.65867670079995,5.40494302166088e-05
3.66226715879878,5.37213900206881e-05
3.6658576167976,5.38830795414009e-05
3.66944807479642,5.36822730406481e-05
3.67303853279524,5.36239208441053e-05
3.67662899079407,5.36391039445991e-05
3.68021944879289,5.34245258741156e-05
3.68380990679171,5.34369421469836e-05
3.68740036479053,5.33804263537536e-05
3.69099082278936,5.3305034080321e-05
3.69458128078818,5.32559175527275e-05
3.698171738787,5.30846280534071e-05
3.70176219678582,5.3029642189951e-05
3.70535265478464,5.29735687718817e-05
3.70894311278347,5.30632409604264e-05
3.71253357078229,5.2941573109075e-05
3.71612402878111,5.27912860656363e-05
3.71971448677993,5.29586189308619e-05
3.72330494477876,5.27299622891493e-05
3.72689540277758,5.26634530033716e-05
3.7304858607764,5.26786443672591e-05
3.73407631877522,5.26001618002639e-05
3.73766677677405,5.26506774105725e-05
3.74125723477287,5.24400072346446e-05
3.74484769277169,5.25253512138423e-05
3.74843815077051,5.23179328603823e-05
3.75202860876934,5.21989905129475e-05
3.75561906676816,5.21457377259958e-05
3.75920952476698,5.20429162463913e-05
3.7627999827658,5.19640028506627e-05
3.76639044076462,5.1930654441142e-05
3.76998089876345,5.18819540629024e-05
3.77357135676227,5.18517821725764e-05
3.77716181476109,5.17346948034265e-05
3.78075227275991,5.17507560129021e-05
3.78434273075874,5.17463501139858e-05
3.78793318875756,5.1640540483339e-05
3.79152364675638,5.16346141315898e-05
3.7951141047552,5.14442216736025e-05
3.79870456275403,5.14621814153337e-05
3.80229502075285,5.14232941938807e-05
3.80588547875167,5.13184856862382e-05
3.80947593675049,5.13212306155163e-05
3.81306639474931,5.11923394764212e-05
3.81665685274814,5.12059335936219e-05
3.82024731074696,5.1113183650408e-05
3.82383776874578,5.09642273997895e-05
3.8274282267446,5.1173267260311e-05
3.83101868474343,5.09722113693643e-05
3.83460914274225,5.09022402340944e-05
3.83819960074107,5.09786055210898e-05
3.84179005873989,5.08051069161271e-05
3.84538051673872,5.09239252624232e-05
3.84897097473754,5.06254287767839e-05
3.85256143273636,5.06596681522434e-05
3.85615189073518,5.06837075410913e-05
3.85974234873401,5.03625901435145e-05
3.86333280673283,5.0453358198572e-05
3.86692326473165,5.03157084491088e-05
3.87051372273047,5.03494070253648e-05
3.87410418072929,5.03473365764078e-05
3.87769463872812,5.00989266381851e-05
3.88128509672694,5.02832648471097e-05
3.88487555472576,5.02170766575591e-05
3.88846601272458,5.00885224282769e-05
3.89205647072341,5.02047498662292e-05
3.89564692872223,4.99798522988428e-05
3.89923738672105,5.01658649691353e-05
3.90282784471987,4.99910953313482e-05
3.9064183027187,4.98449696605073e-05
3.91000876071752,4.99354588360921e-05
3.91359921871634,4.973685318725e-05
3.91718967671516,4.97289878546113e-05
3.92078013471399,4.95078066999585e-05
3.92437059271281,4.95119340180456e-05
3.92796105071163,4.95413235087747e-05
3.93155150871045,4.93794005584701e-05
3.93514196670927,4.93578096014751e-05
3.9387324247081,4.92392980245732e-05
3.94232288270692,4.93558139775368e-05
3.94591334070574,4.92777494145734e-05
3.94950379870456,4.9281758911437e-05
3.95309425670339,4.92005181844753e-05
3.95668471470221,4.90442916750176e-05
3.96027517270103,4.90460346892937e-05
3.96386563069985,4.9003255266052e-05
3.96745608869867,4.89310122776214e-05
3.9710465466975,4.89107301273411e-05
3.97463700469632,4.86724297404482e-05
3.97822746269514,4.87626521351571e-05
3.98181792069396,4.88129988842375e-05
3.98540837869279,4.86496090425075e-05
3.98899883669161,4.88817648622446e-05
3.99258929469043,4.85476103066553e-05
3.99617975268925,4.86579721926121e-05
3.99977021068808,4.8769636836179e-05
4.0033606686869,4.86026087334122e-05
4.00695112668572,4.84809415110124e-05
4.01054158468454,4.8291606252407e-05
4.01413204268337,4.82436399546707e-05
4.01772250068219,4.83600502359738e-05
4.02131295868101,4.8188737282722e-05
4.02490341667983,4.78668347601401e-05
4.02849387467865,4.77538964832653e-05
4.03208433267748,4.8168280624354e-05
4.0356747906763,4.78974687194871e-05
4.03926524867512,4.77867804203829e-05
4.04285570667394,4.77828406902447e-05
4.04644616467277,4.78060791709889e-05
4.05003662267159,4.77998273110055e-05
4.05362708067041,4.77411111063614e-05
4.05721753866923,4.75917538779877e-05
4.06080799666806,4.77152703831173e-05
4.06439845466688,4.76582027859835e-05
4.0679889126657,4.74305209345614e-05
4.07157937066452,4.75536880951156e-05
4.07516982866334,4.75265443201942e-05
4.07876028666217,4.73404890698432e-05
4.08235074466099,4.74020926665458e-05
4.08594120265981,4.72444989328552e-05
4.08953166065863,4.71896494144837e-05
4.09312211865746,4.72752875893621e-05
4.09671257665628,4.71402093105092e-05
4.1003030346551,4.70786883465728e-05
4.10389349265392,4.71115570549116e-05
4.10748395065275,4.70561803193578e-05
4.11107440865157,4.69161416428551e-05
4.11466486665039,4.69912772371978e-05
4.11825532464921,4.67878011500938e-05
4.12184578264803,4.67788123500574e-05
4.12543624064686,4.69227989498061e-05
4.12902669864568,4.66535988721387e-05
4.1326171566445,4.66156936494154e-05
4.13620761464332,4.65781195014989e-05
4.13979807264215,4.65111005533263e-05
4.14338853064097,4.65964175345338e-05
4.14697898863979,4.64008387339672e-05
4.15056944663861,4.64457581742563e-05
4.15415990463744,4.64340405247921e-05
4.15775036263626,4.62674568215378e-05
4.16134082063508,4.62674304885687e-05
4.1649312786339,4.61971911120039e-05
4.16852173663272,4.62683630382809e-05
4.17211219463155,4.61079186585171e-05
4.17570265263037,4.60280569970976e-05
4.17929311062919,4.60799860353989e-05
4.18288356862801,4.59782896841874e-05
4.18647402662684,4.59885963297279e-05
4.19006448462566,4.59402314418215e-05
4.19365494262448,4.58904691094091e-05
4.1972454006233,4.58591753815167e-05
4.20083585862213,4.57042451430046e-05
4.20442631662095,4.57530143589999e-05
4.20801677461977,4.57127328339348e-05
4.21160723261859,4.56168624371843e-05
4.21519769061742,4.56106113768542e-05
4.21878814861624,4.55665632965908e-05
4.22237860661506,4.54772502275926e-05
4.22596906461388,4.55255806220469e-05
4.22955952261271,4.53975920522859e-05
4.23314998061153,4.54766671659717e-05
4.23674043861035,4.53324240859358e-05
4.24033089660917,4.52740922651928e-05
4.24392135460799,4.52192006698017e-05
4.24751181260682,4.52089362362211e-05
4.25110227060564,4.51190604127506e-05
4.25469272860446,4.51296512986273e-05
4.25828318660328,4.49715227894531e-05
4.26187364460211,4.49854245585953e-05
4.26546410260093,4.49805146498993e-05
4.26905456059975,4.48902578820918e-05
4.27264501859857,4.48829664645777e-05
4.2762354765974,4.48461846779782e-05
4.27982593459622,4.49402262941617e-05
4.28341639259504,4.47756557498403e-05
4.28700685059386,4.47670286681873e-05
4.29059730859268,4.47400252948922e-05
4.29418776659151,4.46583660452182e-05
4.29777822459033,4.46121987304566e-05
4.30136868258915,4.45805656383968e-05
4.30495914058797,4.4595817157229e-05
4.3085495985868,4.44700320074837e-05
4.31214005658562,4.44340458845743e-05
4.31573051458444,4.43708426976907e-05
4.31932097258326,4.43299779078728e-05
4.32291143058209,4.43341413959241e-05
4.32650188858091,4.41786184971238e-05
4.33009234657973,4.42927194309957e-05
4.33368280457855,4.42004313797771e-05
4.33727326257737,4.40727243333914e-05
4.3408637205762,4.42023679199263e-05
4.34445417857502,4.39985817543259e-05
4.34804463657384,4.40093716495005e-05
4.35163509457266,4.40175861051134e-05
4.35522555257149,4.38830634460446e-05
4.35881601057031,4.39396898988351e-05
4.36240646856913,4.3738278824013e-05
4.36599692656795,4.37893431569839e-05
4.36958738456678,4.36981245209653e-05
4.3731778425656,4.35733516110767e-05
4.37676830056442,4.37429147388274e-05
4.38035875856324,4.36039654550875e-05
4.38394921656207,4.36399151803224e-05
4.38753967456089,4.36110748134946e-05
4.39113013255971,4.3581339808251e-05
4.39472059055853,4.35301720374805e-05
4.39831104855736,4.3487917377397e-05
4.40190150655618,4.34277402582494e-05
4.405491964555,4.34130574006031e-05
4.40908242255382,4.33286234789632e-05
4.41267288055264,4.32739485341958e-05
4.41626333855147,4.32407375572158e-05
4.41985379655029,4.31232683686893e-05
4.42344425454911,4.30307361589188e-05
4.42703471254793,4.3046730593172e-05
4.43062517054676,4.29692545119515e-05
4.43421562854558,4.3052701109265e-05
4.4378060865444,4.29828478328024e-05
4.44139654454322,4.3051125818702e-05
4.44498700254205,4.2869604609363e-05
4.44857746054087,4.28970084348816e-05
4.45216791853969,4.2859718647907e-05
4.45575837653851,4.28330430729246e-05
4.45934883453733,4.28361589019212e-05
4.46293929253616,4.27896154975901e-05
4.46652975053498,4.28219930869919e-05
4.4701202085338,4.26456376406652e-05
4.47371066653262,4.26926667171597e-05
4.47730112453145,4.25744817661716e-05
4.48089158253027,4.2447632429427e-05
4.48448204052909,4.24673222572865e-05
4.48807249852791,4.24394997173422e-05
4.49166295652673,4.24584382359584e-05
4.49525341452556,4.2446973684922e-05
4.49884387252438,4.23476393643061e-05
4.5024343305232,4.23101841272484e-05
4.50602478852202,4.22719151508421e-05
4.50961524652085,4.22224911713544e-05
4.51320570451967,4.22498701740678e-05
4.51679616251849,4.21031360344581e-05
4.52038662051731,4.20880172101464e-05
4.52397707851614,4.20832204484812e-05
4.52756753651496,4.20340174908529e-05
4.53115799451378,4.20178346988825e-05
4.5347484525126,4.19944702598875e-05
4.53833891051143,4.18452628120272e-05
4.54192936851025,4.19524287937307e-05
4.54551982650907,4.18870095228969e-05
4.54911028450789,4.1894025383402e-05
4.55270074250671,4.17693635836996e-05
4.55629120050554,4.18242602370685e-05
4.55988165850436,4.1720468904295e-05
4.56347211650318,4.16324864618477e-05
4.567062574502,4.16532701798977e-05
4.57065303250083,4.15999800340308e-05
4.57424349049965,4.14971442284055e-05
4.57783394849847,4.16193975435069e-05
4.58142440649729,4.13972311320236e-05
4.58501486449612,4.14112185933191e-05
4.58860532249494,4.14487861555102e-05
4.59219578049376,4.13843705210816e-05
4.59578623849258,4.12753204976282e-05
4.59937669649141,4.1323982071858e-05
4.60296715449023,4.13080710214048e-05
4.60655761248905,4.12915058253053e-05
4.61014807048787,4.12152455681048e-05
4.61373852848669,4.11163629868279e-05
4.61732898648552,4.11284792047378e-05
4.62091944448434,4.10636633106119e-05
4.62450990248316,4.1078383962593e-05
4.62810036048198,4.09689370075286e-05
4.63169081848081,4.09930410655018e-05
4.63528127647963,4.09839657571381e-05
4.63887173447845,4.08663191783855e-05
4.64246219247727,4.09162030348503e-05
4.6460526504761,4.09025003026318e-05
4.64964310847492,4.07833344923281e-05
4.65323356647374,4.08820382337224e-05
4.65682402447256,4.06740706571772e-05
4.66041448247138,4.07033594179244e-05
4.66400494047021,4.07318706214645e-05
4.66759539846903,4.0642046671719e-05
4.67118585646785,4.06040213771062e-05
4.67477631446667,4.05587168490029e-05
4.6783667724655,4.05028981430426e-05
4.68195723046432,4.046999756409e-05
4.68554768846314,4.04210834284164e-05
4.68913814646196,4.034440421384e-05
4.69272860446079,4.03405689509081e-05
4.69631906245961,4.03258540837919e-05
4.69990952045843,4.02766444180047e-05
4.70349997845725,4.03064882240074e-05
4.70709043645607,4.02750066831399e-05
4.7106808944549,4.02203052673531e-05
4.71427135245372,4.01915769784867e-05
4.71786181045254,4.01676692389034e-05
4.72145226845136,4.01117795223911e-05
4.72504272645019,4.0123678047937e-05
4.72863318444901,4.00790420446881e-05
4.73222364244783,4.0052070439386e-05
4.73581410044665,3.99373322631261e-05
4.73940455844548,4.00033693846106e-05
4.7429950164443,3.98949757268858e-05
4.74658547444312,3.9834185524559e-05
4.75017593244194,3.98472190367751e-05
4.75376639044077,3.97627469564847e-05
4.75735684843959,3.97529452930384e-05
4.76094730643841,3.97179568012824e-05
4.76453776443723,3.97417784553125e-05
4.76812822243606,3.97309709529858e-05
4.77171868043488,3.96385738515636e-05
4.7753091384337,3.95977429045541e-05
4.77889959643252,3.96023664904427e-05
4.78249005443134,3.95087949929775e-05
4.78608051243017,3.94953081267664e-05
4.78967097042899,3.94409963603503e-05
4.79326142842781,3.94576808937165e-05
4.79685188642663,3.93796542888086e-05
4.80044234442546,3.93738482282499e-05
4.80403280242428,3.93516551063072e-05
4.8076232604231,3.92921113676029e-05
4.81121371842192,3.93090065228533e-05
4.81480417642075,3.92889933301462e-05
4.81839463441957,3.9192746957375e-05
4.82198509241839,3.91615172819575e-05
4.82557555041721,3.92349863061783e-05
4.82916600841603,3.91056003932006e-05
4.83275646641486,3.90654508729748e-05
4.83634692441368,3.91126897640534e-05
4.8399373824125,3.90376186163533e-05
4.84352784041132,3.90108297435476e-05
4.84711829841015,3.89522881095574e-05
4.85070875640897,3.88531373230974e-05
4.85429921440779,3.89341269930396e-05
4.85788967240661,3.88579856197977e-05
4.86148013040544,3.88142037226908e-05
4.86507058840426,3.88136639301633e-05
4.86866104640308,3.88596467177887e-05
4.8722515044019,3.87039198667306e-05
4.87584196240072,3.87808041176357e-05
4.87943242039955,3.86433384114402e-05
4.88302287839837,3.86834746788911e-05
4.88661333639719,3.86237326699037e-05
4.89020379439601,3.8587070829587e-05
4.89379425239484,3.85141352353488e-05
4.89738471039366,3.84697944050983e-05
4.90097516839248,3.84321297464422e-05
4.9045656263913,3.84324540049316e-05
4.90815608439013,3.8307814708066e-05
4.91174654238895,3.8430830511526e-05
4.91533700038777,3.826956277449e-05
4.91892745838659,3.83061480653792e-05
4.92251791638541,3.82791252080711e-05
4.92610837438424,3.82590658010015e-05
4.92969883238306,3.83319655614234e-05
4.93328929038188,3.82564572186397e-05
4.9368797483807,3.81071590045484e-05
4.94047020637953,3.81558635296885e-05
4.94406066437835,3.8116436956159e-05
4.94765112237717,3.81041895422525e-05
4.95124158037599,3.81171761338414e-05
4.95483203837482,3.80332263154e-05
4.95842249637364,3.8019903944924e-05
4.96201295437246,3.79897842248549e-05
4.96560341237128,3.79100826213414e-05
4.96919387037011,3.77769089324236e-05
4.97278432836893,3.78415071249638e-05
4.97637478636775,3.79617747182804e-05
4.97996524436657,3.78448565448434e-05
4.98355570236539,3.77462611157875e-05
4.98714616036422,3.76566182587937e-05
4.99073661836304,3.77298458846343e-05
4.99432707636186,3.75898414240038e-05
4.99791753436068,3.74549837652525e-05
